[[7140284760,7140284293,7140284469,7140284566,7140284514,7140284643,7140284422,7140284454,7140284887],[7140284760,4035591755,2969677051,1709315402,7140284778]]
[[7140284760,7140284293,7140284469,7140284566,7140284514,7140284643,7140284422,7140284454],[7140284760,4035591755,2969677051,1709315402,7140284778]]
[[7140284760,7140284293,7140284469,7140284566,7140284514,7140284643,7140284422],[7140284760,4035591755,2969677051,1709315402,7140284778]]
[[7140284760,7140284293,7140284469,7140284566,7140284514,7140284643],[7140284760,4035591755,2969677051,1709315402,7140284778]]
[[7140284760,7140284293,7140284469,7140284566,7140284514],[7140284760,4035591755,2969677051,1709315402,7140284778]]
[[7140284760,7140284293,7140284469,7140284566],[7140284760,4035591755,2969677051,1709315402,7140284778]]
[[7140284760,7140284293,7140284469],[7140284760,4035591755,2969677051,1709315402,7140284778]]
[[7140284760,7140284293,7140284469,7140284566,7140284514,7140284643,7140284422,7140284454,7140284887],[7140284760,4035591755,2969677051,1709315402]]
[[7140284760,7140284293,7140284469,7140284566,7140284514,7140284643,7140284422,7140284454],[7140284760,4035591755,2969677051,1709315402]]
[[7140284760,7140284293,7140284469,7140284566,7140284514,7140284643,7140284422],[7140284760,4035591755,2969677051,1709315402]]
[[7140284760,7140284293,7140284469,7140284566,7140284514,7140284643],[7140284760,4035591755,2969677051,1709315402]]
[[7140284760,7140284293,7140284469,7140284566,7140284514],[7140284760,4035591755,2969677051,1709315402]]
[[7140284760,7140284293,7140284469,7140284566],[7140284760,4035591755,2969677051,1709315402]]
[[7140284760,7140284293,7140284469],[7140284760,4035591755,2969677051,1709315402]]
[[7140284760,7140284293,7140284469,7140284566,7140284514],[7140284760,4035591755,2969677051]]
[[7140284760,7140284293,7140284469,7140284566],[7140284760,4035591755,2969677051]]
[[7140284760,7140284293,7140284469],[7140284760,4035591755,2969677051]]
[[7140284760,4035591752,4035591753,7140284861,9867987729,4035591754,5901392434,7140306105,2969676462,5901392437,9675953871,9675953881,8463691383],[7140284760,7140284293,7140284469,7140284566,7140284514,7140284643,7140284422,7140284454,7140284887,7140284452,8959179636,9675954022]]
[[7140284760,4035591752,4035591753,7140284861,9867987729,4035591754,5901392434,7140306105,2969676462,5901392437,9675953871,9675953881],[7140284760,7140284293,7140284469,7140284566,7140284514,7140284643,7140284422,7140284454,7140284887,7140284452,8959179636,9675954022]]
[[7140284760,4035591752,4035591753,7140284861,9867987729,4035591754,5901392434,7140306105,2969676462,5901392437,9675953871,9675953881,8463691383],[7140284760,7140284293,7140284469,7140284566,7140284514,7140284643,7140284422,7140284454,7140284887,7140284452,8959179636]]
[[7140284760,4035591752,4035591753,7140284861,9867987729,4035591754,5901392434,7140306105,2969676462,5901392437,9675953871,9675953881],[7140284760,7140284293,7140284469,7140284566,7140284514,7140284643,7140284422,7140284454,7140284887,7140284452,8959179636]]
[[7140284760,4035591752,4035591753,7140284861,9867987729,4035591754,5901392434,7140306105,2969676462,5901392437,9675953871,9675953881,8463691383],[7140284760,7140284293,7140284469,7140284566,7140284514,7140284643,7140284422,7140284454,7140284887,7140284452]]
[[7140284760,4035591752,4035591753,7140284861,9867987729,4035591754,5901392434,7140306105,2969676462,5901392437,9675953871,9675953881],[7140284760,7140284293,7140284469,7140284566,7140284514,7140284643,7140284422,7140284454,7140284887,7140284452]]
[[7140284760,4035591752,4035591753,7140284861,9867987729,4035591754,5901392434,7140306105,2969676462,5901392437,9675953871],[7140284760,7140284293,7140284469,7140284566,7140284514,7140284643,7140284422,7140284454,7140284887,7140284452]]
[[7140284760,4035591752,4035591753,7140284861,9867987729,4035591754,5901392434,7140306105,2969676462,5901392437,9675953871,9675953881,8463691383],[7140284760,7140284293,7140284469,7140284566,7140284514,7140284643,7140284422,7140284454,7140284887]]
[[7140284760,4035591752,4035591753,7140284861,9867987729,4035591754,5901392434,7140306105,2969676462,5901392437,9675953871,9675953881],[7140284760,7140284293,7140284469,7140284566,7140284514,7140284643,7140284422,7140284454,7140284887]]
[[7140284760,4035591752,4035591753,7140284861,9867987729,4035591754,5901392434,7140306105,2969676462,5901392437,9675953871],[7140284760,7140284293,7140284469,7140284566,7140284514,7140284643,7140284422,7140284454,7140284887]]
[[7140284760,4035591752,4035591753,7140284861,9867987729,4035591754,5901392434,7140306105,2969676462,5901392437],[7140284760,7140284293,7140284469,7140284566,7140284514,7140284643,7140284422,7140284454,7140284887]]
[[7140284760,4035591752,4035591753,7140284861,9867987729,4035591754,5901392434,7140306105,2969676462,5901392437,9675953871,9675953881,8463691383],[7140284760,7140284293,7140284469,7140284566,7140284514,7140284643,7140284422,7140284454]]
[[7140284760,4035591752,4035591753,7140284861,9867987729,4035591754,5901392434,7140306105,2969676462,5901392437,9675953871,9675953881],[7140284760,7140284293,7140284469,7140284566,7140284514,7140284643,7140284422,7140284454]]
[[7140284760,4035591752,4035591753,7140284861,9867987729,4035591754,5901392434,7140306105,2969676462,5901392437,9675953871],[7140284760,7140284293,7140284469,7140284566,7140284514,7140284643,7140284422,7140284454]]
[[7140284760,4035591752,4035591753,7140284861,9867987729,4035591754,5901392434,7140306105,2969676462,5901392437],[7140284760,7140284293,7140284469,7140284566,7140284514,7140284643,7140284422,7140284454]]
[[7140284760,4035591752,4035591753,7140284861,9867987729,4035591754,5901392434,7140306105,2969676462],[7140284760,7140284293,7140284469,7140284566,7140284514,7140284643,7140284422,7140284454]]
[[7140284760,4035591752,4035591753,7140284861,9867987729,4035591754,5901392434,7140306105],[7140284760,7140284293,7140284469,7140284566,7140284514,7140284643,7140284422,7140284454]]
[[7140284760,4035591752,4035591753,7140284861,9867987729,4035591754,5901392434,7140306105,2969676462,5901392437,9675953871,9675953881,8463691383],[7140284760,7140284293,7140284469,7140284566,7140284514,7140284643,7140284422]]
[[7140284760,4035591752,4035591753,7140284861,9867987729,4035591754,5901392434,7140306105,2969676462,5901392437,9675953871,9675953881],[7140284760,7140284293,7140284469,7140284566,7140284514,7140284643,7140284422]]
[[7140284760,4035591752,4035591753,7140284861,9867987729,4035591754,5901392434,7140306105,2969676462,5901392437,9675953871],[7140284760,7140284293,7140284469,7140284566,7140284514,7140284643,7140284422]]
[[7140284760,4035591752,4035591753,7140284861,9867987729,4035591754,5901392434,7140306105,2969676462,5901392437],[7140284760,7140284293,7140284469,7140284566,7140284514,7140284643,7140284422]]
[[7140284760,4035591752,4035591753,7140284861,9867987729,4035591754,5901392434,7140306105,2969676462],[7140284760,7140284293,7140284469,7140284566,7140284514,7140284643,7140284422]]
[[7140284760,4035591752,4035591753,7140284861,9867987729,4035591754,5901392434,7140306105],[7140284760,7140284293,7140284469,7140284566,7140284514,7140284643,7140284422]]
[[7140284760,4035591752,4035591753,7140284861,9867987729,4035591754,5901392434],[7140284760,7140284293,7140284469,7140284566,7140284514,7140284643,7140284422]]
[[7140284760,4035591752,4035591753,7140284861,9867987729,4035591754,5901392434,7140306105,2969676462,5901392437,9675953871,9675953881,8463691383],[7140284760,7140284293,7140284469,7140284566,7140284514,7140284643]]
[[7140284760,4035591752,4035591753,7140284861,9867987729,4035591754,5901392434,7140306105,2969676462,5901392437,9675953871,9675953881],[7140284760,7140284293,7140284469,7140284566,7140284514,7140284643]]
[[7140284760,4035591752,4035591753,7140284861,9867987729,4035591754,5901392434,7140306105,2969676462,5901392437,9675953871],[7140284760,7140284293,7140284469,7140284566,7140284514,7140284643]]
[[7140284760,4035591752,4035591753,7140284861,9867987729,4035591754,5901392434,7140306105,2969676462,5901392437],[7140284760,7140284293,7140284469,7140284566,7140284514,7140284643]]
[[7140284760,4035591752,4035591753,7140284861,9867987729,4035591754,5901392434,7140306105,2969676462],[7140284760,7140284293,7140284469,7140284566,7140284514,7140284643]]
[[7140284760,4035591752,4035591753,7140284861,9867987729,4035591754,5901392434,7140306105],[7140284760,7140284293,7140284469,7140284566,7140284514,7140284643]]
[[7140284760,4035591752,4035591753,7140284861,9867987729,4035591754,5901392434],[7140284760,7140284293,7140284469,7140284566,7140284514,7140284643]]
[[7140284760,4035591752,4035591753,7140284861,9867987729,4035591754,5901392434,7140306105,2969676462,5901392437],[7140284760,7140284293,7140284469,7140284566,7140284514]]
[[7140284760,4035591752,4035591753,7140284861,9867987729,4035591754,5901392434,7140306105,2969676462],[7140284760,7140284293,7140284469,7140284566,7140284514]]
[[7140284760,4035591752,4035591753,7140284861,9867987729,4035591754,5901392434,7140306105],[7140284760,7140284293,7140284469,7140284566,7140284514]]
[[7140284760,4035591752,4035591753,7140284861,9867987729,4035591754,5901392434],[7140284760,7140284293,7140284469,7140284566,7140284514]]
[[7140284760,4035591752,4035591753,7140284861,9867987729,4035591754],[7140284760,7140284293,7140284469,7140284566,7140284514]]
[[7140284760,4035591752,4035591753,7140284861,9867987729],[7140284760,7140284293,7140284469,7140284566,7140284514]]
[[7140284760,4035591752,4035591753,7140284861,9867987729,4035591754,5901392434,7140306105,2969676462,5901392437],[7140284760,7140284293,7140284469,7140284566]]
[[7140284760,4035591752,4035591753,7140284861,9867987729,4035591754,5901392434,7140306105,2969676462],[7140284760,7140284293,7140284469,7140284566]]
[[7140284760,4035591752,4035591753,7140284861,9867987729,4035591754,5901392434,7140306105],[7140284760,7140284293,7140284469,7140284566]]
[[7140284760,4035591752,4035591753,7140284861,9867987729,4035591754,5901392434],[7140284760,7140284293,7140284469,7140284566]]
[[7140284760,4035591752,4035591753,7140284861,9867987729,4035591754],[7140284760,7140284293,7140284469,7140284566]]
[[7140284760,4035591752,4035591753,7140284861,9867987729],[7140284760,7140284293,7140284469,7140284566]]
[[7140284760,4035591752,4035591753,7140284861],[7140284760,7140284293,7140284469,7140284566]]
[[7140284760,4035591752,4035591753],[7140284760,7140284293,7140284469,7140284566]]
[[7140284760,4035591752,4035591753,7140284861,9867987729,4035591754,5901392434,7140306105,2969676462,5901392437],[7140284760,7140284293,7140284469]]
[[7140284760,4035591752,4035591753,7140284861,9867987729,4035591754,5901392434,7140306105,2969676462],[7140284760,7140284293,7140284469]]
[[7140284760,4035591752,4035591753,7140284861,9867987729,4035591754,5901392434,7140306105],[7140284760,7140284293,7140284469]]
[[7140284760,4035591752,4035591753,7140284861,9867987729,4035591754,5901392434],[7140284760,7140284293,7140284469]]
[[7140284760,4035591752,4035591753,7140284861,9867987729,4035591754],[7140284760,7140284293,7140284469]]
[[7140284760,4035591752,4035591753,7140284861,9867987729],[7140284760,7140284293,7140284469]]
[[7140284760,4035591752,4035591753,7140284861],[7140284760,7140284293,7140284469]]
[[7140284760,4035591752,4035591753],[7140284760,7140284293,7140284469]]
[[7140284760,4035591752,4035591753,7140284861],[7140284760,7140284293]]
[[7140284760,4035591752,4035591753],[7140284760,7140284293]]
[[7140284760,4035591752],[7140284760,7140284293]]
[[7140284760,7140284461,7140284733,7140284779,7140284654,7140284690,7140284567,7140284328,7140284632,7140284583,7140284748,7140284299,7140284817,7140284356,7140284449,7140284357],[7140284760,4035591752,4035591753,7140284861,9867987729,4035591754,5901392434,7140306105,2969676462,5901392437,9675953871,9675953881,8463691383]]
[[7140284760,7140284461,7140284733,7140284779,7140284654,7140284690,7140284567,7140284328,7140284632,7140284583,7140284748,7140284299,7140284817,7140284356,7140284449],[7140284760,4035591752,4035591753,7140284861,9867987729,4035591754,5901392434,7140306105,2969676462,5901392437,9675953871,9675953881,8463691383]]
[[7140284760,7140284461,7140284733,7140284779,7140284654,7140284690,7140284567,7140284328,7140284632,7140284583,7140284748,7140284299,7140284817,7140284356],[7140284760,4035591752,4035591753,7140284861,9867987729,4035591754,5901392434,7140306105,2969676462,5901392437,9675953871,9675953881,8463691383]]
[[7140284760,7140284461,7140284733,7140284779,7140284654,7140284690,7140284567,7140284328,7140284632,7140284583,7140284748,7140284299,7140284817,7140284356,7140284449,7140284357],[7140284760,4035591752,4035591753,7140284861,9867987729,4035591754,5901392434,7140306105,2969676462,5901392437,9675953871,9675953881]]
[[7140284760,7140284461,7140284733,7140284779,7140284654,7140284690,7140284567,7140284328,7140284632,7140284583,7140284748,7140284299,7140284817,7140284356,7140284449],[7140284760,4035591752,4035591753,7140284861,9867987729,4035591754,5901392434,7140306105,2969676462,5901392437,9675953871,9675953881]]
[[7140284760,7140284461,7140284733,7140284779,7140284654,7140284690,7140284567,7140284328,7140284632,7140284583,7140284748,7140284299,7140284817,7140284356],[7140284760,4035591752,4035591753,7140284861,9867987729,4035591754,5901392434,7140306105,2969676462,5901392437,9675953871,9675953881]]
[[7140284760,7140284461,7140284733,7140284779,7140284654,7140284690,7140284567,7140284328,7140284632,7140284583,7140284748,7140284299,7140284817,7140284356,7140284449,7140284357],[7140284760,4035591752,4035591753,7140284861,9867987729,4035591754,5901392434,7140306105,2969676462,5901392437,9675953871]]
[[7140284760,7140284461,7140284733,7140284779,7140284654,7140284690,7140284567,7140284328,7140284632,7140284583,7140284748,7140284299,7140284817,7140284356,7140284449],[7140284760,4035591752,4035591753,7140284861,9867987729,4035591754,5901392434,7140306105,2969676462,5901392437,9675953871]]
[[7140284760,7140284461,7140284733,7140284779,7140284654,7140284690,7140284567,7140284328,7140284632,7140284583,7140284748,7140284299,7140284817,7140284356],[7140284760,4035591752,4035591753,7140284861,9867987729,4035591754,5901392434,7140306105,2969676462,5901392437,9675953871]]
[[7140284760,7140284461,7140284733,7140284779,7140284654,7140284690,7140284567,7140284328,7140284632,7140284583,7140284748,7140284299,7140284817],[7140284760,4035591752,4035591753,7140284861,9867987729,4035591754,5901392434,7140306105,2969676462,5901392437,9675953871]]
[[7140284760,7140284461,7140284733,7140284779,7140284654,7140284690,7140284567,7140284328,7140284632,7140284583,7140284748,7140284299,7140284817,7140284356,7140284449,7140284357],[7140284760,4035591752,4035591753,7140284861,9867987729,4035591754,5901392434,7140306105,2969676462,5901392437]]
[[7140284760,7140284461,7140284733,7140284779,7140284654,7140284690,7140284567,7140284328,7140284632,7140284583,7140284748,7140284299,7140284817,7140284356,7140284449],[7140284760,4035591752,4035591753,7140284861,9867987729,4035591754,5901392434,7140306105,2969676462,5901392437]]
[[7140284760,7140284461,7140284733,7140284779,7140284654,7140284690,7140284567,7140284328,7140284632,7140284583,7140284748,7140284299,7140284817,7140284356],[7140284760,4035591752,4035591753,7140284861,9867987729,4035591754,5901392434,7140306105,2969676462,5901392437]]
[[7140284760,7140284461,7140284733,7140284779,7140284654,7140284690,7140284567,7140284328,7140284632,7140284583,7140284748,7140284299,7140284817],[7140284760,4035591752,4035591753,7140284861,9867987729,4035591754,5901392434,7140306105,2969676462,5901392437]]
[[7140284760,7140284461,7140284733,7140284779,7140284654,7140284690,7140284567,7140284328,7140284632,7140284583,7140284748,7140284299],[7140284760,4035591752,4035591753,7140284861,9867987729,4035591754,5901392434,7140306105,2969676462,5901392437]]
[[7140284760,7140284461,7140284733,7140284779,7140284654,7140284690,7140284567,7140284328,7140284632,7140284583,7140284748],[7140284760,4035591752,4035591753,7140284861,9867987729,4035591754,5901392434,7140306105,2969676462,5901392437]]
[[7140284760,7140284461,7140284733,7140284779,7140284654,7140284690,7140284567,7140284328,7140284632,7140284583],[7140284760,4035591752,4035591753,7140284861,9867987729,4035591754,5901392434,7140306105,2969676462,5901392437]]
[[7140284760,7140284461,7140284733,7140284779,7140284654,7140284690,7140284567,7140284328,7140284632,7140284583,7140284748,7140284299,7140284817,7140284356,7140284449,7140284357],[7140284760,4035591752,4035591753,7140284861,9867987729,4035591754,5901392434,7140306105,2969676462]]
[[7140284760,7140284461,7140284733,7140284779,7140284654,7140284690,7140284567,7140284328,7140284632,7140284583,7140284748,7140284299,7140284817,7140284356,7140284449],[7140284760,4035591752,4035591753,7140284861,9867987729,4035591754,5901392434,7140306105,2969676462]]
[[7140284760,7140284461,7140284733,7140284779,7140284654,7140284690,7140284567,7140284328,7140284632,7140284583,7140284748,7140284299,7140284817,7140284356],[7140284760,4035591752,4035591753,7140284861,9867987729,4035591754,5901392434,7140306105,2969676462]]
[[7140284760,7140284461,7140284733,7140284779,7140284654,7140284690,7140284567,7140284328,7140284632,7140284583,7140284748,7140284299,7140284817],[7140284760,4035591752,4035591753,7140284861,9867987729,4035591754,5901392434,7140306105,2969676462]]
[[7140284760,7140284461,7140284733,7140284779,7140284654,7140284690,7140284567,7140284328,7140284632,7140284583,7140284748,7140284299],[7140284760,4035591752,4035591753,7140284861,9867987729,4035591754,5901392434,7140306105,2969676462]]
[[7140284760,7140284461,7140284733,7140284779,7140284654,7140284690,7140284567,7140284328,7140284632,7140284583,7140284748],[7140284760,4035591752,4035591753,7140284861,9867987729,4035591754,5901392434,7140306105,2969676462]]
[[7140284760,7140284461,7140284733,7140284779,7140284654,7140284690,7140284567,7140284328,7140284632,7140284583],[7140284760,4035591752,4035591753,7140284861,9867987729,4035591754,5901392434,7140306105,2969676462]]
[[7140284760,7140284461,7140284733,7140284779,7140284654,7140284690,7140284567,7140284328,7140284632,7140284583,7140284748,7140284299,7140284817,7140284356,7140284449,7140284357],[7140284760,4035591752,4035591753,7140284861,9867987729,4035591754,5901392434,7140306105]]
[[7140284760,7140284461,7140284733,7140284779,7140284654,7140284690,7140284567,7140284328,7140284632,7140284583,7140284748,7140284299,7140284817,7140284356,7140284449],[7140284760,4035591752,4035591753,7140284861,9867987729,4035591754,5901392434,7140306105]]
[[7140284760,7140284461,7140284733,7140284779,7140284654,7140284690,7140284567,7140284328,7140284632,7140284583,7140284748,7140284299,7140284817,7140284356],[7140284760,4035591752,4035591753,7140284861,9867987729,4035591754,5901392434,7140306105]]
[[7140284760,7140284461,7140284733,7140284779,7140284654,7140284690,7140284567,7140284328,7140284632,7140284583,7140284748,7140284299,7140284817],[7140284760,4035591752,4035591753,7140284861,9867987729,4035591754,5901392434,7140306105]]
[[7140284760,7140284461,7140284733,7140284779,7140284654,7140284690,7140284567,7140284328,7140284632,7140284583,7140284748,7140284299],[7140284760,4035591752,4035591753,7140284861,9867987729,4035591754,5901392434,7140306105]]
[[7140284760,7140284461,7140284733,7140284779,7140284654,7140284690,7140284567,7140284328,7140284632,7140284583,7140284748],[7140284760,4035591752,4035591753,7140284861,9867987729,4035591754,5901392434,7140306105]]
[[7140284760,7140284461,7140284733,7140284779,7140284654,7140284690,7140284567,7140284328,7140284632,7140284583],[7140284760,4035591752,4035591753,7140284861,9867987729,4035591754,5901392434,7140306105]]
[[7140284760,7140284461,7140284733,7140284779,7140284654,7140284690,7140284567,7140284328,7140284632,7140284583,7140284748,7140284299,7140284817,7140284356,7140284449,7140284357],[7140284760,4035591752,4035591753,7140284861,9867987729,4035591754,5901392434]]
[[7140284760,7140284461,7140284733,7140284779,7140284654,7140284690,7140284567,7140284328,7140284632,7140284583,7140284748,7140284299,7140284817,7140284356,7140284449],[7140284760,4035591752,4035591753,7140284861,9867987729,4035591754,5901392434]]
[[7140284760,7140284461,7140284733,7140284779,7140284654,7140284690,7140284567,7140284328,7140284632,7140284583,7140284748,7140284299,7140284817,7140284356],[7140284760,4035591752,4035591753,7140284861,9867987729,4035591754,5901392434]]
[[7140284760,7140284461,7140284733,7140284779,7140284654,7140284690,7140284567,7140284328,7140284632,7140284583,7140284748,7140284299,7140284817],[7140284760,4035591752,4035591753,7140284861,9867987729,4035591754,5901392434]]
[[7140284760,7140284461,7140284733,7140284779,7140284654,7140284690,7140284567,7140284328,7140284632,7140284583,7140284748,7140284299],[7140284760,4035591752,4035591753,7140284861,9867987729,4035591754,5901392434]]
[[7140284760,7140284461,7140284733,7140284779,7140284654,7140284690,7140284567,7140284328,7140284632,7140284583,7140284748],[7140284760,4035591752,4035591753,7140284861,9867987729,4035591754,5901392434]]
[[7140284760,7140284461,7140284733,7140284779,7140284654,7140284690,7140284567,7140284328,7140284632,7140284583],[7140284760,4035591752,4035591753,7140284861,9867987729,4035591754,5901392434]]
[[7140284760,7140284461,7140284733,7140284779,7140284654,7140284690,7140284567,7140284328,7140284632,7140284583,7140284748,7140284299,7140284817,7140284356,7140284449,7140284357],[7140284760,4035591752,4035591753,7140284861,9867987729,4035591754]]
[[7140284760,7140284461,7140284733,7140284779,7140284654,7140284690,7140284567,7140284328,7140284632,7140284583,7140284748,7140284299,7140284817,7140284356,7140284449],[7140284760,4035591752,4035591753,7140284861,9867987729,4035591754]]
[[7140284760,7140284461,7140284733,7140284779,7140284654,7140284690,7140284567,7140284328,7140284632,7140284583,7140284748,7140284299,7140284817,7140284356],[7140284760,4035591752,4035591753,7140284861,9867987729,4035591754]]
[[7140284760,7140284461,7140284733,7140284779,7140284654,7140284690,7140284567,7140284328,7140284632,7140284583,7140284748,7140284299,7140284817],[7140284760,4035591752,4035591753,7140284861,9867987729,4035591754]]
[[7140284760,7140284461,7140284733,7140284779,7140284654,7140284690,7140284567,7140284328,7140284632,7140284583,7140284748,7140284299],[7140284760,4035591752,4035591753,7140284861,9867987729,4035591754]]
[[7140284760,7140284461,7140284733,7140284779,7140284654,7140284690,7140284567,7140284328,7140284632,7140284583,7140284748],[7140284760,4035591752,4035591753,7140284861,9867987729,4035591754]]
[[7140284760,7140284461,7140284733,7140284779,7140284654,7140284690,7140284567,7140284328,7140284632,7140284583],[7140284760,4035591752,4035591753,7140284861,9867987729,4035591754]]
[[7140284760,7140284461,7140284733,7140284779,7140284654,7140284690,7140284567,7140284328,7140284632],[7140284760,4035591752,4035591753,7140284861,9867987729,4035591754]]
[[7140284760,7140284461,7140284733,7140284779,7140284654,7140284690,7140284567,7140284328],[7140284760,4035591752,4035591753,7140284861,9867987729,4035591754]]
[[7140284760,7140284461,7140284733,7140284779,7140284654,7140284690,7140284567,7140284328,7140284632,7140284583,7140284748,7140284299,7140284817,7140284356,7140284449,7140284357],[7140284760,4035591752,4035591753,7140284861,9867987729]]
[[7140284760,7140284461,7140284733,7140284779,7140284654,7140284690,7140284567,7140284328,7140284632,7140284583,7140284748,7140284299,7140284817,7140284356,7140284449],[7140284760,4035591752,4035591753,7140284861,9867987729]]
[[7140284760,7140284461,7140284733,7140284779,7140284654,7140284690,7140284567,7140284328,7140284632,7140284583,7140284748,7140284299,7140284817,7140284356],[7140284760,4035591752,4035591753,7140284861,9867987729]]
[[7140284760,7140284461,7140284733,7140284779,7140284654,7140284690,7140284567,7140284328,7140284632,7140284583,7140284748,7140284299,7140284817],[7140284760,4035591752,4035591753,7140284861,9867987729]]
[[7140284760,7140284461,7140284733,7140284779,7140284654,7140284690,7140284567,7140284328,7140284632,7140284583,7140284748,7140284299],[7140284760,4035591752,4035591753,7140284861,9867987729]]
[[7140284760,7140284461,7140284733,7140284779,7140284654,7140284690,7140284567,7140284328,7140284632,7140284583,7140284748],[7140284760,4035591752,4035591753,7140284861,9867987729]]
[[7140284760,7140284461,7140284733,7140284779,7140284654,7140284690,7140284567,7140284328,7140284632,7140284583],[7140284760,4035591752,4035591753,7140284861,9867987729]]
[[7140284760,7140284461,7140284733,7140284779,7140284654,7140284690,7140284567,7140284328,7140284632],[7140284760,4035591752,4035591753,7140284861,9867987729]]
[[7140284760,7140284461,7140284733,7140284779,7140284654,7140284690,7140284567,7140284328],[7140284760,4035591752,4035591753,7140284861,9867987729]]
[[7140284760,7140284461,7140284733,7140284779,7140284654,7140284690,7140284567,7140284328,7140284632,7140284583,7140284748],[7140284760,4035591752,4035591753,7140284861]]
[[7140284760,7140284461,7140284733,7140284779,7140284654,7140284690,7140284567,7140284328,7140284632,7140284583],[7140284760,4035591752,4035591753,7140284861]]
[[7140284760,7140284461,7140284733,7140284779,7140284654,7140284690,7140284567,7140284328,7140284632],[7140284760,4035591752,4035591753,7140284861]]
[[7140284760,7140284461,7140284733,7140284779,7140284654,7140284690,7140284567,7140284328],[7140284760,4035591752,4035591753,7140284861]]
[[7140284760,7140284461,7140284733,7140284779,7140284654,7140284690,7140284567],[7140284760,4035591752,4035591753,7140284861]]
[[7140284760,7140284461,7140284733,7140284779,7140284654,7140284690],[7140284760,4035591752,4035591753,7140284861]]
[[7140284760,7140284461,7140284733,7140284779,7140284654],[7140284760,4035591752,4035591753,7140284861]]
[[7140284760,7140284461,7140284733,7140284779,7140284654,7140284690,7140284567,7140284328,7140284632,7140284583,7140284748],[7140284760,4035591752,4035591753]]
[[7140284760,7140284461,7140284733,7140284779,7140284654,7140284690,7140284567,7140284328,7140284632,7140284583],[7140284760,4035591752,4035591753]]
[[7140284760,7140284461,7140284733,7140284779,7140284654,7140284690,7140284567,7140284328,7140284632],[7140284760,4035591752,4035591753]]
[[7140284760,7140284461,7140284733,7140284779,7140284654,7140284690,7140284567,7140284328],[7140284760,4035591752,4035591753]]
[[7140284760,7140284461,7140284733,7140284779,7140284654,7140284690,7140284567],[7140284760,4035591752,4035591753]]
[[7140284760,7140284461,7140284733,7140284779,7140284654,7140284690],[7140284760,4035591752,4035591753]]
[[7140284760,7140284461,7140284733,7140284779,7140284654],[7140284760,4035591752,4035591753]]
[[7140284760,7140284461,7140284733,7140284779,7140284654,7140284690,7140284567],[7140284760,4035591752]]
[[7140284760,7140284461,7140284733,7140284779,7140284654,7140284690],[7140284760,4035591752]]
[[7140284760,7140284461,7140284733,7140284779,7140284654],[7140284760,4035591752]]
[[7140284760,7140284461,7140284733,7140284779],[7140284760,4035591752]]
[[7140284760,7140284461,7140284733],[7140284760,4035591752]]
[[7140284760,4035591755,2969677051,1709315402,7140284778],[7140284760,7140284461,7140284733,7140284779]]
[[7140284760,4035591755,2969677051,1709315402],[7140284760,7140284461,7140284733,7140284779]]
[[7140284760,4035591755,2969677051,1709315402,7140284778],[7140284760,7140284461,7140284733]]
[[7140284760,4035591755,2969677051,1709315402],[7140284760,7140284461,7140284733]]
[[7140284760,4035591755],[7140284760,7140284461]]
