[[7140284422,7140284643,7140284514],[5174494088,5174494089,7140284422],[7140284580,5174494088],[7140284514,7140284301,7140284559,7140284580]]
[[7140284454,7140284422,7140284643,7140284514],[5174494091,5174494090,7140284454],[7140284916,5479792968,2570989689,1620284155,5174494091],[7140284514,7140284301,7140284559,7140284580,7140284916]]
[[7140284887,7140284454,7140284422,7140284643,7140284514],[5174494092,7140284641,5174494093,7140284887],[7140284916,5479792968,2570989689,1620284155,5174494091,5174494092],[7140284514,7140284301,7140284559,7140284580,7140284916]]
[[9675954022,8959179636,7140284452,7140284887,7140284454,7140284422,7140284643,7140284514],[7140284592,2837552738,2837552737,9675954026,9675954022],[7140284916,5479792968,2570989689,1620284155,5174494091,5174494092,6441582247,8370605591,8370605588,2386064273,7140284592],[7140284514,7140284301,7140284559,7140284580,7140284916]]
[[8959179636,7140284452,7140284887,7140284454,7140284422,7140284643,7140284514],[2386064273,8370605593,7140284843,7140284607,8959179636],[7140284916,5479792968,2570989689,1620284155,5174494091,5174494092,6441582247,8370605591,8370605588,2386064273],[7140284514,7140284301,7140284559,7140284580,7140284916]]
[[7140284422,7140284643,7140284514],[2570989689,5174494088,5174494089,7140284422],[7140284916,5479792968,2570989689],[7140284514,7140284301,7140284559,7140284580,7140284916]]
[[7140284887,7140284454,7140284422,7140284643,7140284514],[5174494094,7140284926,7140284811,5174494092,7140284641,5174494093,7140284887],[7140284669,5479792967,2837552744,4506165055,5174494094],[7140284514,7140284301,7140284559,7140284580,7140284916,7140284929,7140284738,7140284669]]
[[7140284454,7140284422,7140284643,7140284514],[4506165055,7140284772,7140284537,5174494091,5174494090,7140284454],[7140284669,5479792967,2837552744,4506165055],[7140284514,7140284301,7140284559,7140284580,7140284916,7140284929,7140284738,7140284669]]
[[9867930236,9867930234,9675954022,8959179636,7140284452,7140284887,7140284454,7140284422,7140284643,7140284514],[5479793374,5227370936,5479792961,7140284363,7140284410,5227370931,9966107797,2837552722,9867930236],[7140284483,5174494032,5227370951,2837552747,5174494099,5174494096,2837552746,6245453985,7140284833,2837552745,5227370938,7140284557,7140284388,5479793374],[7140284514,7140284301,7140284559,7140284580,7140284916,7140284929,7140284738,7140284669,7140284774,7140284492,7140284816,7140284483]]
[[9867930234,9675954022,8959179636,7140284452,7140284887,7140284454,7140284422,7140284643,7140284514],[7140284388,7140284568,7140284764,7140284789,7140284903,7140284312,9966107796,7140284401,9867930234],[7140284483,5174494032,5227370951,2837552747,5174494099,5174494096,2837552746,6245453985,7140284833,2837552745,5227370938,7140284557,7140284388],[7140284514,7140284301,7140284559,7140284580,7140284916,7140284929,7140284738,7140284669,7140284774,7140284492,7140284816,7140284483]]
[[7140284454,7140284422,7140284643,7140284514],[7140284772,7140284537,5174494091,5174494090,7140284454],[7140284738,7140284925,7140284475,7140284772],[7140284514,7140284301,7140284559,7140284580,7140284916,7140284929,7140284738]]
[[7140284887,7140284454,7140284422,7140284643,7140284514],[7140284926,7140284811,5174494092,7140284641,5174494093,7140284887],[7140284738,7140284925,7140284475,7140284772,7140284926],[7140284514,7140284301,7140284559,7140284580,7140284916,7140284929,7140284738]]
[[7140284422,7140284643,7140284514],[7140284375,2570989689,5174494088,5174494089,7140284422],[7140284929,7140284820,7140284375],[7140284514,7140284301,7140284559,7140284580,7140284916,7140284929]]
[[7140284454,7140284422,7140284643,7140284514],[7140284537,5174494091,5174494090,7140284454],[7140284929,7140284820,7140284375,7140284785,7140284537],[7140284514,7140284301,7140284559,7140284580,7140284916,7140284929]]
[[9675954022,8959179636,7140284452,7140284887,7140284454,7140284422,7140284643,7140284514],[8370605615,7140284592,2837552738,2837552737,9675954026,9675954022],[7140284929,7140284820,7140284375,7140284785,7140284537,7140284571,7140284791,7140284811,7140284317,7140284819,8370605592,8370605589,7140284783,8370605615],[7140284514,7140284301,7140284559,7140284580,7140284916,7140284929]]
[[7140284887,7140284454,7140284422,7140284643,7140284514],[7140284811,5174494092,7140284641,5174494093,7140284887],[7140284929,7140284820,7140284375,7140284785,7140284537,7140284571,7140284791,7140284811],[7140284514,7140284301,7140284559,7140284580,7140284916,7140284929]]
[[7140284483,7140284816,7140284492,7140284774,7140284669,7140284738,7140284929,7140284916,7140284580,7140284559,7140284301,7140284514],[5174494030,5174494033,7238460520,5174494031,5479792970,7140284483],[7140284733,2428059664,5479793368,2570989682,7140284569,7140284840,2570989691,7140284873,5174494030],[7140284514,7140284566,7140284469,7140284293,7140284760,7140284461,7140284733]]
[[7140284539,7140284483,7140284816,7140284492,7140284774,7140284669,7140284738,7140284929,7140284916,7140284580,7140284559,7140284301,7140284514],[5174494035,5174494036,7140284491,5227370943,7140284539],[7140284733,2428059664,5479793368,2570989682,7140284569,7140284840,2570989691,7140284873,5174494030,5174494035],[7140284514,7140284566,7140284469,7140284293,7140284760,7140284461,7140284733]]
[[7140284816,7140284492,7140284774,7140284669,7140284738,7140284929,7140284916,7140284580,7140284559,7140284301,7140284514],[7140284873,7140284931,7140284322,7140284877,7140284689,7140284816],[7140284733,2428059664,5479793368,2570989682,7140284569,7140284840,2570989691,7140284873],[7140284514,7140284566,7140284469,7140284293,7140284760,7140284461,7140284733]]
[[7140284816,7140284492,7140284774,7140284669,7140284738,7140284929,7140284916,7140284580,7140284559,7140284301,7140284514],[7238460519,7140284873,7140284931,7140284322,7140284877,7140284689,7140284816],[7140284779,7140284549,7140284727,7140284634,7140284310,7140284888,7238460519],[7140284514,7140284566,7140284469,7140284293,7140284760,7140284461,7140284733,7140284779]]
[[7140284483,7140284816,7140284492,7140284774,7140284669,7140284738,7140284929,7140284916,7140284580,7140284559,7140284301,7140284514],[7140284620,5174494030,5174494033,7238460520,5174494031,5479792970,7140284483],[7140284779,7140284549,7140284727,7140284634,7140284310,7140284888,7238460519,7140284620],[7140284514,7140284566,7140284469,7140284293,7140284760,7140284461,7140284733,7140284779]]
[[7140284539,7140284483,7140284816,7140284492,7140284774,7140284669,7140284738,7140284929,7140284916,7140284580,7140284559,7140284301,7140284514],[7140284664,5174494035,5174494036,7140284491,5227370943,7140284539],[7140284779,7140284549,7140284727,7140284634,7140284310,7140284888,7238460519,7140284620,7140284664],[7140284514,7140284566,7140284469,7140284293,7140284760,7140284461,7140284733,7140284779]]
[[7140284461,7140284760,7140284293,7140284469,7140284566,7140284514],[1078996382,7140284461],[7140284875,2386057125,1078996010,4035591752,1078996382],[7140284514,7140284875]]
[[7140284760,7140284293,7140284469,7140284566,7140284514],[4035591752,7140284760],[7140284875,2386057125,1078996010,4035591752],[7140284514,7140284875]]
[[7140284461,7140284760,7140284293,7140284469,7140284566,7140284514],[477353744,1078996382,7140284461],[7140284477,2386057120,6331829221,6331829224,4035591753,477353744],[7140284514,7140284875,7140284477]]
[[7140284760,7140284293,7140284469,7140284566,7140284514],[4035591753,4035591752,7140284760],[7140284477,2386057120,6331829221,6331829224,4035591753],[7140284514,7140284875,7140284477]]
[[7140284328,7140284567,7140284690,7140284654,7140284779,7140284733,7140284461,7140284760,7140284293,7140284469,7140284566,7140284514],[5719577286,2386052161,2386052157,2386052163,1078996409,1078996104,7140284328],[7140306152,5719577289,5901392434,5901392435,5719577288,6245448764,6245448765,6245448766,7140292465,5719577287,7140292467,5719577286],[7140284514,7140284875,7140284477,7140284476,9867987727,8177720347,7140306152]]
[[7140284357,7140284449,7140284356,7140284817,7140284299,7140284748,7140284583,7140284632,7140284328,7140284567,7140284690,7140284654,7140284779,7140284733,7140284461,7140284760,7140284293,7140284469,7140284566,7140284514],[5719577285,9004403182,2921590087,9004741984,7140323531,9004741986,7140323515,7140284747,9006045550,7140284633,7140284585,7140284358,9006045560,7140284357],[7140306152,5719577289,5901392434,5901392435,5719577288,6245448764,6245448765,6245448766,7140292465,5719577287,7140292467,5719577286,5819130195,5719577285],[7140284514,7140284875,7140284477,7140284476,9867987727,8177720347,7140306152]]
[[7140284328,7140284567,7140284690,7140284654,7140284779,7140284733,7140284461,7140284760,7140284293,7140284469,7140284566,7140284514],[5679085837,2386052169,5719577286,2386052161,2386052157,2386052163,1078996409,1078996104,7140284328],[7140306135,7140306095,7140306112,7140306105,7140306136,7140306114,6122951905,5901392433,5901392432,5679085841,7140292471,5679085838,7140292468,5679085837],[7140284514,7140284875,7140284477,7140284476,9867987727,8177720347,7140306152,7140306135]]
[[7140284357,7140284449,7140284356,7140284817,7140284299,7140284748,7140284583,7140284632,7140284328,7140284567,7140284690,7140284654,7140284779,7140284733,7140284461,7140284760,7140284293,7140284469,7140284566,7140284514],[2886734916,5719577285,9004403182,2921590087,9004741984,7140323531,9004741986,7140323515,7140284747,9006045550,7140284633,7140284585,7140284358,9006045560,7140284357],[7140306135,7140306095,7140306112,7140306105,7140306136,7140306114,6122951905,5901392433,5901392432,5679085841,7140292471,5679085838,7140292468,5679085837,5679085836,9004741962,5819130194,9004741960,5679085835,9004741958,9004436856,5819130197,9003469183,9003469185,2886734916],[7140284514,7140284875,7140284477,7140284476,9867987727,8177720347,7140306152,7140306135]]
[[7140284328,7140284567,7140284690,7140284654,7140284779,7140284733,7140284461,7140284760,7140284293,7140284469,7140284566,7140284514],[2386052159,7140292469,5679085837,2386052169,5719577286,2386052161,2386052157,2386052163,1078996409,1078996104,7140284328],[7140306137,2428066630,311434505,2969676462,477353732,5479793363,1558664472,477353730,311434503,311434502,1078996456,7140292472,311434501,2459077617,311434500,2459077590,311434499,311434498,2386052159],[7140284514,7140284875,7140284477,7140284476,9867987727,8177720347,7140306152,7140306135,7140306137]]
[[7140284357,7140284449,7140284356,7140284817,7140284299,7140284748,7140284583,7140284632,7140284328,7140284567,7140284690,7140284654,7140284779,7140284733,7140284461,7140284760,7140284293,7140284469,7140284566,7140284514],[1615501582,2886734916,5719577285,9004403182,2921590087,9004741984,7140323531,9004741986,7140323515,7140284747,9006045550,7140284633,7140284585,7140284358,9006045560,7140284357],[7140306137,2428066630,311434505,2969676462,477353732,5479793363,1558664472,477353730,311434503,311434502,1078996456,7140292472,311434501,2459077617,311434500,2459077590,311434499,311434498,2386052159,311434497,311434496,311434495,9004741961,2386052170,9004741959,311434494,9004741957,9004436855,5679085834,9003469180,9003469178,9003469184,1615501582],[7140284514,7140284875,7140284477,7140284476,9867987727,8177720347,7140306152,7140306135,7140306137]]
[[7140284760,7140284293,7140284469,7140284566,7140284514],[7140284861,4035591753,4035591752,7140284760],[7140284476,7140284315,7140284456,7140284886,7140284861],[7140284514,7140284875,7140284477,7140284476]]
[[7140284461,7140284760,7140284293,7140284469,7140284566,7140284514],[7140284859,477353744,1078996382,7140284461],[7140284476,7140284315,7140284456,7140284886,7140284861,7140284859],[7140284514,7140284875,7140284477,7140284476]]
[[7140284477,7140284875,7140284514],[5479793330,2386057112,6245448761,7140284477],[7140284422,2386057131,5479793329,5479793330],[7140284514,7140284643,7140284422]]
[[8177720347,9867987727,7140284476,7140284477,7140284875,7140284514],[5479793331,2386057121,6245448739,6245448718,8177720347],[7140284422,2386057131,5479793329,5479793330,7140284473,9867987726,5479793331],[7140284514,7140284643,7140284422]]
[[7140306152,8177720347,9867987727,7140284476,7140284477,7140284875,7140284514],[7542509739,5719577290,6245448716,7140306152],[7140284422,2386057131,5479793329,5479793330,7140284473,9867987726,5479793331,6541002770,7542509739],[7140284514,7140284643,7140284422]]
[[9867987727,7140284476,7140284477,7140284875,7140284514],[9867987726,9867987738,9867987731,9867987727],[7140284422,2386057131,5479793329,5479793330,7140284473,9867987726],[7140284514,7140284643,7140284422]]
[[7140284476,7140284477,7140284875,7140284514],[7140284473,7140284496,7140284481,7140284550,7140284476],[7140284422,2386057131,5479793329,5479793330,7140284473],[7140284514,7140284643,7140284422]]
[[8177720347,9867987727,7140284476,7140284477,7140284875,7140284514],[7140284684,5479793331,2386057121,6245448739,6245448718,8177720347],[7140284454,6541002772,7140284677,7140284526,7140284681,7140284656,7140284609,9867987725,7140284684],[7140284514,7140284643,7140284422,7140284454]]
[[7140306152,8177720347,9867987727,7140284476,7140284477,7140284875,7140284514],[7140284300,5719577291,7542509739,5719577290,6245448716,7140306152],[7140284454,6541002772,7140284677,7140284526,7140284681,7140284656,7140284609,9867987725,7140284684,7140284842,7140284300],[7140284514,7140284643,7140284422,7140284454]]
[[7140306137,7140306135,7140306152,8177720347,9867987727,7140284476,7140284477,7140284875,7140284514],[7140306086,311434509,2428067353,8463691378,311434508,311434507,2428067340,311434506,7140306137],[7140284454,6541002772,7140284677,7140284526,7140284681,7140284656,7140284609,9867987725,7140284684,7140284842,7140284300,7140306141,7140306086],[7140284514,7140284643,7140284422,7140284454]]
[[6540963659,7140306137,7140306135,7140306152,8177720347,9867987727,7140284476,7140284477,7140284875,7140284514],[7140398470,6245448714,5719577293,8463691382,6245448715,6540963659],[7140284454,6541002772,7140284677,7140284526,7140284681,7140284656,7140284609,9867987725,7140284684,7140284842,7140284300,7140306141,7140306086,7140398470],[7140284514,7140284643,7140284422,7140284454]]
[[7140306135,7140306152,8177720347,9867987727,7140284476,7140284477,7140284875,7140284514],[7140306141,7140306098,7140306119,7140306132,7140306111,7140306118,7140306133,7140306135],[7140284454,6541002772,7140284677,7140284526,7140284681,7140284656,7140284609,9867987725,7140284684,7140284842,7140284300,7140306141],[7140284514,7140284643,7140284422,7140284454]]
[[9867987727,7140284476,7140284477,7140284875,7140284514],[9867987725,9867987726,9867987738,9867987731,9867987727],[7140284454,6541002772,7140284677,7140284526,7140284681,7140284656,7140284609,9867987725],[7140284514,7140284643,7140284422,7140284454]]
[[2837552697,7140374776,5479793362,7217338832,1558664471,7140398477,5479793343,6540963654,6540963655,6540963657,6540963658,6540963659,7140306137,7140306135,7140306152,8177720347,9867987727,7140284476,7140284477,7140284875,7140284514],[7140398295,5479793347,2837552699,7140398604,2837552695,2837552718,7140374780,2837552696,2837552697],[9867930234,9867930237,9867930233,7140284780,9867930232,7140284865,7140284919,7140284788,7140284458,7140284781,7140284867,7140306125,7140306110,7140398335,7140398625,9289258822,7140374779,9289244014,7140398403,7140398585,7140398295],[7140284514,7140284643,7140284422,7140284454,7140284887,7140284452,8959179636,9675954022,9867930234]]
[[7140374776,5479793362,7217338832,1558664471,7140398477,5479793343,6540963654,6540963655,6540963657,6540963658,6540963659,7140306137,7140306135,7140306152,8177720347,9867987727,7140284476,7140284477,7140284875,7140284514],[7140398585,7140398557,7140398481,7140398574,7140398421,7140398401,7140398624,7140398536,7140374776],[9867930234,9867930237,9867930233,7140284780,9867930232,7140284865,7140284919,7140284788,7140284458,7140284781,7140284867,7140306125,7140306110,7140398335,7140398625,9289258822,7140374779,9289244014,7140398403,7140398585],[7140284514,7140284643,7140284422,7140284454,7140284887,7140284452,8959179636,9675954022,9867930234]]
[[7140306137,7140306135,7140306152,8177720347,9867987727,7140284476,7140284477,7140284875,7140284514],[311434510,7140306086,311434509,2428067353,8463691378,311434508,311434507,2428067340,311434506,7140306137],[7140284887,6541002771,2386064281,5479793325,7140284897,9867987724,5479793326,5479793322,5719577292,7140306134,311434510],[7140284514,7140284643,7140284422,7140284454,7140284887]]
[[7140306135,7140306152,8177720347,9867987727,7140284476,7140284477,7140284875,7140284514],[7140306134,7140306141,7140306098,7140306119,7140306132,7140306111,7140306118,7140306133,7140306135],[7140284887,6541002771,2386064281,5479793325,7140284897,9867987724,5479793326,5479793322,5719577292,7140306134],[7140284514,7140284643,7140284422,7140284454,7140284887]]
[[7140306152,8177720347,9867987727,7140284476,7140284477,7140284875,7140284514],[5719577292,7140284300,5719577291,7542509739,5719577290,6245448716,7140306152],[7140284887,6541002771,2386064281,5479793325,7140284897,9867987724,5479793326,5479793322,5719577292],[7140284514,7140284643,7140284422,7140284454,7140284887]]
[[8177720347,9867987727,7140284476,7140284477,7140284875,7140284514],[5479793326,7140284684,5479793331,2386057121,6245448739,6245448718,8177720347],[7140284887,6541002771,2386064281,5479793325,7140284897,9867987724,5479793326],[7140284514,7140284643,7140284422,7140284454,7140284887]]
[[9867987727,7140284476,7140284477,7140284875,7140284514],[9867987724,9867987725,9867987726,9867987738,9867987731,9867987727],[7140284887,6541002771,2386064281,5479793325,7140284897,9867987724],[7140284514,7140284643,7140284422,7140284454,7140284887]]
