[[2184499017,2400351125,2400351127,1931990422,5981067880],[2184499026,278660706,8349563695,6444510073,2402273633,2397991660,8349563400,278376591,8349563398,2402273648,8349563405,4526092202],[2184499017,6647335574,2184499018,8349563244,2184499020,8349563381,2184499026],[1937711039,6647335575,8349563238,2184499021,8349563231,2184499023,8349563230,8349563305,2184499029,8349563304],[2184499017,8349563265,1937711036,1937713783,1937711039]]
[[2184499017,2400351125,2400351127,1931990422,5981067880,5981067881],[2184499026,278660706,8349563695,6444510073,2402273633,2397991660,8349563400,278376591,8349563398,2402273648,8349563405,4526092202],[2184499017,6647335574,2184499018,8349563244,2184499020,8349563381,2184499026],[1937711039,6647335575,8349563238,2184499021,8349563231,2184499023,8349563230,8349563305,2184499029,8349563304],[2184499017,8349563265,1937711036,1937713783,1937711039]]
[[2184499017,2400351125,2400351127,1931990422,5981067880],[2184499026,278660706,8349563695,6444510073,2402273633,2397991660,8349563400,278376591,8349563398,2402273648,8349563405,4526092202],[2184499017,6647335574,2184499018,8349563244,2184499020,8349563381,2184499026],[1937711039,6647335575,8349563238,2184499021,8349563231,2184499023,8349563230,8349563305,2184499029,8349563304],[2184499017,8349563265,1937711036,1937713783,1937711039]]
[[2184499017,2400351125,2428805606,278376793,278376792,5981067889],[2184499026,278660706,8349563695,6444510073,2402273633,2397991660,8349563400,278376591,8349563398,2402273648,8349563405,4526092202],[2184499017,6647335574,2184499018,8349563244,2184499020,8349563381,2184499026],[1937711039,6647335575,8349563238,2184499021,8349563231,2184499023,8349563230,8349563305,2184499029,8349563304],[2184499017,8349563265,1937711036,1937713783,1937711039]]
[[2184499017,2400351125,2428805606,278376793,5981067881],[2184499026,278660706,8349563695,6444510073,2402273633,2397991660,8349563400,278376591,8349563398,2402273648,8349563405,4526092202],[2184499017,6647335574,2184499018,8349563244,2184499020,8349563381,2184499026],[1937711039,6647335575,8349563238,2184499021,8349563231,2184499023,8349563230,8349563305,2184499029,8349563304],[2184499017,8349563265,1937711036,1937713783,1937711039]]
[[2184499017,2400351125,2400351127,1931990422,5981067880],[2184499026,278660706,8349563695,6444510073,2402273633,2397991660,8349563400,278376591,8349563398,2402273648,8349563405],[2184499017,6647335574,2184499018,8349563244,2184499020,8349563381,2184499026],[1937711039,6647335575,8349563238,2184499021,8349563231,2184499023,8349563230,8349563305,2184499029,8349563304],[2184499017,8349563265,1937711036,1937713783,1937711039]]
[[2184499017,2400351125,2400351127,1931990422,5981067880,5981067881],[2184499026,278660706,8349563695,6444510073,2402273633,2397991660,8349563400,278376591,8349563398,2402273648,8349563405],[2184499017,6647335574,2184499018,8349563244,2184499020,8349563381,2184499026],[1937711039,6647335575,8349563238,2184499021,8349563231,2184499023,8349563230,8349563305,2184499029,8349563304],[2184499017,8349563265,1937711036,1937713783,1937711039]]
[[2184499017,2400351125,2400351127,1931990422,5981067880],[2184499026,278660706,8349563695,6444510073,2402273633,2397991660,8349563400,278376591,8349563398,2402273648,8349563405],[2184499017,6647335574,2184499018,8349563244,2184499020,8349563381,2184499026],[1937711039,6647335575,8349563238,2184499021,8349563231,2184499023,8349563230,8349563305,2184499029,8349563304],[2184499017,8349563265,1937711036,1937713783,1937711039]]
[[2184499017,2400351125,2428805606,278376793,278376792,5981067889],[2184499026,278660706,8349563695,6444510073,2402273633,2397991660,8349563400,278376591,8349563398,2402273648,8349563405],[2184499017,6647335574,2184499018,8349563244,2184499020,8349563381,2184499026],[1937711039,6647335575,8349563238,2184499021,8349563231,2184499023,8349563230,8349563305,2184499029,8349563304],[2184499017,8349563265,1937711036,1937713783,1937711039]]
[[2184499017,2400351125,2428805606,278376793,5981067881],[2184499026,278660706,8349563695,6444510073,2402273633,2397991660,8349563400,278376591,8349563398,2402273648,8349563405],[2184499017,6647335574,2184499018,8349563244,2184499020,8349563381,2184499026],[1937711039,6647335575,8349563238,2184499021,8349563231,2184499023,8349563230,8349563305,2184499029,8349563304],[2184499017,8349563265,1937711036,1937713783,1937711039]]
[[2184499017,2400351125,2400351127,1931990422,5981067880],[2184499026,278660706,8349563695,6444510073,2402273633,2397991660,8349563400,278376591,8349563398,2402273648],[2184499017,6647335574,2184499018,8349563244,2184499020,8349563381,2184499026],[1937711039,6647335575,8349563238,2184499021,8349563231,2184499023,8349563230,8349563305,2184499029,8349563304],[2184499017,8349563265,1937711036,1937713783,1937711039]]
[[2184499017,2400351125,2400351127,1931990422,5981067880,5981067881],[2184499026,278660706,8349563695,6444510073,2402273633,2397991660,8349563400,278376591,8349563398,2402273648],[2184499017,6647335574,2184499018,8349563244,2184499020,8349563381,2184499026],[1937711039,6647335575,8349563238,2184499021,8349563231,2184499023,8349563230,8349563305,2184499029,8349563304],[2184499017,8349563265,1937711036,1937713783,1937711039]]
[[2184499017,2400351125,2400351127,1931990422,5981067880],[2184499026,278660706,8349563695,6444510073,2402273633,2397991660,8349563400,278376591,8349563398,2402273648],[2184499017,6647335574,2184499018,8349563244,2184499020,8349563381,2184499026],[1937711039,6647335575,8349563238,2184499021,8349563231,2184499023,8349563230,8349563305,2184499029,8349563304],[2184499017,8349563265,1937711036,1937713783,1937711039]]
[[2184499017,2400351125,2428805606,278376793,278376792,5981067889],[2184499026,278660706,8349563695,6444510073,2402273633,2397991660,8349563400,278376591,8349563398,2402273648],[2184499017,6647335574,2184499018,8349563244,2184499020,8349563381,2184499026],[1937711039,6647335575,8349563238,2184499021,8349563231,2184499023,8349563230,8349563305,2184499029,8349563304],[2184499017,8349563265,1937711036,1937713783,1937711039]]
[[2184499017,2400351125,2428805606,278376793,5981067881],[2184499026,278660706,8349563695,6444510073,2402273633,2397991660,8349563400,278376591,8349563398,2402273648],[2184499017,6647335574,2184499018,8349563244,2184499020,8349563381,2184499026],[1937711039,6647335575,8349563238,2184499021,8349563231,2184499023,8349563230,8349563305,2184499029,8349563304],[2184499017,8349563265,1937711036,1937713783,1937711039]]
[[2184499017,2400351125,2400351127,1931990422,5981067880],[2184499026,278660706,8349563695,6444510073,2402273633,2397991660,8349563400,278376591,8349563398],[2184499017,6647335574,2184499018,8349563244,2184499020,8349563381,2184499026],[1937711039,6647335575,8349563238,2184499021,8349563231,2184499023,8349563230,8349563305,2184499029,8349563304],[2184499017,8349563265,1937711036,1937713783,1937711039]]
[[2184499017,2400351125,2400351127,1931990422,5981067880,5981067881],[2184499026,278660706,8349563695,6444510073,2402273633,2397991660,8349563400,278376591,8349563398],[2184499017,6647335574,2184499018,8349563244,2184499020,8349563381,2184499026],[1937711039,6647335575,8349563238,2184499021,8349563231,2184499023,8349563230,8349563305,2184499029,8349563304],[2184499017,8349563265,1937711036,1937713783,1937711039]]
[[2184499017,2400351125,2400351127,1931990422,5981067880],[2184499026,278660706,8349563695,6444510073,2402273633,2397991660,8349563400,278376591,8349563398],[2184499017,6647335574,2184499018,8349563244,2184499020,8349563381,2184499026],[1937711039,6647335575,8349563238,2184499021,8349563231,2184499023,8349563230,8349563305,2184499029,8349563304],[2184499017,8349563265,1937711036,1937713783,1937711039]]
[[2184499017,2400351125,2428805606,278376793,278376792,5981067889],[2184499026,278660706,8349563695,6444510073,2402273633,2397991660,8349563400,278376591,8349563398],[2184499017,6647335574,2184499018,8349563244,2184499020,8349563381,2184499026],[1937711039,6647335575,8349563238,2184499021,8349563231,2184499023,8349563230,8349563305,2184499029,8349563304],[2184499017,8349563265,1937711036,1937713783,1937711039]]
[[2184499017,2400351125,2428805606,278376793,5981067881],[2184499026,278660706,8349563695,6444510073,2402273633,2397991660,8349563400,278376591,8349563398],[2184499017,6647335574,2184499018,8349563244,2184499020,8349563381,2184499026],[1937711039,6647335575,8349563238,2184499021,8349563231,2184499023,8349563230,8349563305,2184499029,8349563304],[2184499017,8349563265,1937711036,1937713783,1937711039]]
[[2184499017,2400351125,2400351127,1931990422,5981067880],[2184499026,278660706,8349563695,6444510073,2402273633,2397991660,8349563400,278376591],[2184499017,6647335574,2184499018,8349563244,2184499020,8349563381,2184499026],[1937711039,6647335575,8349563238,2184499021,8349563231,2184499023,8349563230,8349563305,2184499029,8349563304],[2184499017,8349563265,1937711036,1937713783,1937711039]]
[[2184499017,2400351125,2400351127,1931990422,5981067880,5981067881],[2184499026,278660706,8349563695,6444510073,2402273633,2397991660,8349563400,278376591],[2184499017,6647335574,2184499018,8349563244,2184499020,8349563381,2184499026],[1937711039,6647335575,8349563238,2184499021,8349563231,2184499023,8349563230,8349563305,2184499029,8349563304],[2184499017,8349563265,1937711036,1937713783,1937711039]]
[[2184499017,2400351125,2400351127,1931990422,5981067880],[2184499026,278660706,8349563695,6444510073,2402273633,2397991660,8349563400,278376591],[2184499017,6647335574,2184499018,8349563244,2184499020,8349563381,2184499026],[1937711039,6647335575,8349563238,2184499021,8349563231,2184499023,8349563230,8349563305,2184499029,8349563304],[2184499017,8349563265,1937711036,1937713783,1937711039]]
[[2184499017,2400351125,2428805606,278376793,278376792,5981067889],[2184499026,278660706,8349563695,6444510073,2402273633,2397991660,8349563400,278376591],[2184499017,6647335574,2184499018,8349563244,2184499020,8349563381,2184499026],[1937711039,6647335575,8349563238,2184499021,8349563231,2184499023,8349563230,8349563305,2184499029,8349563304],[2184499017,8349563265,1937711036,1937713783,1937711039]]
[[2184499017,2400351125,2428805606,278376793,5981067881],[2184499026,278660706,8349563695,6444510073,2402273633,2397991660,8349563400,278376591],[2184499017,6647335574,2184499018,8349563244,2184499020,8349563381,2184499026],[1937711039,6647335575,8349563238,2184499021,8349563231,2184499023,8349563230,8349563305,2184499029,8349563304],[2184499017,8349563265,1937711036,1937713783,1937711039]]
[[2184499017,2400351125,2400351127,1931990422,5981067880],[2184499026,278660706,8349563695,6444510073,2402273633,2397991660,8349563400],[2184499017,6647335574,2184499018,8349563244,2184499020,8349563381,2184499026],[1937711039,6647335575,8349563238,2184499021,8349563231,2184499023,8349563230,8349563305,2184499029,8349563304],[2184499017,8349563265,1937711036,1937713783,1937711039]]
[[2184499017,2400351125,2400351127,1931990422,5981067880,5981067881],[2184499026,278660706,8349563695,6444510073,2402273633,2397991660,8349563400],[2184499017,6647335574,2184499018,8349563244,2184499020,8349563381,2184499026],[1937711039,6647335575,8349563238,2184499021,8349563231,2184499023,8349563230,8349563305,2184499029,8349563304],[2184499017,8349563265,1937711036,1937713783,1937711039]]
[[2184499017,2400351125,2400351127,1931990422,5981067880],[2184499026,278660706,8349563695,6444510073,2402273633,2397991660,8349563400],[2184499017,6647335574,2184499018,8349563244,2184499020,8349563381,2184499026],[1937711039,6647335575,8349563238,2184499021,8349563231,2184499023,8349563230,8349563305,2184499029,8349563304],[2184499017,8349563265,1937711036,1937713783,1937711039]]
[[2184499017,2400351125,2428805606,278376793,278376792,5981067889],[2184499026,278660706,8349563695,6444510073,2402273633,2397991660,8349563400],[2184499017,6647335574,2184499018,8349563244,2184499020,8349563381,2184499026],[1937711039,6647335575,8349563238,2184499021,8349563231,2184499023,8349563230,8349563305,2184499029,8349563304],[2184499017,8349563265,1937711036,1937713783,1937711039]]
[[2184499017,2400351125,2428805606,278376793,5981067881],[2184499026,278660706,8349563695,6444510073,2402273633,2397991660,8349563400],[2184499017,6647335574,2184499018,8349563244,2184499020,8349563381,2184499026],[1937711039,6647335575,8349563238,2184499021,8349563231,2184499023,8349563230,8349563305,2184499029,8349563304],[2184499017,8349563265,1937711036,1937713783,1937711039]]
[[2184499017,2400351125,2400351127,1931990422,5981067880],[2184499026,278660706,8349563695,6444510073,2402273633,2397991660,8349563400,278376591,8349563398,2402273648,8349563405,4526092202],[2184499017,6647335574,2184499018,8349563244,2184499020,8349563381,2184499026],[1937711039,6647335575,8349563238,2184499021,8349563231,2184499023,8349563230,8349563305,2184499029],[2184499017,8349563265,1937711036,1937713783,1937711039]]
[[2184499017,2400351125,2400351127,1931990422,5981067880,5981067881],[2184499026,278660706,8349563695,6444510073,2402273633,2397991660,8349563400,278376591,8349563398,2402273648,8349563405,4526092202],[2184499017,6647335574,2184499018,8349563244,2184499020,8349563381,2184499026],[1937711039,6647335575,8349563238,2184499021,8349563231,2184499023,8349563230,8349563305,2184499029],[2184499017,8349563265,1937711036,1937713783,1937711039]]
[[2184499017,2400351125,2400351127,1931990422,5981067880],[2184499026,278660706,8349563695,6444510073,2402273633,2397991660,8349563400,278376591,8349563398,2402273648,8349563405,4526092202],[2184499017,6647335574,2184499018,8349563244,2184499020,8349563381,2184499026],[1937711039,6647335575,8349563238,2184499021,8349563231,2184499023,8349563230,8349563305,2184499029],[2184499017,8349563265,1937711036,1937713783,1937711039]]
[[2184499017,2400351125,2428805606,278376793,278376792,5981067889],[2184499026,278660706,8349563695,6444510073,2402273633,2397991660,8349563400,278376591,8349563398,2402273648,8349563405,4526092202],[2184499017,6647335574,2184499018,8349563244,2184499020,8349563381,2184499026],[1937711039,6647335575,8349563238,2184499021,8349563231,2184499023,8349563230,8349563305,2184499029],[2184499017,8349563265,1937711036,1937713783,1937711039]]
[[2184499017,2400351125,2428805606,278376793,5981067881],[2184499026,278660706,8349563695,6444510073,2402273633,2397991660,8349563400,278376591,8349563398,2402273648,8349563405,4526092202],[2184499017,6647335574,2184499018,8349563244,2184499020,8349563381,2184499026],[1937711039,6647335575,8349563238,2184499021,8349563231,2184499023,8349563230,8349563305,2184499029],[2184499017,8349563265,1937711036,1937713783,1937711039]]
[[2184499017,2400351125,2400351127,1931990422,5981067880],[2184499026,278660706,8349563695,6444510073,2402273633,2397991660,8349563400,278376591,8349563398,2402273648,8349563405],[2184499017,6647335574,2184499018,8349563244,2184499020,8349563381,2184499026],[1937711039,6647335575,8349563238,2184499021,8349563231,2184499023,8349563230,8349563305,2184499029],[2184499017,8349563265,1937711036,1937713783,1937711039]]
[[2184499017,2400351125,2400351127,1931990422,5981067880,5981067881],[2184499026,278660706,8349563695,6444510073,2402273633,2397991660,8349563400,278376591,8349563398,2402273648,8349563405],[2184499017,6647335574,2184499018,8349563244,2184499020,8349563381,2184499026],[1937711039,6647335575,8349563238,2184499021,8349563231,2184499023,8349563230,8349563305,2184499029],[2184499017,8349563265,1937711036,1937713783,1937711039]]
[[2184499017,2400351125,2400351127,1931990422,5981067880],[2184499026,278660706,8349563695,6444510073,2402273633,2397991660,8349563400,278376591,8349563398,2402273648,8349563405],[2184499017,6647335574,2184499018,8349563244,2184499020,8349563381,2184499026],[1937711039,6647335575,8349563238,2184499021,8349563231,2184499023,8349563230,8349563305,2184499029],[2184499017,8349563265,1937711036,1937713783,1937711039]]
[[2184499017,2400351125,2428805606,278376793,278376792,5981067889],[2184499026,278660706,8349563695,6444510073,2402273633,2397991660,8349563400,278376591,8349563398,2402273648,8349563405],[2184499017,6647335574,2184499018,8349563244,2184499020,8349563381,2184499026],[1937711039,6647335575,8349563238,2184499021,8349563231,2184499023,8349563230,8349563305,2184499029],[2184499017,8349563265,1937711036,1937713783,1937711039]]
[[2184499017,2400351125,2428805606,278376793,5981067881],[2184499026,278660706,8349563695,6444510073,2402273633,2397991660,8349563400,278376591,8349563398,2402273648,8349563405],[2184499017,6647335574,2184499018,8349563244,2184499020,8349563381,2184499026],[1937711039,6647335575,8349563238,2184499021,8349563231,2184499023,8349563230,8349563305,2184499029],[2184499017,8349563265,1937711036,1937713783,1937711039]]
[[2184499017,2400351125,2400351127,1931990422,5981067880],[2184499026,278660706,8349563695,6444510073,2402273633,2397991660,8349563400,278376591,8349563398,2402273648],[2184499017,6647335574,2184499018,8349563244,2184499020,8349563381,2184499026],[1937711039,6647335575,8349563238,2184499021,8349563231,2184499023,8349563230,8349563305,2184499029],[2184499017,8349563265,1937711036,1937713783,1937711039]]
[[2184499017,2400351125,2400351127,1931990422,5981067880,5981067881],[2184499026,278660706,8349563695,6444510073,2402273633,2397991660,8349563400,278376591,8349563398,2402273648],[2184499017,6647335574,2184499018,8349563244,2184499020,8349563381,2184499026],[1937711039,6647335575,8349563238,2184499021,8349563231,2184499023,8349563230,8349563305,2184499029],[2184499017,8349563265,1937711036,1937713783,1937711039]]
[[2184499017,2400351125,2400351127,1931990422,5981067880],[2184499026,278660706,8349563695,6444510073,2402273633,2397991660,8349563400,278376591,8349563398,2402273648],[2184499017,6647335574,2184499018,8349563244,2184499020,8349563381,2184499026],[1937711039,6647335575,8349563238,2184499021,8349563231,2184499023,8349563230,8349563305,2184499029],[2184499017,8349563265,1937711036,1937713783,1937711039]]
[[2184499017,2400351125,2428805606,278376793,278376792,5981067889],[2184499026,278660706,8349563695,6444510073,2402273633,2397991660,8349563400,278376591,8349563398,2402273648],[2184499017,6647335574,2184499018,8349563244,2184499020,8349563381,2184499026],[1937711039,6647335575,8349563238,2184499021,8349563231,2184499023,8349563230,8349563305,2184499029],[2184499017,8349563265,1937711036,1937713783,1937711039]]
[[2184499017,2400351125,2428805606,278376793,5981067881],[2184499026,278660706,8349563695,6444510073,2402273633,2397991660,8349563400,278376591,8349563398,2402273648],[2184499017,6647335574,2184499018,8349563244,2184499020,8349563381,2184499026],[1937711039,6647335575,8349563238,2184499021,8349563231,2184499023,8349563230,8349563305,2184499029],[2184499017,8349563265,1937711036,1937713783,1937711039]]
[[2184499017,2400351125,2400351127,1931990422,5981067880],[2184499026,278660706,8349563695,6444510073,2402273633,2397991660,8349563400,278376591,8349563398],[2184499017,6647335574,2184499018,8349563244,2184499020,8349563381,2184499026],[1937711039,6647335575,8349563238,2184499021,8349563231,2184499023,8349563230,8349563305,2184499029],[2184499017,8349563265,1937711036,1937713783,1937711039]]
[[2184499017,2400351125,2400351127,1931990422,5981067880,5981067881],[2184499026,278660706,8349563695,6444510073,2402273633,2397991660,8349563400,278376591,8349563398],[2184499017,6647335574,2184499018,8349563244,2184499020,8349563381,2184499026],[1937711039,6647335575,8349563238,2184499021,8349563231,2184499023,8349563230,8349563305,2184499029],[2184499017,8349563265,1937711036,1937713783,1937711039]]
[[2184499017,2400351125,2400351127,1931990422,5981067880],[2184499026,278660706,8349563695,6444510073,2402273633,2397991660,8349563400,278376591,8349563398],[2184499017,6647335574,2184499018,8349563244,2184499020,8349563381,2184499026],[1937711039,6647335575,8349563238,2184499021,8349563231,2184499023,8349563230,8349563305,2184499029],[2184499017,8349563265,1937711036,1937713783,1937711039]]
[[2184499017,2400351125,2428805606,278376793,278376792,5981067889],[2184499026,278660706,8349563695,6444510073,2402273633,2397991660,8349563400,278376591,8349563398],[2184499017,6647335574,2184499018,8349563244,2184499020,8349563381,2184499026],[1937711039,6647335575,8349563238,2184499021,8349563231,2184499023,8349563230,8349563305,2184499029],[2184499017,8349563265,1937711036,1937713783,1937711039]]
[[2184499017,2400351125,2428805606,278376793,5981067881],[2184499026,278660706,8349563695,6444510073,2402273633,2397991660,8349563400,278376591,8349563398],[2184499017,6647335574,2184499018,8349563244,2184499020,8349563381,2184499026],[1937711039,6647335575,8349563238,2184499021,8349563231,2184499023,8349563230,8349563305,2184499029],[2184499017,8349563265,1937711036,1937713783,1937711039]]
[[2184499017,2400351125,2400351127,1931990422,5981067880],[2184499026,278660706,8349563695,6444510073,2402273633,2397991660,8349563400,278376591],[2184499017,6647335574,2184499018,8349563244,2184499020,8349563381,2184499026],[1937711039,6647335575,8349563238,2184499021,8349563231,2184499023,8349563230,8349563305,2184499029],[2184499017,8349563265,1937711036,1937713783,1937711039]]
[[2184499017,2400351125,2400351127,1931990422,5981067880,5981067881],[2184499026,278660706,8349563695,6444510073,2402273633,2397991660,8349563400,278376591],[2184499017,6647335574,2184499018,8349563244,2184499020,8349563381,2184499026],[1937711039,6647335575,8349563238,2184499021,8349563231,2184499023,8349563230,8349563305,2184499029],[2184499017,8349563265,1937711036,1937713783,1937711039]]
[[2184499017,2400351125,2400351127,1931990422,5981067880],[2184499026,278660706,8349563695,6444510073,2402273633,2397991660,8349563400,278376591],[2184499017,6647335574,2184499018,8349563244,2184499020,8349563381,2184499026],[1937711039,6647335575,8349563238,2184499021,8349563231,2184499023,8349563230,8349563305,2184499029],[2184499017,8349563265,1937711036,1937713783,1937711039]]
[[2184499017,2400351125,2428805606,278376793,278376792,5981067889],[2184499026,278660706,8349563695,6444510073,2402273633,2397991660,8349563400,278376591],[2184499017,6647335574,2184499018,8349563244,2184499020,8349563381,2184499026],[1937711039,6647335575,8349563238,2184499021,8349563231,2184499023,8349563230,8349563305,2184499029],[2184499017,8349563265,1937711036,1937713783,1937711039]]
[[2184499017,2400351125,2428805606,278376793,5981067881],[2184499026,278660706,8349563695,6444510073,2402273633,2397991660,8349563400,278376591],[2184499017,6647335574,2184499018,8349563244,2184499020,8349563381,2184499026],[1937711039,6647335575,8349563238,2184499021,8349563231,2184499023,8349563230,8349563305,2184499029],[2184499017,8349563265,1937711036,1937713783,1937711039]]
[[2184499017,2400351125,2400351127,1931990422,5981067880],[2184499026,278660706,8349563695,6444510073,2402273633,2397991660,8349563400],[2184499017,6647335574,2184499018,8349563244,2184499020,8349563381,2184499026],[1937711039,6647335575,8349563238,2184499021,8349563231,2184499023,8349563230,8349563305,2184499029],[2184499017,8349563265,1937711036,1937713783,1937711039]]
[[2184499017,2400351125,2400351127,1931990422,5981067880,5981067881],[2184499026,278660706,8349563695,6444510073,2402273633,2397991660,8349563400],[2184499017,6647335574,2184499018,8349563244,2184499020,8349563381,2184499026],[1937711039,6647335575,8349563238,2184499021,8349563231,2184499023,8349563230,8349563305,2184499029],[2184499017,8349563265,1937711036,1937713783,1937711039]]
[[2184499017,2400351125,2400351127,1931990422,5981067880],[2184499026,278660706,8349563695,6444510073,2402273633,2397991660,8349563400],[2184499017,6647335574,2184499018,8349563244,2184499020,8349563381,2184499026],[1937711039,6647335575,8349563238,2184499021,8349563231,2184499023,8349563230,8349563305,2184499029],[2184499017,8349563265,1937711036,1937713783,1937711039]]
[[2184499017,2400351125,2428805606,278376793,278376792,5981067889],[2184499026,278660706,8349563695,6444510073,2402273633,2397991660,8349563400],[2184499017,6647335574,2184499018,8349563244,2184499020,8349563381,2184499026],[1937711039,6647335575,8349563238,2184499021,8349563231,2184499023,8349563230,8349563305,2184499029],[2184499017,8349563265,1937711036,1937713783,1937711039]]
[[2184499017,2400351125,2428805606,278376793,5981067881],[2184499026,278660706,8349563695,6444510073,2402273633,2397991660,8349563400],[2184499017,6647335574,2184499018,8349563244,2184499020,8349563381,2184499026],[1937711039,6647335575,8349563238,2184499021,8349563231,2184499023,8349563230,8349563305,2184499029],[2184499017,8349563265,1937711036,1937713783,1937711039]]
[[2184499017,2400351125,2400351127,1931990422,5981067880],[2184499026,278660706,8349563695,6444510073,2402273633,2397991660,8349563400,278376591,8349563398,2402273648,8349563405,4526092202],[2184499017,6647335574,2184499018,8349563244,2184499020,8349563381,2184499026],[1937711039,6647335575,8349563238,2184499021,8349563231,2184499023,8349563230,8349563305],[2184499017,8349563265,1937711036,1937713783,1937711039]]
[[2184499017,2400351125,2400351127,1931990422,5981067880,5981067881],[2184499026,278660706,8349563695,6444510073,2402273633,2397991660,8349563400,278376591,8349563398,2402273648,8349563405,4526092202],[2184499017,6647335574,2184499018,8349563244,2184499020,8349563381,2184499026],[1937711039,6647335575,8349563238,2184499021,8349563231,2184499023,8349563230,8349563305],[2184499017,8349563265,1937711036,1937713783,1937711039]]
[[2184499017,2400351125,2400351127,1931990422,5981067880],[2184499026,278660706,8349563695,6444510073,2402273633,2397991660,8349563400,278376591,8349563398,2402273648,8349563405,4526092202],[2184499017,6647335574,2184499018,8349563244,2184499020,8349563381,2184499026],[1937711039,6647335575,8349563238,2184499021,8349563231,2184499023,8349563230,8349563305],[2184499017,8349563265,1937711036,1937713783,1937711039]]
[[2184499017,2400351125,2428805606,278376793,278376792,5981067889],[2184499026,278660706,8349563695,6444510073,2402273633,2397991660,8349563400,278376591,8349563398,2402273648,8349563405,4526092202],[2184499017,6647335574,2184499018,8349563244,2184499020,8349563381,2184499026],[1937711039,6647335575,8349563238,2184499021,8349563231,2184499023,8349563230,8349563305],[2184499017,8349563265,1937711036,1937713783,1937711039]]
[[2184499017,2400351125,2428805606,278376793,5981067881],[2184499026,278660706,8349563695,6444510073,2402273633,2397991660,8349563400,278376591,8349563398,2402273648,8349563405,4526092202],[2184499017,6647335574,2184499018,8349563244,2184499020,8349563381,2184499026],[1937711039,6647335575,8349563238,2184499021,8349563231,2184499023,8349563230,8349563305],[2184499017,8349563265,1937711036,1937713783,1937711039]]
[[2184499017,2400351125,2400351127,1931990422,5981067880],[2184499026,278660706,8349563695,6444510073,2402273633,2397991660,8349563400,278376591,8349563398,2402273648,8349563405],[2184499017,6647335574,2184499018,8349563244,2184499020,8349563381,2184499026],[1937711039,6647335575,8349563238,2184499021,8349563231,2184499023,8349563230,8349563305],[2184499017,8349563265,1937711036,1937713783,1937711039]]
[[2184499017,2400351125,2400351127,1931990422,5981067880,5981067881],[2184499026,278660706,8349563695,6444510073,2402273633,2397991660,8349563400,278376591,8349563398,2402273648,8349563405],[2184499017,6647335574,2184499018,8349563244,2184499020,8349563381,2184499026],[1937711039,6647335575,8349563238,2184499021,8349563231,2184499023,8349563230,8349563305],[2184499017,8349563265,1937711036,1937713783,1937711039]]
[[2184499017,2400351125,2400351127,1931990422,5981067880],[2184499026,278660706,8349563695,6444510073,2402273633,2397991660,8349563400,278376591,8349563398,2402273648,8349563405],[2184499017,6647335574,2184499018,8349563244,2184499020,8349563381,2184499026],[1937711039,6647335575,8349563238,2184499021,8349563231,2184499023,8349563230,8349563305],[2184499017,8349563265,1937711036,1937713783,1937711039]]
[[2184499017,2400351125,2428805606,278376793,278376792,5981067889],[2184499026,278660706,8349563695,6444510073,2402273633,2397991660,8349563400,278376591,8349563398,2402273648,8349563405],[2184499017,6647335574,2184499018,8349563244,2184499020,8349563381,2184499026],[1937711039,6647335575,8349563238,2184499021,8349563231,2184499023,8349563230,8349563305],[2184499017,8349563265,1937711036,1937713783,1937711039]]
[[2184499017,2400351125,2428805606,278376793,5981067881],[2184499026,278660706,8349563695,6444510073,2402273633,2397991660,8349563400,278376591,8349563398,2402273648,8349563405],[2184499017,6647335574,2184499018,8349563244,2184499020,8349563381,2184499026],[1937711039,6647335575,8349563238,2184499021,8349563231,2184499023,8349563230,8349563305],[2184499017,8349563265,1937711036,1937713783,1937711039]]
[[2184499017,2400351125,2400351127,1931990422,5981067880],[2184499026,278660706,8349563695,6444510073,2402273633,2397991660,8349563400,278376591,8349563398,2402273648],[2184499017,6647335574,2184499018,8349563244,2184499020,8349563381,2184499026],[1937711039,6647335575,8349563238,2184499021,8349563231,2184499023,8349563230,8349563305],[2184499017,8349563265,1937711036,1937713783,1937711039]]
[[2184499017,2400351125,2400351127,1931990422,5981067880,5981067881],[2184499026,278660706,8349563695,6444510073,2402273633,2397991660,8349563400,278376591,8349563398,2402273648],[2184499017,6647335574,2184499018,8349563244,2184499020,8349563381,2184499026],[1937711039,6647335575,8349563238,2184499021,8349563231,2184499023,8349563230,8349563305],[2184499017,8349563265,1937711036,1937713783,1937711039]]
[[2184499017,2400351125,2400351127,1931990422,5981067880],[2184499026,278660706,8349563695,6444510073,2402273633,2397991660,8349563400,278376591,8349563398,2402273648],[2184499017,6647335574,2184499018,8349563244,2184499020,8349563381,2184499026],[1937711039,6647335575,8349563238,2184499021,8349563231,2184499023,8349563230,8349563305],[2184499017,8349563265,1937711036,1937713783,1937711039]]
[[2184499017,2400351125,2428805606,278376793,278376792,5981067889],[2184499026,278660706,8349563695,6444510073,2402273633,2397991660,8349563400,278376591,8349563398,2402273648],[2184499017,6647335574,2184499018,8349563244,2184499020,8349563381,2184499026],[1937711039,6647335575,8349563238,2184499021,8349563231,2184499023,8349563230,8349563305],[2184499017,8349563265,1937711036,1937713783,1937711039]]
[[2184499017,2400351125,2428805606,278376793,5981067881],[2184499026,278660706,8349563695,6444510073,2402273633,2397991660,8349563400,278376591,8349563398,2402273648],[2184499017,6647335574,2184499018,8349563244,2184499020,8349563381,2184499026],[1937711039,6647335575,8349563238,2184499021,8349563231,2184499023,8349563230,8349563305],[2184499017,8349563265,1937711036,1937713783,1937711039]]
[[2184499017,2400351125,2400351127,1931990422,5981067880],[2184499026,278660706,8349563695,6444510073,2402273633,2397991660,8349563400,278376591,8349563398],[2184499017,6647335574,2184499018,8349563244,2184499020,8349563381,2184499026],[1937711039,6647335575,8349563238,2184499021,8349563231,2184499023,8349563230,8349563305],[2184499017,8349563265,1937711036,1937713783,1937711039]]
[[2184499017,2400351125,2400351127,1931990422,5981067880,5981067881],[2184499026,278660706,8349563695,6444510073,2402273633,2397991660,8349563400,278376591,8349563398],[2184499017,6647335574,2184499018,8349563244,2184499020,8349563381,2184499026],[1937711039,6647335575,8349563238,2184499021,8349563231,2184499023,8349563230,8349563305],[2184499017,8349563265,1937711036,1937713783,1937711039]]
[[2184499017,2400351125,2400351127,1931990422,5981067880],[2184499026,278660706,8349563695,6444510073,2402273633,2397991660,8349563400,278376591,8349563398],[2184499017,6647335574,2184499018,8349563244,2184499020,8349563381,2184499026],[1937711039,6647335575,8349563238,2184499021,8349563231,2184499023,8349563230,8349563305],[2184499017,8349563265,1937711036,1937713783,1937711039]]
[[2184499017,2400351125,2428805606,278376793,278376792,5981067889],[2184499026,278660706,8349563695,6444510073,2402273633,2397991660,8349563400,278376591,8349563398],[2184499017,6647335574,2184499018,8349563244,2184499020,8349563381,2184499026],[1937711039,6647335575,8349563238,2184499021,8349563231,2184499023,8349563230,8349563305],[2184499017,8349563265,1937711036,1937713783,1937711039]]
[[2184499017,2400351125,2428805606,278376793,5981067881],[2184499026,278660706,8349563695,6444510073,2402273633,2397991660,8349563400,278376591,8349563398],[2184499017,6647335574,2184499018,8349563244,2184499020,8349563381,2184499026],[1937711039,6647335575,8349563238,2184499021,8349563231,2184499023,8349563230,8349563305],[2184499017,8349563265,1937711036,1937713783,1937711039]]
[[2184499017,2400351125,2400351127,1931990422,5981067880],[2184499026,278660706,8349563695,6444510073,2402273633,2397991660,8349563400,278376591],[2184499017,6647335574,2184499018,8349563244,2184499020,8349563381,2184499026],[1937711039,6647335575,8349563238,2184499021,8349563231,2184499023,8349563230,8349563305],[2184499017,8349563265,1937711036,1937713783,1937711039]]
[[2184499017,2400351125,2400351127,1931990422,5981067880,5981067881],[2184499026,278660706,8349563695,6444510073,2402273633,2397991660,8349563400,278376591],[2184499017,6647335574,2184499018,8349563244,2184499020,8349563381,2184499026],[1937711039,6647335575,8349563238,2184499021,8349563231,2184499023,8349563230,8349563305],[2184499017,8349563265,1937711036,1937713783,1937711039]]
[[2184499017,2400351125,2400351127,1931990422,5981067880],[2184499026,278660706,8349563695,6444510073,2402273633,2397991660,8349563400,278376591],[2184499017,6647335574,2184499018,8349563244,2184499020,8349563381,2184499026],[1937711039,6647335575,8349563238,2184499021,8349563231,2184499023,8349563230,8349563305],[2184499017,8349563265,1937711036,1937713783,1937711039]]
[[2184499017,2400351125,2428805606,278376793,278376792,5981067889],[2184499026,278660706,8349563695,6444510073,2402273633,2397991660,8349563400,278376591],[2184499017,6647335574,2184499018,8349563244,2184499020,8349563381,2184499026],[1937711039,6647335575,8349563238,2184499021,8349563231,2184499023,8349563230,8349563305],[2184499017,8349563265,1937711036,1937713783,1937711039]]
[[2184499017,2400351125,2428805606,278376793,5981067881],[2184499026,278660706,8349563695,6444510073,2402273633,2397991660,8349563400,278376591],[2184499017,6647335574,2184499018,8349563244,2184499020,8349563381,2184499026],[1937711039,6647335575,8349563238,2184499021,8349563231,2184499023,8349563230,8349563305],[2184499017,8349563265,1937711036,1937713783,1937711039]]
[[2184499017,2400351125,2400351127,1931990422,5981067880],[2184499026,278660706,8349563695,6444510073,2402273633,2397991660,8349563400],[2184499017,6647335574,2184499018,8349563244,2184499020,8349563381,2184499026],[1937711039,6647335575,8349563238,2184499021,8349563231,2184499023,8349563230,8349563305],[2184499017,8349563265,1937711036,1937713783,1937711039]]
[[2184499017,2400351125,2400351127,1931990422,5981067880,5981067881],[2184499026,278660706,8349563695,6444510073,2402273633,2397991660,8349563400],[2184499017,6647335574,2184499018,8349563244,2184499020,8349563381,2184499026],[1937711039,6647335575,8349563238,2184499021,8349563231,2184499023,8349563230,8349563305],[2184499017,8349563265,1937711036,1937713783,1937711039]]
[[2184499017,2400351125,2400351127,1931990422,5981067880],[2184499026,278660706,8349563695,6444510073,2402273633,2397991660,8349563400],[2184499017,6647335574,2184499018,8349563244,2184499020,8349563381,2184499026],[1937711039,6647335575,8349563238,2184499021,8349563231,2184499023,8349563230,8349563305],[2184499017,8349563265,1937711036,1937713783,1937711039]]
[[2184499017,2400351125,2428805606,278376793,278376792,5981067889],[2184499026,278660706,8349563695,6444510073,2402273633,2397991660,8349563400],[2184499017,6647335574,2184499018,8349563244,2184499020,8349563381,2184499026],[1937711039,6647335575,8349563238,2184499021,8349563231,2184499023,8349563230,8349563305],[2184499017,8349563265,1937711036,1937713783,1937711039]]
[[2184499017,2400351125,2428805606,278376793,5981067881],[2184499026,278660706,8349563695,6444510073,2402273633,2397991660,8349563400],[2184499017,6647335574,2184499018,8349563244,2184499020,8349563381,2184499026],[1937711039,6647335575,8349563238,2184499021,8349563231,2184499023,8349563230,8349563305],[2184499017,8349563265,1937711036,1937713783,1937711039]]
[[2184499017,2400351125,2400351127,1931990422,5981067880],[2184499026,278660706,8349563695,6444510073,2402273633,2397991660,8349563400,278376591,8349563398,2402273648,8349563405,4526092202],[2184499017,6647335574,2184499018,8349563244,2184499020,8349563381,2184499026],[1937711039,6647335575,8349563238,2184499021,8349563231,2184499023,8349563230],[2184499017,8349563265,1937711036,1937713783,1937711039]]
[[2184499017,2400351125,2400351127,1931990422,5981067880,5981067881],[2184499026,278660706,8349563695,6444510073,2402273633,2397991660,8349563400,278376591,8349563398,2402273648,8349563405,4526092202],[2184499017,6647335574,2184499018,8349563244,2184499020,8349563381,2184499026],[1937711039,6647335575,8349563238,2184499021,8349563231,2184499023,8349563230],[2184499017,8349563265,1937711036,1937713783,1937711039]]
[[2184499017,2400351125,2400351127,1931990422,5981067880],[2184499026,278660706,8349563695,6444510073,2402273633,2397991660,8349563400,278376591,8349563398,2402273648,8349563405,4526092202],[2184499017,6647335574,2184499018,8349563244,2184499020,8349563381,2184499026],[1937711039,6647335575,8349563238,2184499021,8349563231,2184499023,8349563230],[2184499017,8349563265,1937711036,1937713783,1937711039]]
[[2184499017,2400351125,2428805606,278376793,278376792,5981067889],[2184499026,278660706,8349563695,6444510073,2402273633,2397991660,8349563400,278376591,8349563398,2402273648,8349563405,4526092202],[2184499017,6647335574,2184499018,8349563244,2184499020,8349563381,2184499026],[1937711039,6647335575,8349563238,2184499021,8349563231,2184499023,8349563230],[2184499017,8349563265,1937711036,1937713783,1937711039]]
[[2184499017,2400351125,2428805606,278376793,5981067881],[2184499026,278660706,8349563695,6444510073,2402273633,2397991660,8349563400,278376591,8349563398,2402273648,8349563405,4526092202],[2184499017,6647335574,2184499018,8349563244,2184499020,8349563381,2184499026],[1937711039,6647335575,8349563238,2184499021,8349563231,2184499023,8349563230],[2184499017,8349563265,1937711036,1937713783,1937711039]]
[[2184499017,2400351125,2400351127,1931990422,5981067880],[2184499026,278660706,8349563695,6444510073,2402273633,2397991660,8349563400,278376591,8349563398,2402273648,8349563405],[2184499017,6647335574,2184499018,8349563244,2184499020,8349563381,2184499026],[1937711039,6647335575,8349563238,2184499021,8349563231,2184499023,8349563230],[2184499017,8349563265,1937711036,1937713783,1937711039]]
[[2184499017,2400351125,2400351127,1931990422,5981067880,5981067881],[2184499026,278660706,8349563695,6444510073,2402273633,2397991660,8349563400,278376591,8349563398,2402273648,8349563405],[2184499017,6647335574,2184499018,8349563244,2184499020,8349563381,2184499026],[1937711039,6647335575,8349563238,2184499021,8349563231,2184499023,8349563230],[2184499017,8349563265,1937711036,1937713783,1937711039]]
[[2184499017,2400351125,2400351127,1931990422,5981067880],[2184499026,278660706,8349563695,6444510073,2402273633,2397991660,8349563400,278376591,8349563398,2402273648,8349563405],[2184499017,6647335574,2184499018,8349563244,2184499020,8349563381,2184499026],[1937711039,6647335575,8349563238,2184499021,8349563231,2184499023,8349563230],[2184499017,8349563265,1937711036,1937713783,1937711039]]
[[2184499017,2400351125,2428805606,278376793,278376792,5981067889],[2184499026,278660706,8349563695,6444510073,2402273633,2397991660,8349563400,278376591,8349563398,2402273648,8349563405],[2184499017,6647335574,2184499018,8349563244,2184499020,8349563381,2184499026],[1937711039,6647335575,8349563238,2184499021,8349563231,2184499023,8349563230],[2184499017,8349563265,1937711036,1937713783,1937711039]]
[[2184499017,2400351125,2428805606,278376793,5981067881],[2184499026,278660706,8349563695,6444510073,2402273633,2397991660,8349563400,278376591,8349563398,2402273648,8349563405],[2184499017,6647335574,2184499018,8349563244,2184499020,8349563381,2184499026],[1937711039,6647335575,8349563238,2184499021,8349563231,2184499023,8349563230],[2184499017,8349563265,1937711036,1937713783,1937711039]]
[[2184499017,2400351125,2400351127,1931990422,5981067880],[2184499026,278660706,8349563695,6444510073,2402273633,2397991660,8349563400,278376591,8349563398,2402273648],[2184499017,6647335574,2184499018,8349563244,2184499020,8349563381,2184499026],[1937711039,6647335575,8349563238,2184499021,8349563231,2184499023,8349563230],[2184499017,8349563265,1937711036,1937713783,1937711039]]
[[2184499017,2400351125,2400351127,1931990422,5981067880,5981067881],[2184499026,278660706,8349563695,6444510073,2402273633,2397991660,8349563400,278376591,8349563398,2402273648],[2184499017,6647335574,2184499018,8349563244,2184499020,8349563381,2184499026],[1937711039,6647335575,8349563238,2184499021,8349563231,2184499023,8349563230],[2184499017,8349563265,1937711036,1937713783,1937711039]]
[[2184499017,2400351125,2400351127,1931990422,5981067880],[2184499026,278660706,8349563695,6444510073,2402273633,2397991660,8349563400,278376591,8349563398,2402273648],[2184499017,6647335574,2184499018,8349563244,2184499020,8349563381,2184499026],[1937711039,6647335575,8349563238,2184499021,8349563231,2184499023,8349563230],[2184499017,8349563265,1937711036,1937713783,1937711039]]
[[2184499017,2400351125,2428805606,278376793,278376792,5981067889],[2184499026,278660706,8349563695,6444510073,2402273633,2397991660,8349563400,278376591,8349563398,2402273648],[2184499017,6647335574,2184499018,8349563244,2184499020,8349563381,2184499026],[1937711039,6647335575,8349563238,2184499021,8349563231,2184499023,8349563230],[2184499017,8349563265,1937711036,1937713783,1937711039]]
[[2184499017,2400351125,2428805606,278376793,5981067881],[2184499026,278660706,8349563695,6444510073,2402273633,2397991660,8349563400,278376591,8349563398,2402273648],[2184499017,6647335574,2184499018,8349563244,2184499020,8349563381,2184499026],[1937711039,6647335575,8349563238,2184499021,8349563231,2184499023,8349563230],[2184499017,8349563265,1937711036,1937713783,1937711039]]
[[2184499017,2400351125,2400351127,1931990422,5981067880],[2184499026,278660706,8349563695,6444510073,2402273633,2397991660,8349563400,278376591,8349563398],[2184499017,6647335574,2184499018,8349563244,2184499020,8349563381,2184499026],[1937711039,6647335575,8349563238,2184499021,8349563231,2184499023,8349563230],[2184499017,8349563265,1937711036,1937713783,1937711039]]
[[2184499017,2400351125,2400351127,1931990422,5981067880,5981067881],[2184499026,278660706,8349563695,6444510073,2402273633,2397991660,8349563400,278376591,8349563398],[2184499017,6647335574,2184499018,8349563244,2184499020,8349563381,2184499026],[1937711039,6647335575,8349563238,2184499021,8349563231,2184499023,8349563230],[2184499017,8349563265,1937711036,1937713783,1937711039]]
[[2184499017,2400351125,2400351127,1931990422,5981067880],[2184499026,278660706,8349563695,6444510073,2402273633,2397991660,8349563400,278376591,8349563398],[2184499017,6647335574,2184499018,8349563244,2184499020,8349563381,2184499026],[1937711039,6647335575,8349563238,2184499021,8349563231,2184499023,8349563230],[2184499017,8349563265,1937711036,1937713783,1937711039]]
[[2184499017,2400351125,2428805606,278376793,278376792,5981067889],[2184499026,278660706,8349563695,6444510073,2402273633,2397991660,8349563400,278376591,8349563398],[2184499017,6647335574,2184499018,8349563244,2184499020,8349563381,2184499026],[1937711039,6647335575,8349563238,2184499021,8349563231,2184499023,8349563230],[2184499017,8349563265,1937711036,1937713783,1937711039]]
[[2184499017,2400351125,2428805606,278376793,5981067881],[2184499026,278660706,8349563695,6444510073,2402273633,2397991660,8349563400,278376591,8349563398],[2184499017,6647335574,2184499018,8349563244,2184499020,8349563381,2184499026],[1937711039,6647335575,8349563238,2184499021,8349563231,2184499023,8349563230],[2184499017,8349563265,1937711036,1937713783,1937711039]]
[[2184499017,2400351125,2400351127,1931990422,5981067880],[2184499026,278660706,8349563695,6444510073,2402273633,2397991660,8349563400,278376591],[2184499017,6647335574,2184499018,8349563244,2184499020,8349563381,2184499026],[1937711039,6647335575,8349563238,2184499021,8349563231,2184499023,8349563230],[2184499017,8349563265,1937711036,1937713783,1937711039]]
[[2184499017,2400351125,2400351127,1931990422,5981067880,5981067881],[2184499026,278660706,8349563695,6444510073,2402273633,2397991660,8349563400,278376591],[2184499017,6647335574,2184499018,8349563244,2184499020,8349563381,2184499026],[1937711039,6647335575,8349563238,2184499021,8349563231,2184499023,8349563230],[2184499017,8349563265,1937711036,1937713783,1937711039]]
[[2184499017,2400351125,2400351127,1931990422,5981067880],[2184499026,278660706,8349563695,6444510073,2402273633,2397991660,8349563400,278376591],[2184499017,6647335574,2184499018,8349563244,2184499020,8349563381,2184499026],[1937711039,6647335575,8349563238,2184499021,8349563231,2184499023,8349563230],[2184499017,8349563265,1937711036,1937713783,1937711039]]
[[2184499017,2400351125,2428805606,278376793,278376792,5981067889],[2184499026,278660706,8349563695,6444510073,2402273633,2397991660,8349563400,278376591],[2184499017,6647335574,2184499018,8349563244,2184499020,8349563381,2184499026],[1937711039,6647335575,8349563238,2184499021,8349563231,2184499023,8349563230],[2184499017,8349563265,1937711036,1937713783,1937711039]]
[[2184499017,2400351125,2428805606,278376793,5981067881],[2184499026,278660706,8349563695,6444510073,2402273633,2397991660,8349563400,278376591],[2184499017,6647335574,2184499018,8349563244,2184499020,8349563381,2184499026],[1937711039,6647335575,8349563238,2184499021,8349563231,2184499023,8349563230],[2184499017,8349563265,1937711036,1937713783,1937711039]]
[[2184499017,2400351125,2400351127,1931990422,5981067880],[2184499026,278660706,8349563695,6444510073,2402273633,2397991660,8349563400],[2184499017,6647335574,2184499018,8349563244,2184499020,8349563381,2184499026],[1937711039,6647335575,8349563238,2184499021,8349563231,2184499023,8349563230],[2184499017,8349563265,1937711036,1937713783,1937711039]]
[[2184499017,2400351125,2400351127,1931990422,5981067880,5981067881],[2184499026,278660706,8349563695,6444510073,2402273633,2397991660,8349563400],[2184499017,6647335574,2184499018,8349563244,2184499020,8349563381,2184499026],[1937711039,6647335575,8349563238,2184499021,8349563231,2184499023,8349563230],[2184499017,8349563265,1937711036,1937713783,1937711039]]
[[2184499017,2400351125,2400351127,1931990422,5981067880],[2184499026,278660706,8349563695,6444510073,2402273633,2397991660,8349563400],[2184499017,6647335574,2184499018,8349563244,2184499020,8349563381,2184499026],[1937711039,6647335575,8349563238,2184499021,8349563231,2184499023,8349563230],[2184499017,8349563265,1937711036,1937713783,1937711039]]
[[2184499017,2400351125,2428805606,278376793,278376792,5981067889],[2184499026,278660706,8349563695,6444510073,2402273633,2397991660,8349563400],[2184499017,6647335574,2184499018,8349563244,2184499020,8349563381,2184499026],[1937711039,6647335575,8349563238,2184499021,8349563231,2184499023,8349563230],[2184499017,8349563265,1937711036,1937713783,1937711039]]
[[2184499017,2400351125,2428805606,278376793,5981067881],[2184499026,278660706,8349563695,6444510073,2402273633,2397991660,8349563400],[2184499017,6647335574,2184499018,8349563244,2184499020,8349563381,2184499026],[1937711039,6647335575,8349563238,2184499021,8349563231,2184499023,8349563230],[2184499017,8349563265,1937711036,1937713783,1937711039]]
[[2184499017,2400351125,2400351127,1931990422,5981067880],[2184499026,278660706,8349563695,6444510073,2402273633,2397991660,8349563400,278376591,8349563398,2402273648,8349563405,4526092202],[2184499017,6647335574,2184499018,8349563244,2184499020,8349563381,2184499026],[1937711039,6647335575,8349563238,2184499021,8349563231,2184499023],[2184499017,8349563265,1937711036,1937713783,1937711039]]
[[2184499017,2400351125,2400351127,1931990422,5981067880,5981067881],[2184499026,278660706,8349563695,6444510073,2402273633,2397991660,8349563400,278376591,8349563398,2402273648,8349563405,4526092202],[2184499017,6647335574,2184499018,8349563244,2184499020,8349563381,2184499026],[1937711039,6647335575,8349563238,2184499021,8349563231,2184499023],[2184499017,8349563265,1937711036,1937713783,1937711039]]
[[2184499017,2400351125,2400351127,1931990422,5981067880],[2184499026,278660706,8349563695,6444510073,2402273633,2397991660,8349563400,278376591,8349563398,2402273648,8349563405,4526092202],[2184499017,6647335574,2184499018,8349563244,2184499020,8349563381,2184499026],[1937711039,6647335575,8349563238,2184499021,8349563231,2184499023],[2184499017,8349563265,1937711036,1937713783,1937711039]]
[[2184499017,2400351125,2428805606,278376793,278376792,5981067889],[2184499026,278660706,8349563695,6444510073,2402273633,2397991660,8349563400,278376591,8349563398,2402273648,8349563405,4526092202],[2184499017,6647335574,2184499018,8349563244,2184499020,8349563381,2184499026],[1937711039,6647335575,8349563238,2184499021,8349563231,2184499023],[2184499017,8349563265,1937711036,1937713783,1937711039]]
[[2184499017,2400351125,2428805606,278376793,5981067881],[2184499026,278660706,8349563695,6444510073,2402273633,2397991660,8349563400,278376591,8349563398,2402273648,8349563405,4526092202],[2184499017,6647335574,2184499018,8349563244,2184499020,8349563381,2184499026],[1937711039,6647335575,8349563238,2184499021,8349563231,2184499023],[2184499017,8349563265,1937711036,1937713783,1937711039]]
[[2184499017,2400351125,2400351127,1931990422,5981067880],[2184499026,278660706,8349563695,6444510073,2402273633,2397991660,8349563400,278376591,8349563398,2402273648,8349563405],[2184499017,6647335574,2184499018,8349563244,2184499020,8349563381,2184499026],[1937711039,6647335575,8349563238,2184499021,8349563231,2184499023],[2184499017,8349563265,1937711036,1937713783,1937711039]]
[[2184499017,2400351125,2400351127,1931990422,5981067880,5981067881],[2184499026,278660706,8349563695,6444510073,2402273633,2397991660,8349563400,278376591,8349563398,2402273648,8349563405],[2184499017,6647335574,2184499018,8349563244,2184499020,8349563381,2184499026],[1937711039,6647335575,8349563238,2184499021,8349563231,2184499023],[2184499017,8349563265,1937711036,1937713783,1937711039]]
[[2184499017,2400351125,2400351127,1931990422,5981067880],[2184499026,278660706,8349563695,6444510073,2402273633,2397991660,8349563400,278376591,8349563398,2402273648,8349563405],[2184499017,6647335574,2184499018,8349563244,2184499020,8349563381,2184499026],[1937711039,6647335575,8349563238,2184499021,8349563231,2184499023],[2184499017,8349563265,1937711036,1937713783,1937711039]]
[[2184499017,2400351125,2428805606,278376793,278376792,5981067889],[2184499026,278660706,8349563695,6444510073,2402273633,2397991660,8349563400,278376591,8349563398,2402273648,8349563405],[2184499017,6647335574,2184499018,8349563244,2184499020,8349563381,2184499026],[1937711039,6647335575,8349563238,2184499021,8349563231,2184499023],[2184499017,8349563265,1937711036,1937713783,1937711039]]
[[2184499017,2400351125,2428805606,278376793,5981067881],[2184499026,278660706,8349563695,6444510073,2402273633,2397991660,8349563400,278376591,8349563398,2402273648,8349563405],[2184499017,6647335574,2184499018,8349563244,2184499020,8349563381,2184499026],[1937711039,6647335575,8349563238,2184499021,8349563231,2184499023],[2184499017,8349563265,1937711036,1937713783,1937711039]]
[[2184499017,2400351125,2400351127,1931990422,5981067880],[2184499026,278660706,8349563695,6444510073,2402273633,2397991660,8349563400,278376591,8349563398,2402273648],[2184499017,6647335574,2184499018,8349563244,2184499020,8349563381,2184499026],[1937711039,6647335575,8349563238,2184499021,8349563231,2184499023],[2184499017,8349563265,1937711036,1937713783,1937711039]]
[[2184499017,2400351125,2400351127,1931990422,5981067880,5981067881],[2184499026,278660706,8349563695,6444510073,2402273633,2397991660,8349563400,278376591,8349563398,2402273648],[2184499017,6647335574,2184499018,8349563244,2184499020,8349563381,2184499026],[1937711039,6647335575,8349563238,2184499021,8349563231,2184499023],[2184499017,8349563265,1937711036,1937713783,1937711039]]
[[2184499017,2400351125,2400351127,1931990422,5981067880],[2184499026,278660706,8349563695,6444510073,2402273633,2397991660,8349563400,278376591,8349563398,2402273648],[2184499017,6647335574,2184499018,8349563244,2184499020,8349563381,2184499026],[1937711039,6647335575,8349563238,2184499021,8349563231,2184499023],[2184499017,8349563265,1937711036,1937713783,1937711039]]
[[2184499017,2400351125,2428805606,278376793,278376792,5981067889],[2184499026,278660706,8349563695,6444510073,2402273633,2397991660,8349563400,278376591,8349563398,2402273648],[2184499017,6647335574,2184499018,8349563244,2184499020,8349563381,2184499026],[1937711039,6647335575,8349563238,2184499021,8349563231,2184499023],[2184499017,8349563265,1937711036,1937713783,1937711039]]
[[2184499017,2400351125,2428805606,278376793,5981067881],[2184499026,278660706,8349563695,6444510073,2402273633,2397991660,8349563400,278376591,8349563398,2402273648],[2184499017,6647335574,2184499018,8349563244,2184499020,8349563381,2184499026],[1937711039,6647335575,8349563238,2184499021,8349563231,2184499023],[2184499017,8349563265,1937711036,1937713783,1937711039]]
[[2184499017,2400351125,2400351127,1931990422,5981067880],[2184499026,278660706,8349563695,6444510073,2402273633,2397991660,8349563400,278376591,8349563398],[2184499017,6647335574,2184499018,8349563244,2184499020,8349563381,2184499026],[1937711039,6647335575,8349563238,2184499021,8349563231,2184499023],[2184499017,8349563265,1937711036,1937713783,1937711039]]
[[2184499017,2400351125,2400351127,1931990422,5981067880,5981067881],[2184499026,278660706,8349563695,6444510073,2402273633,2397991660,8349563400,278376591,8349563398],[2184499017,6647335574,2184499018,8349563244,2184499020,8349563381,2184499026],[1937711039,6647335575,8349563238,2184499021,8349563231,2184499023],[2184499017,8349563265,1937711036,1937713783,1937711039]]
[[2184499017,2400351125,2400351127,1931990422,5981067880],[2184499026,278660706,8349563695,6444510073,2402273633,2397991660,8349563400,278376591,8349563398],[2184499017,6647335574,2184499018,8349563244,2184499020,8349563381,2184499026],[1937711039,6647335575,8349563238,2184499021,8349563231,2184499023],[2184499017,8349563265,1937711036,1937713783,1937711039]]
[[2184499017,2400351125,2428805606,278376793,278376792,5981067889],[2184499026,278660706,8349563695,6444510073,2402273633,2397991660,8349563400,278376591,8349563398],[2184499017,6647335574,2184499018,8349563244,2184499020,8349563381,2184499026],[1937711039,6647335575,8349563238,2184499021,8349563231,2184499023],[2184499017,8349563265,1937711036,1937713783,1937711039]]
[[2184499017,2400351125,2428805606,278376793,5981067881],[2184499026,278660706,8349563695,6444510073,2402273633,2397991660,8349563400,278376591,8349563398],[2184499017,6647335574,2184499018,8349563244,2184499020,8349563381,2184499026],[1937711039,6647335575,8349563238,2184499021,8349563231,2184499023],[2184499017,8349563265,1937711036,1937713783,1937711039]]
[[2184499017,2400351125,2400351127,1931990422,5981067880],[2184499026,278660706,8349563695,6444510073,2402273633,2397991660,8349563400,278376591],[2184499017,6647335574,2184499018,8349563244,2184499020,8349563381,2184499026],[1937711039,6647335575,8349563238,2184499021,8349563231,2184499023],[2184499017,8349563265,1937711036,1937713783,1937711039]]
[[2184499017,2400351125,2400351127,1931990422,5981067880,5981067881],[2184499026,278660706,8349563695,6444510073,2402273633,2397991660,8349563400,278376591],[2184499017,6647335574,2184499018,8349563244,2184499020,8349563381,2184499026],[1937711039,6647335575,8349563238,2184499021,8349563231,2184499023],[2184499017,8349563265,1937711036,1937713783,1937711039]]
[[2184499017,2400351125,2400351127,1931990422,5981067880],[2184499026,278660706,8349563695,6444510073,2402273633,2397991660,8349563400,278376591],[2184499017,6647335574,2184499018,8349563244,2184499020,8349563381,2184499026],[1937711039,6647335575,8349563238,2184499021,8349563231,2184499023],[2184499017,8349563265,1937711036,1937713783,1937711039]]
[[2184499017,2400351125,2428805606,278376793,278376792,5981067889],[2184499026,278660706,8349563695,6444510073,2402273633,2397991660,8349563400,278376591],[2184499017,6647335574,2184499018,8349563244,2184499020,8349563381,2184499026],[1937711039,6647335575,8349563238,2184499021,8349563231,2184499023],[2184499017,8349563265,1937711036,1937713783,1937711039]]
[[2184499017,2400351125,2428805606,278376793,5981067881],[2184499026,278660706,8349563695,6444510073,2402273633,2397991660,8349563400,278376591],[2184499017,6647335574,2184499018,8349563244,2184499020,8349563381,2184499026],[1937711039,6647335575,8349563238,2184499021,8349563231,2184499023],[2184499017,8349563265,1937711036,1937713783,1937711039]]
[[2184499017,2400351125,2400351127,1931990422,5981067880],[2184499026,278660706,8349563695,6444510073,2402273633,2397991660,8349563400],[2184499017,6647335574,2184499018,8349563244,2184499020,8349563381,2184499026],[1937711039,6647335575,8349563238,2184499021,8349563231,2184499023],[2184499017,8349563265,1937711036,1937713783,1937711039]]
[[2184499017,2400351125,2400351127,1931990422,5981067880,5981067881],[2184499026,278660706,8349563695,6444510073,2402273633,2397991660,8349563400],[2184499017,6647335574,2184499018,8349563244,2184499020,8349563381,2184499026],[1937711039,6647335575,8349563238,2184499021,8349563231,2184499023],[2184499017,8349563265,1937711036,1937713783,1937711039]]
[[2184499017,2400351125,2400351127,1931990422,5981067880],[2184499026,278660706,8349563695,6444510073,2402273633,2397991660,8349563400],[2184499017,6647335574,2184499018,8349563244,2184499020,8349563381,2184499026],[1937711039,6647335575,8349563238,2184499021,8349563231,2184499023],[2184499017,8349563265,1937711036,1937713783,1937711039]]
[[2184499017,2400351125,2428805606,278376793,278376792,5981067889],[2184499026,278660706,8349563695,6444510073,2402273633,2397991660,8349563400],[2184499017,6647335574,2184499018,8349563244,2184499020,8349563381,2184499026],[1937711039,6647335575,8349563238,2184499021,8349563231,2184499023],[2184499017,8349563265,1937711036,1937713783,1937711039]]
[[2184499017,2400351125,2428805606,278376793,5981067881],[2184499026,278660706,8349563695,6444510073,2402273633,2397991660,8349563400],[2184499017,6647335574,2184499018,8349563244,2184499020,8349563381,2184499026],[1937711039,6647335575,8349563238,2184499021,8349563231,2184499023],[2184499017,8349563265,1937711036,1937713783,1937711039]]
[[2184499017,2400351125,2400351127,1931990422,5981067880],[2184499026,278660706,8349563695,6444510073,2402273633,2397991660,8349563400,278376591,8349563398,2402273648,8349563405,4526092202],[2184499017,6647335574,2184499018,8349563244,2184499020,8349563381,2184499026],[1937711039,6647335575,8349563238,2184499021,8349563231],[2184499017,8349563265,1937711036,1937713783,1937711039]]
[[2184499017,2400351125,2400351127,1931990422,5981067880,5981067881],[2184499026,278660706,8349563695,6444510073,2402273633,2397991660,8349563400,278376591,8349563398,2402273648,8349563405,4526092202],[2184499017,6647335574,2184499018,8349563244,2184499020,8349563381,2184499026],[1937711039,6647335575,8349563238,2184499021,8349563231],[2184499017,8349563265,1937711036,1937713783,1937711039]]
[[2184499017,2400351125,2400351127,1931990422,5981067880],[2184499026,278660706,8349563695,6444510073,2402273633,2397991660,8349563400,278376591,8349563398,2402273648,8349563405,4526092202],[2184499017,6647335574,2184499018,8349563244,2184499020,8349563381,2184499026],[1937711039,6647335575,8349563238,2184499021,8349563231],[2184499017,8349563265,1937711036,1937713783,1937711039]]
[[2184499017,2400351125,2428805606,278376793,278376792,5981067889],[2184499026,278660706,8349563695,6444510073,2402273633,2397991660,8349563400,278376591,8349563398,2402273648,8349563405,4526092202],[2184499017,6647335574,2184499018,8349563244,2184499020,8349563381,2184499026],[1937711039,6647335575,8349563238,2184499021,8349563231],[2184499017,8349563265,1937711036,1937713783,1937711039]]
[[2184499017,2400351125,2428805606,278376793,5981067881],[2184499026,278660706,8349563695,6444510073,2402273633,2397991660,8349563400,278376591,8349563398,2402273648,8349563405,4526092202],[2184499017,6647335574,2184499018,8349563244,2184499020,8349563381,2184499026],[1937711039,6647335575,8349563238,2184499021,8349563231],[2184499017,8349563265,1937711036,1937713783,1937711039]]
[[2184499017,2400351125,2400351127,1931990422,5981067880],[2184499026,278660706,8349563695,6444510073,2402273633,2397991660,8349563400,278376591,8349563398,2402273648,8349563405],[2184499017,6647335574,2184499018,8349563244,2184499020,8349563381,2184499026],[1937711039,6647335575,8349563238,2184499021,8349563231],[2184499017,8349563265,1937711036,1937713783,1937711039]]
[[2184499017,2400351125,2400351127,1931990422,5981067880,5981067881],[2184499026,278660706,8349563695,6444510073,2402273633,2397991660,8349563400,278376591,8349563398,2402273648,8349563405],[2184499017,6647335574,2184499018,8349563244,2184499020,8349563381,2184499026],[1937711039,6647335575,8349563238,2184499021,8349563231],[2184499017,8349563265,1937711036,1937713783,1937711039]]
[[2184499017,2400351125,2400351127,1931990422,5981067880],[2184499026,278660706,8349563695,6444510073,2402273633,2397991660,8349563400,278376591,8349563398,2402273648,8349563405],[2184499017,6647335574,2184499018,8349563244,2184499020,8349563381,2184499026],[1937711039,6647335575,8349563238,2184499021,8349563231],[2184499017,8349563265,1937711036,1937713783,1937711039]]
[[2184499017,2400351125,2428805606,278376793,278376792,5981067889],[2184499026,278660706,8349563695,6444510073,2402273633,2397991660,8349563400,278376591,8349563398,2402273648,8349563405],[2184499017,6647335574,2184499018,8349563244,2184499020,8349563381,2184499026],[1937711039,6647335575,8349563238,2184499021,8349563231],[2184499017,8349563265,1937711036,1937713783,1937711039]]
[[2184499017,2400351125,2428805606,278376793,5981067881],[2184499026,278660706,8349563695,6444510073,2402273633,2397991660,8349563400,278376591,8349563398,2402273648,8349563405],[2184499017,6647335574,2184499018,8349563244,2184499020,8349563381,2184499026],[1937711039,6647335575,8349563238,2184499021,8349563231],[2184499017,8349563265,1937711036,1937713783,1937711039]]
[[2184499017,2400351125,2400351127,1931990422,5981067880],[2184499026,278660706,8349563695,6444510073,2402273633,2397991660,8349563400,278376591,8349563398,2402273648],[2184499017,6647335574,2184499018,8349563244,2184499020,8349563381,2184499026],[1937711039,6647335575,8349563238,2184499021,8349563231],[2184499017,8349563265,1937711036,1937713783,1937711039]]
[[2184499017,2400351125,2400351127,1931990422,5981067880,5981067881],[2184499026,278660706,8349563695,6444510073,2402273633,2397991660,8349563400,278376591,8349563398,2402273648],[2184499017,6647335574,2184499018,8349563244,2184499020,8349563381,2184499026],[1937711039,6647335575,8349563238,2184499021,8349563231],[2184499017,8349563265,1937711036,1937713783,1937711039]]
[[2184499017,2400351125,2400351127,1931990422,5981067880],[2184499026,278660706,8349563695,6444510073,2402273633,2397991660,8349563400,278376591,8349563398,2402273648],[2184499017,6647335574,2184499018,8349563244,2184499020,8349563381,2184499026],[1937711039,6647335575,8349563238,2184499021,8349563231],[2184499017,8349563265,1937711036,1937713783,1937711039]]
[[2184499017,2400351125,2428805606,278376793,278376792,5981067889],[2184499026,278660706,8349563695,6444510073,2402273633,2397991660,8349563400,278376591,8349563398,2402273648],[2184499017,6647335574,2184499018,8349563244,2184499020,8349563381,2184499026],[1937711039,6647335575,8349563238,2184499021,8349563231],[2184499017,8349563265,1937711036,1937713783,1937711039]]
[[2184499017,2400351125,2428805606,278376793,5981067881],[2184499026,278660706,8349563695,6444510073,2402273633,2397991660,8349563400,278376591,8349563398,2402273648],[2184499017,6647335574,2184499018,8349563244,2184499020,8349563381,2184499026],[1937711039,6647335575,8349563238,2184499021,8349563231],[2184499017,8349563265,1937711036,1937713783,1937711039]]
[[2184499017,2400351125,2400351127,1931990422,5981067880],[2184499026,278660706,8349563695,6444510073,2402273633,2397991660,8349563400,278376591,8349563398],[2184499017,6647335574,2184499018,8349563244,2184499020,8349563381,2184499026],[1937711039,6647335575,8349563238,2184499021,8349563231],[2184499017,8349563265,1937711036,1937713783,1937711039]]
[[2184499017,2400351125,2400351127,1931990422,5981067880,5981067881],[2184499026,278660706,8349563695,6444510073,2402273633,2397991660,8349563400,278376591,8349563398],[2184499017,6647335574,2184499018,8349563244,2184499020,8349563381,2184499026],[1937711039,6647335575,8349563238,2184499021,8349563231],[2184499017,8349563265,1937711036,1937713783,1937711039]]
[[2184499017,2400351125,2400351127,1931990422,5981067880],[2184499026,278660706,8349563695,6444510073,2402273633,2397991660,8349563400,278376591,8349563398],[2184499017,6647335574,2184499018,8349563244,2184499020,8349563381,2184499026],[1937711039,6647335575,8349563238,2184499021,8349563231],[2184499017,8349563265,1937711036,1937713783,1937711039]]
[[2184499017,2400351125,2428805606,278376793,278376792,5981067889],[2184499026,278660706,8349563695,6444510073,2402273633,2397991660,8349563400,278376591,8349563398],[2184499017,6647335574,2184499018,8349563244,2184499020,8349563381,2184499026],[1937711039,6647335575,8349563238,2184499021,8349563231],[2184499017,8349563265,1937711036,1937713783,1937711039]]
[[2184499017,2400351125,2428805606,278376793,5981067881],[2184499026,278660706,8349563695,6444510073,2402273633,2397991660,8349563400,278376591,8349563398],[2184499017,6647335574,2184499018,8349563244,2184499020,8349563381,2184499026],[1937711039,6647335575,8349563238,2184499021,8349563231],[2184499017,8349563265,1937711036,1937713783,1937711039]]
[[2184499017,2400351125,2400351127,1931990422,5981067880],[2184499026,278660706,8349563695,6444510073,2402273633,2397991660,8349563400,278376591],[2184499017,6647335574,2184499018,8349563244,2184499020,8349563381,2184499026],[1937711039,6647335575,8349563238,2184499021,8349563231],[2184499017,8349563265,1937711036,1937713783,1937711039]]
[[2184499017,2400351125,2400351127,1931990422,5981067880,5981067881],[2184499026,278660706,8349563695,6444510073,2402273633,2397991660,8349563400,278376591],[2184499017,6647335574,2184499018,8349563244,2184499020,8349563381,2184499026],[1937711039,6647335575,8349563238,2184499021,8349563231],[2184499017,8349563265,1937711036,1937713783,1937711039]]
[[2184499017,2400351125,2400351127,1931990422,5981067880],[2184499026,278660706,8349563695,6444510073,2402273633,2397991660,8349563400,278376591],[2184499017,6647335574,2184499018,8349563244,2184499020,8349563381,2184499026],[1937711039,6647335575,8349563238,2184499021,8349563231],[2184499017,8349563265,1937711036,1937713783,1937711039]]
[[2184499017,2400351125,2428805606,278376793,278376792,5981067889],[2184499026,278660706,8349563695,6444510073,2402273633,2397991660,8349563400,278376591],[2184499017,6647335574,2184499018,8349563244,2184499020,8349563381,2184499026],[1937711039,6647335575,8349563238,2184499021,8349563231],[2184499017,8349563265,1937711036,1937713783,1937711039]]
[[2184499017,2400351125,2428805606,278376793,5981067881],[2184499026,278660706,8349563695,6444510073,2402273633,2397991660,8349563400,278376591],[2184499017,6647335574,2184499018,8349563244,2184499020,8349563381,2184499026],[1937711039,6647335575,8349563238,2184499021,8349563231],[2184499017,8349563265,1937711036,1937713783,1937711039]]
[[2184499017,2400351125,2400351127,1931990422,5981067880],[2184499026,278660706,8349563695,6444510073,2402273633,2397991660,8349563400],[2184499017,6647335574,2184499018,8349563244,2184499020,8349563381,2184499026],[1937711039,6647335575,8349563238,2184499021,8349563231],[2184499017,8349563265,1937711036,1937713783,1937711039]]
[[2184499017,2400351125,2400351127,1931990422,5981067880,5981067881],[2184499026,278660706,8349563695,6444510073,2402273633,2397991660,8349563400],[2184499017,6647335574,2184499018,8349563244,2184499020,8349563381,2184499026],[1937711039,6647335575,8349563238,2184499021,8349563231],[2184499017,8349563265,1937711036,1937713783,1937711039]]
[[2184499017,2400351125,2400351127,1931990422,5981067880],[2184499026,278660706,8349563695,6444510073,2402273633,2397991660,8349563400],[2184499017,6647335574,2184499018,8349563244,2184499020,8349563381,2184499026],[1937711039,6647335575,8349563238,2184499021,8349563231],[2184499017,8349563265,1937711036,1937713783,1937711039]]
[[2184499017,2400351125,2428805606,278376793,278376792,5981067889],[2184499026,278660706,8349563695,6444510073,2402273633,2397991660,8349563400],[2184499017,6647335574,2184499018,8349563244,2184499020,8349563381,2184499026],[1937711039,6647335575,8349563238,2184499021,8349563231],[2184499017,8349563265,1937711036,1937713783,1937711039]]
[[2184499017,2400351125,2428805606,278376793,5981067881],[2184499026,278660706,8349563695,6444510073,2402273633,2397991660,8349563400],[2184499017,6647335574,2184499018,8349563244,2184499020,8349563381,2184499026],[1937711039,6647335575,8349563238,2184499021,8349563231],[2184499017,8349563265,1937711036,1937713783,1937711039]]
