[(114.09179890000004, 22.554715900000012), (114.09176725602788, 22.557795479355025), (114.09104910000003, 22.55778810000001), (114.0910807439722, 22.554708520644997), (114.09179890000004, 22.554715900000012), 89.7, (114.09142400000005, 22.55625200000001), 342.0, 74.0, 622.638, 0]
[(114.08155309999998, 22.5491644), (114.08160464184505, 22.545581339284343), (114.0841393, 22.545617799999995), (114.08408775815494, 22.54920086071565), (114.08155309999998, 22.5491644), 269.2, (114.08284619999999, 22.5473911), 398.0, 260.0, 1146.206, 1]
[(114.08675718100189, 22.547182466439967), (114.09107487192595, 22.54723657099761), (114.09104929092405, 22.549278004557646), (114.08673159999998, 22.5492239), (114.08675718100189, 22.547182466439967), 178.6, (114.08890323596296, 22.548230235498803), 443.0, 227.0, 1110.7730000000001, 2]
[(114.08562532974544, 22.54716396234537), (114.09107491986316, 22.54723223345531), (114.09104929011772, 22.549278071109942), (114.0855997, 22.5492098), (114.08562532974544, 22.54716396234537), 178.8, (114.08833730993157, 22.54822101672766), 560.0, 228.0, 1344.5459999999998, 3]
[(114.0552365, 22.5092541), (114.05217191754365, 22.50855908905331), (114.05275184096638, 22.506001973721776), (114.05581642342274, 22.506696984668466), (114.0552365, 22.5092541), 168.4, (114.0539941704832, 22.507628036860886), 324.0, 291.0, 1074.3100000000002, 4]
[(114.05247478285591, 22.507265397018692), (114.05553919537255, 22.508012460420986), (114.0552365, 22.509254100000003), (114.05217208748337, 22.508507036597713), (114.05247478285591, 22.507265397018692), 168.4, (114.05385564142796, 22.50825974850935), 326.0, 142.0, 774.9590000000001, 5]
[(114.0523884384565, 22.50724736385911), (114.05553770266658, 22.508009525157444), (114.05523649999999, 22.509254099999996), (114.05208723578991, 22.508491938701663), (114.0523884384565, 22.50724736385911), 168.6, (114.05381246922825, 22.50825073192955), 334.0, 142.0, 792.7700000000001, 6]
[(114.0552365, 22.5092541), (114.05208519961738, 22.50853942245635), (114.05266512304011, 22.505982307124818), (114.05581642342274, 22.506696984668466), (114.0552365, 22.5092541), 168.6, (114.05395081152008, 22.507618203562412), 333.0, 291.0, 1092.291, 7]
[(114.04419137783074, 22.510557237267633), (114.0439256179634, 22.505704982875873), (114.04550279999998, 22.5056186), (114.04576855986733, 22.51047085439176), (114.04419137783074, 22.510557237267633), 275.2, (114.04484708891536, 22.50808791863382), 540.0, 162.0, 1108.355, 8]
[(114.04258572953114, 22.510749819958907), (114.04231425559246, 22.505793237822004), (114.04550279999998, 22.5056186), (114.04577427393866, 22.5105751821369), (114.04258572953114, 22.510749819958907), 275.2, (114.04404426476557, 22.508184209979454), 552.0, 328.0, 1424.737, 9]
[(114.04057131678579, 22.506335977559125), (114.0455028, 22.505618600000005), (114.04619355708247, 22.510367085527683), (114.04126207386827, 22.511084463086803), (114.04057131678579, 22.506335977559125), 275.2, (114.04338243693411, 22.5083515315434), 533.0, 513.0, 1738.584, 10]
[(114.04414058698467, 22.509629895948603), (114.0439256179634, 22.505704982875873), (114.04550279999998, 22.5056186), (114.04571776902125, 22.509543513072728), (114.04414058698467, 22.509629895948603), 272.3, (114.04482169349234, 22.5076242479743), 437.0, 162.0, 910.3280000000001, 11]
[(114.04220115057288, 22.505964958468823), (114.04550279999998, 22.505618599999995), (114.04590954816217, 22.509495911968695), (114.04260789873507, 22.509842270437524), (114.04220115057288, 22.505964958468823), 272.3, (114.04405534936754, 22.50773043521876), 433.0, 341.0, 1233.212, 12]
[(114.04413640203654, 22.509553486996726), (114.0439256179634, 22.505704982875873), (114.04550279999998, 22.5056186), (114.04571358407313, 22.50946710412085), (114.04413640203654, 22.509553486996726), 272.2, (114.04481960101825, 22.507586043498364), 428.0, 162.0, 893.972, 13]
[(114.04515848360343, 22.50549670591324), (114.0456365, 22.5080597), (114.0425014789964, 22.508644403433784), (114.04202346259983, 22.506081409347026), (114.04515848360343, 22.50549670591324), 189.7, (114.04382998129991, 22.50707055467351), 329.0, 289.0, 1031.0230000000001, 14]
[(114.04886625093769, 22.509482210648542), (114.04558336405348, 22.509346667782353), (114.04564093423579, 22.50795230154438), (114.04892382112, 22.508087844410568), (114.04886625093769, 22.509482210648542), 355.5, (114.04725359258674, 22.50871725609646), 338.0, 155.0, 807.403, 15]
[(114.04886321992403, 22.509555622663882), (114.04558033303982, 22.50942007979769), (114.04564093423579, 22.50795230154438), (114.04892382112, 22.508087844410568), (114.04886321992403, 22.509555622663882), 355.5, (114.04725207707992, 22.50875396210413), 338.0, 163.0, 823.2740000000001, 16]
[(114.0472376, 22.510414099999995), (114.04426846400663, 22.51066242362375), (114.0440618, 22.508191399999998), (114.04703093599336, 22.507943076376243), (114.0472376, 22.510414099999995), 187.0, (114.04564970000001, 22.509302749999993), 306.0, 276.0, 987.9000000000001, 17]
[(114.04421466959566, 22.509509803337423), (114.04718902544099, 22.50937126043212), (114.04723759999999, 22.510414099999995), (114.04426324415466, 22.5105526429053), (114.04421466959566, 22.509509803337423), 187.0, (114.04572613479785, 22.50996195166871), 306.0, 116.0, 673.774, 18]
[(114.04422257815453, 22.50958404020206), (114.04719249296484, 22.5094457041563), (114.04723759999999, 22.510414099999995), (114.04426768518968, 22.510552436045757), (114.04422257815453, 22.50958404020206), 187.0, (114.04573008907727, 22.509999070101028), 305.0, 108.0, 656.626, 19]
[(114.04628921062097, 22.505283760726773), (114.04723760000002, 22.51041410000001), (114.0429704758271, 22.511202916300284), (114.04202208644806, 22.506072577027048), (114.04628921062097, 22.505283760726773), 189.3, (114.04462984322404, 22.50824333851353), 579.0, 447.0, 1873.123, 20]
[(114.0424490584596, 22.50829352917109), (114.0470572364917, 22.507955475457535), (114.0472376, 22.5104141), (114.04262942196792, 22.510752153713554), (114.0424490584596, 22.50829352917109), 189.3, (114.04484332922979, 22.50935381458554), 475.0, 274.0, 1304.282, 21]
[(114.04694236543814, 22.50528855747939), (114.0472685, 22.508019499999996), (114.04408664966768, 22.50839948286533), (114.04376051510582, 22.505668540344722), (114.04694236543814, 22.50528855747939), 186.3, (114.04551450755291, 22.50684402017236), 330.0, 306.0, 1070.923, 22]
[(114.04201312978128, 22.505750309657472), (114.04705201441644, 22.50534277899617), (114.04726850000002, 22.508019500000003), (114.04222961536486, 22.50842703066131), (114.04201312978128, 22.505750309657472), 189.7, (114.04464081489066, 22.506884904828738), 520.0, 298.0, 1394.5159999999998, 23]
[(114.04401120929583, 22.512368853916353), (114.04409402005639, 22.505530875638836), (114.0473164, 22.5055699), (114.04723358923944, 22.512407878277518), (114.04401120929583, 22.512368853916353), 270.1, (114.04566380464793, 22.508969376958177), 760.0, 331.0, 1816.4919999999997, 24]
[(114.04401949411613, 22.510824941270943), (114.04410474125159, 22.50551830708838), (114.04731640000001, 22.505569899999998), (114.04723115286455, 22.51087653418256), (114.04401949411613, 22.510824941270943), 271.1, (114.04566794705806, 22.50819742063547), 590.0, 330.0, 1489.1639999999998, 25]
[(114.04559799481677, 22.51042679148086), (114.0456774349561, 22.50554323915911), (114.04731640000001, 22.505569900000005), (114.04723695986068, 22.510453452321755), (114.04559799481677, 22.51042679148086), 270.6, (114.0464571974084, 22.507998345740436), 543.0, 168.0, 1121.59, 26]
[(114.04402353553284, 22.510543693551053), (114.04410529331001, 22.505517665326135), (114.04731640000001, 22.505569900000005), (114.04723464222285, 22.510595928224923), (114.04402353553284, 22.510543693551053), 270.6, (114.04566996776644, 22.50805679677553), 559.0, 330.0, 1430.4830000000002, 27]
[(114.04227637781742, 22.50593963359176), (114.04731640000001, 22.505569900000005), (114.04766944415051, 22.5103824201218), (114.04262942196792, 22.510752153713554), (114.04227637781742, 22.50593963359176), 270.6, (114.04497291098397, 22.50816102685678), 536.0, 519.0, 1746.865, 28]
[(114.04561170271512, 22.50951453591676), (114.04567941354982, 22.505541998008507), (114.04731640000001, 22.505569900000005), (114.04724868916531, 22.50954243790826), (114.04561170271512, 22.50951453591676), 268.7, (114.04646405135756, 22.507542217958378), 442.0, 168.0, 923.3820000000001, 29]
[(114.04395051774348, 22.505721554408634), (114.04731639999997, 22.505569899999998), (114.04749248730778, 22.509478056381585), (114.04412660505129, 22.50962971079022), (114.04395051774348, 22.505721554408634), 268.7, (114.04572150252564, 22.507599805395106), 435.0, 346.0, 1237.5860000000002, 30]
[(114.04561283600526, 22.509440614388588), (114.04567964702363, 22.50554185183557), (114.04731640000001, 22.5055699), (114.04724958898164, 22.50946866255302), (114.04561283600526, 22.509440614388588), 268.4, (114.04646461800263, 22.507505257194293), 434.0, 168.0, 907.475, 31]
[(114.04273712527231, 22.51075099745674), (114.04218141021806, 22.506095819049328), (114.04378910000003, 22.505903900000007), (114.04434481505427, 22.510559078407418), (114.04273712527231, 22.51075099745674), 277.8, (114.04326311263618, 22.508327448728377), 521.0, 167.0, 1099.7730000000001, 32]
[(114.04120100595905, 22.51108645027896), (114.04062739162015, 22.506281331064947), (114.04378910000003, 22.505903900000007), (114.04436271433893, 22.51070901921402), (114.04120100595905, 22.51108645027896), 277.8, (114.04249505297955, 22.50849517513948), 538.0, 327.0, 1413.62, 33]
[(114.03894682674951, 22.506845527281754), (114.0437891, 22.5059039), (114.04467965768721, 22.510483550303654), (114.03983738443674, 22.51142517758541), (114.03894682674951, 22.506845527281754), 277.8, (114.04181324221837, 22.5086645387927), 517.0, 508.0, 1734.188, 34]
[(114.04262831357511, 22.5098414421456), (114.04218175019199, 22.50609551717711), (114.0437891, 22.505903899999996), (114.04423566338312, 22.509649824968488), (114.04262831357511, 22.5098414421456), 276.6, (114.04320870678755, 22.507872671072796), 419.0, 166.0, 899.415, 35]
[(114.04051971956216, 22.506486304181283), (114.0437891, 22.5059039), (114.04444502835888, 22.50958601529736), (114.04117564792104, 22.510168419478642), (114.04051971956216, 22.506486304181283), 276.6, (114.04248237396051, 22.508036159739323), 415.0, 342.0, 1219.415, 36]
[(114.04261961626399, 22.50976848615293), (114.04218175019199, 22.50609551717711), (114.0437891, 22.505903899999996), (114.044226966072, 22.509576868975817), (114.04261961626399, 22.50976848615293), 276.8, (114.04320435813202, 22.507836193076464), 411.0, 166.0, 883.4250000000001, 37]
[(114.04042695025439, 22.506518382457976), (114.04367504835203, 22.50595633689825), (114.0440618, 22.5081914), (114.04081370190235, 22.508753445559726), (114.04042695025439, 22.506518382457976), 192.0, (114.04224437512718, 22.50735489122899), 339.0, 252.0, 971.455, 38]
[(114.03884551854019, 22.506841054793682), (114.04363754089935, 22.50593859716754), (114.0440618, 22.508191399999998), (114.03926977764083, 22.50909385762614), (114.03884551854019, 22.506841054793682), 193.1, (114.04145365927009, 22.50751622739684), 502.0, 254.0, 1285.2430000000002, 39]
[(114.0440603535481, 22.508053038426016), (114.04726849999999, 22.5080195), (114.04729352738173, 22.510413515327077), (114.04408538092984, 22.510447053753094), (114.0440603535481, 22.508053038426016), 359.3, (114.04567694046492, 22.509233276876547), 330.0, 266.0, 1011.584, 40]
[(114.04730466383249, 22.509487643648235), (114.04409567659302, 22.509566688554504), (114.04405951276051, 22.50809854490626), (114.04726849999999, 22.508019499999993), (114.04730466383249, 22.509487643648235), 359.3, (114.04568208829649, 22.508793094277248), 330.0, 163.0, 813.3760000000001, 41]
[(114.04730285499815, 22.5094142103732), (114.04409386775868, 22.50949325527947), (114.04405951276051, 22.50809854490626), (114.04726849999999, 22.508019499999993), (114.04730285499815, 22.5094142103732), 359.3, (114.04568118387932, 22.508756377639735), 330.0, 155.0, 797.469, 42]
[(114.04434359999999, 22.510548899999996), (114.04143652077208, 22.51116617209211), (114.04092029999998, 22.508735), (114.04382737922789, 22.508117727907887), (114.04434359999999, 22.510548899999996), 193.6, (114.04263194999999, 22.509641949999995), 306.0, 275.0, 989.617, 43]
[(114.04120629225312, 22.51002182836394), (114.0441596676453, 22.50950263024406), (114.0443436, 22.5105489), (114.04139022460782, 22.51106809811988), (114.04120629225312, 22.51002182836394), 193.6, (114.04277494612654, 22.510285364181968), 309.0, 118.0, 679.71, 44]
[(114.0412233992204, 22.51009361732427), (114.04417242251787, 22.50957518429487), (114.0443436, 22.5105489), (114.04139457670253, 22.5110673330294), (114.0412233992204, 22.51009361732427), 193.6, (114.04278349961021, 22.51032125866213), 308.0, 110.0, 662.597, 45]
[(114.03888894854367, 22.507094165602844), (114.04202736445718, 22.506416512516076), (114.04245750000001, 22.508408600000003), (114.0393190840865, 22.50908625308677), (114.03888894854367, 22.507094165602844), 193.1, (114.04067322427183, 22.507751382801427), 331.0, 226.0, 926.233, 46]
[(114.03736870666118, 22.507434179871172), (114.04201891176179, 22.50641245027172), (114.04245749999998, 22.5084086), (114.03780729489938, 22.50943032959945), (114.03736870666118, 22.507434179871172), 198.1, (114.03991310333059, 22.507921389935586), 491.0, 226.0, 1215.6840000000002, 47]
[(114.04583425732335, 22.510424228907418), (114.04264836181187, 22.51069068120872), (114.04245060448851, 22.5083261523013), (114.04563649999999, 22.508059699999997), (114.04583425732335, 22.510424228907418), 2.9, (114.04414243090592, 22.50937519060436), 329.0, 264.0, 1003.1310000000001, 48]
[(114.0424490303494, 22.508292767815057), (114.0456365, 22.508059699999997), (114.04574285872924, 22.509514277593425), (114.04255538907864, 22.509747345408485), (114.0424490303494, 22.508292767815057), 2.9, (114.04409594453932, 22.50890352270424), 328.0, 162.0, 805.104, 49]
[(114.04244884466509, 22.508287465832456), (114.0456365, 22.508059699999997), (114.04573516781204, 22.509440587440736), (114.04254751247713, 22.509668353273195), (114.04244884466509, 22.508287465832456), 2.9, (114.04409200623857, 22.508864026636598), 328.0, 154.0, 788.748, 50]
[(114.0424481512245, 22.50820913709081), (114.04726680275878, 22.5079832881271), (114.04746628016724, 22.51223928339265), (114.04264762863296, 22.512465132356358), (114.0424481512245, 22.50820913709081), 359.3, (114.04495721569587, 22.510224210241727), 496.0, 474.0, 1710.626, 51]
[(114.04244818915146, 22.508206820105475), (114.04726688350947, 22.507984468253387), (114.0473918195556, 22.510692017639286), (114.04257312519759, 22.510914369491374), (114.04244818915146, 22.508206820105475), 359.3, (114.04492000435353, 22.50944941887238), 496.0, 301.0, 1383.2980000000002, 52]
[(114.04244816599997, 22.508208209821426), (114.04726683528065, 22.50798376040227), (114.0473797300154, 22.510407479707638), (114.04256106073471, 22.510631929126795), (114.04244816599997, 22.508208209821426), 359.3, (114.04491394800769, 22.50930784476453), 496.0, 270.0, 1324.6170000000002, 53]
[(114.04090208362669, 22.50859093670971), (114.04406179999998, 22.508191399999994), (114.04435964234376, 22.51054687149348), (114.04119992597047, 22.510946408203196), (114.04090208362669, 22.50859093670971), 6.1, (114.04263086298522, 22.509568904101595), 328.0, 264.0, 1005.901, 54]
[(114.04425556723031, 22.509622619003665), (114.04109834140448, 22.510050063652024), (114.04090457417416, 22.50861884464836), (114.0440618, 22.5081914), (114.04425556723031, 22.509622619003665), 6.1, (114.04258007070224, 22.50912073182601), 328.0, 160.0, 805.5429999999999, 55]
[(114.04424569940547, 22.50954973248715), (114.04108847357963, 22.50997717713551), (114.04090457417416, 22.50861884464836), (114.0440618, 22.5081914), (114.04424569940547, 22.50954973248715), 6.1, (114.04257513678982, 22.509084288567752), 328.0, 152.0, 789.5529999999999, 56]
[(114.03998999999999, 22.511395499999995), (114.03670882734994, 22.512178804281206), (114.0361482, 22.50983039999999), (114.03942937265005, 22.50904709571878), (114.03998999999999, 22.511395499999995), 13.6, (114.03806909999999, 22.510612949999995), 348.0, 267.0, 999.0229999999999, 57]
[(114.0397508687564, 22.51048523921807), (114.036468746248, 22.511234516249644), (114.03614396643867, 22.509811855367822), (114.03942608894707, 22.50906257833625), (114.0397508687564, 22.51048523921807), 13.6, (114.03794741759754, 22.510148547292946), 347.0, 162.0, 797.624, 58]
[(114.0397323, 22.5104144), (114.03645245560774, 22.511163156959547), (114.03614396643867, 22.509811855367822), (114.03942381083093, 22.509063098408273), (114.0397323, 22.5104144), 13.6, (114.03793813321933, 22.510113127683912), 347.0, 154.0, 782.553, 59]
[(114.03614510576335, 22.509817015756994), (114.04092371942835, 22.508712271807838), (114.0414653, 22.511054899999998), (114.03668668633502, 22.512159643949154), (114.03614510576335, 22.509817015756994), 11.4, (114.03880520288168, 22.5104359578785), 506.0, 266.0, 1316.131, 60]
[(114.03613877301187, 22.509787638097723), (114.04092067650197, 22.508733453298017), (114.04123503203155, 22.510159406133265), (114.03645312854145, 22.51121359093297), (114.03613877301187, 22.509787638097723), 11.4, (114.0386869025217, 22.509973522115494), 505.0, 162.0, 1116.9550000000002, 61]
[(114.03938000000001, 22.509073100000005), (114.04234848396055, 22.508393991460117), (114.04288370000002, 22.510733500000008), (114.03991521603947, 22.511412608539896), (114.03938000000001, 22.509073100000005), 193.6, (114.04113184999999, 22.509903300000005), 314.0, 266.0, 998.597, 62]
[(114.03973230000001, 22.510414400000002), (114.04265759724973, 22.50974517140709), (114.04288370000002, 22.510733500000008), (114.0399584027503, 22.51140272859292), (114.03973230000001, 22.510414400000002), 193.6, (114.04130800000001, 22.510573950000005), 310.0, 112.0, 686.606, 63]
[(114.03975054748993, 22.5104838333558), (114.04267359923931, 22.509815118472403), (114.04288370000002, 22.510733500000008), (114.03996064825064, 22.511402214883404), (114.03975054748993, 22.5104838333558), 193.6, (114.04131712374495, 22.5106086666779), 309.0, 104.0, 669.6959999999999, 64]
[(114.04136026733386, 22.506377365055727), (114.0428837, 22.5107335), (114.03896133266616, 22.51210523494428), (114.03743790000001, 22.507749100000005), (114.04136026733386, 22.506377365055727), 201.2, (114.04016080000001, 22.509241300000006), 509.0, 431.0, 1707.899, 65]
[(114.03801770000004, 22.5093841), (114.04234577682729, 22.50839044964447), (114.04288370000003, 22.510733500000004), (114.03855562317278, 22.511727150355533), (114.03801770000004, 22.5093841), 201.2, (114.04045070000004, 22.5100588), 458.0, 266.0, 1267.8020000000001, 66]
[(114.04287579742136, 22.510564892750278), (114.04723509123907, 22.510360573765134), (114.04732345962263, 22.512245977355008), (114.04296416580492, 22.512450296340152), (114.04287579742136, 22.510564892750278), 359.3, (114.045099628522, 22.511405435052644), 448.0, 210.0, 1133.159, 67]
[(114.0007421421442, 22.539503128438923), (114.0011588421442, 22.537164028438923), (114.0042932, 22.5377224), (114.0038765, 22.5400615), (114.0007421421442, 22.539503128438923), 350.7, (114.00251767107211, 22.53861276421946), 328.0, 264.0, 1015.434, 68]
[(114.08281478052257, 22.543265585225356), (114.08272551969112, 22.54713986858039), (114.080344, 22.547085), (114.08043326083144, 22.543210716644964), (114.08281478052257, 22.543265585225356), 88.8, (114.0815793902613, 22.545175292612676), 431.0, 245.0, 1176.555, 69]
[(114.08661926919288, 22.553860496815652), (114.08460897635533, 22.55561882806041), (114.08415780000001, 22.555102999999995), (114.08616809283757, 22.553344668755237), (114.08661926919288, 22.553860496815652), 43.1, (114.08538853459645, 22.55448174840782), 284.0, 74.0, 549.1189999999999, 70]
[(114.09112925320215, 22.554106452104854), (114.08147359875093, 22.553966435894743), (114.08157313715948, 22.54710217012929), (114.0912287916107, 22.5472421863394), (114.09112925320215, 22.554106452104854), 89.7, (114.08635119518082, 22.55060431111707), 992.0, 763.0, 3238.4320000000002, 71]
[(114.09098824949987, 22.55410440741652), (114.08147359875093, 22.553966435894743), (114.08157313715948, 22.54710217012929), (114.09108778790842, 22.547240141651066), (114.09098824949987, 22.55410440741652), 89.7, (114.08628069332968, 22.550603288772905), 977.0, 763.0, 3209.592, 72]
[(114.08147278007797, 22.55396641038916), (114.08157469374719, 22.547100859842498), (114.08793506476681, 22.547195274521087), (114.0878331510976, 22.55406082506775), (114.08147278007797, 22.55396641038916), 89.7, (114.0847039224224, 22.550580842455126), 763.0, 653.0, 2566.5159999999996, 73]
[(114.08778675599862, 22.554057645658276), (114.08147372687421, 22.553966439835488), (114.08157289473287, 22.54710229935857), (114.08788592385729, 22.547193505181358), (114.08778675599862, 22.554057645658276), 89.7, (114.08467982536574, 22.55057997250842), 763.0, 648.0, 2552.578, 74]
[(114.03746242571587, 22.527254281476136), (114.04058522571587, 22.527594681476135), (114.040353, 22.5297251), (114.0372302, 22.5293847), (114.03746242571587, 22.527254281476136), 174.2, (114.03890771285792, 22.52848969073807), 323.0, 238.0, 889.606, 75]
[(114.07861181473247, 22.54556674275969), (114.08161849999999, 22.545598199999997), (114.08158118566718, 22.549164706585465), (114.07857450039965, 22.549133249345157), (114.07861181473247, 22.54556674275969), 269.4, (114.08009650019983, 22.547365724672577), 397.0, 309.0, 1239.26, 76]
[(114.08946320000001, 22.541466100000008), (114.08416077678804, 22.541324515599086), (114.08426047661284, 22.537590695617485), (114.08956289982481, 22.537732280018403), (114.08946320000001, 22.541466100000008), 359.3, (114.08686183830642, 22.53952839780874), 545.0, 415.0, 1575.297, 77]
[(114.08555679803443, 22.543342646713256), (114.08550203555646, 22.54716029253863), (114.0841172981484, 22.547140429079505), (114.08417206062637, 22.54332278325413), (114.08555679803443, 22.543342646713256), 269.2, (114.08483704809143, 22.54524153789638), 425.0, 142.0, 928.802, 78]
[(114.0855518771528, 22.54332165613486), (114.08550787715279, 22.547156256134855), (114.0841173, 22.5471403), (114.0841613, 22.543305700000005), (114.0855518771528, 22.54332165613486), 88.3, (114.0848345885764, 22.54523097806743), 426.0, 143.0, 950.152, 79]
[(114.08157622469254, 22.547103246236606), (114.08562282469256, 22.547148646236607), (114.08559970000002, 22.5492098), (114.0815531, 22.5491644), (114.08157622469254, 22.547103246236606), 179.0, (114.08358796234627, 22.548156523118298), 416.0, 229.0, 1132.163, 80]
[(114.06220600054783, 22.562476630349174), (114.0621779750552, 22.56603978756025), (114.06094618518942, 22.566030099096974), (114.06097421068205, 22.562466941885898), (114.06220600054783, 22.562476630349174), 89.6, (114.06157609286863, 22.564253364723072), 396.0, 126.0, 845.2569999999998, 81]
[(114.0623813, 22.562478000000002), (114.06235327443548, 22.566041166351923), (114.06094618518942, 22.566030099096974), (114.06097421075394, 22.562466932745053), (114.0623813, 22.562478000000002), 89.6, (114.0616637425947, 22.564254049548488), 396.0, 144.0, 883.194, 82]
[(114.06220600054783, 22.562476630349174), (114.0621779750552, 22.56603978756025), (114.06094618518942, 22.566030099096974), (114.06097421068205, 22.562466941885898), (114.06220600054783, 22.562476630349174), 89.6, (114.06157609286863, 22.564253364723072), 396.0, 126.0, 845.2569999999998, 83]
[(114.0623813, 22.562478000000002), (114.06235327443548, 22.566041166351923), (114.06094618518942, 22.566030099096974), (114.06097421075394, 22.562466932745053), (114.0623813, 22.562478000000002), 89.6, (114.0616637425947, 22.564254049548488), 396.0, 144.0, 883.194, 84]
[(114.05153047679391, 22.579229261713344), (114.05271003276783, 22.57681322243004), (114.05349570000001, 22.577196800000003), (114.0523161440261, 22.579612839283307), (114.05153047679391, 22.579229261713344), 65.7, (114.05251308839696, 22.578213030856674), 295.0, 91.0, 605.568, 85]
[(114.05153669999999, 22.579232299999997), (114.05272561583976, 22.576757084983626), (114.05459769999999, 22.5776563), (114.05340878416021, 22.580131515016372), (114.05153669999999, 22.579232299999997), 65.7, (114.05306719999997, 22.5784443), 301.0, 217.0, 856.383, 86]
[(114.05355759999999, 22.5772226), (114.05237319975842, 22.57964183115035), (114.0515282520677, 22.579228164085553), (114.05271265230927, 22.5768089329352), (114.05355759999999, 22.5772226), 65.7, (114.05254292603385, 22.578225382042778), 295.0, 98.0, 619.378, 87]
[(114.06620279077512, 22.550444698699383), (114.06622732914187, 22.54804095273991), (114.0673193, 22.5480521), (114.06729476163325, 22.550455845959473), (114.06620279077512, 22.550444698699383), 275.4, (114.06676104538757, 22.549248399349693), 267.0, 112.0, 579.425, 88]
[(114.06620279077512, 22.550444698699383), (114.06622732914187, 22.54804095273991), (114.0673193, 22.5480521), (114.06729476163325, 22.550455845959473), (114.06620279077512, 22.550444698699383), 275.4, (114.06676104538757, 22.549248399349693), 267.0, 112.0, 579.425, 89]
[(114.0680265402032, 22.54802084728998), (114.06806959665877, 22.545808783714634), (114.07156620548447, 22.545876843052632), (114.0715231490289, 22.54808890662798), (114.0680265402032, 22.54802084728998), 359.0, (114.06979637284383, 22.546948845171308), 359.0, 246.0, 1018.284, 90]
[(114.04272032506137, 22.56087618006144), (114.0465345562629, 22.562061070211136), (114.04584093120152, 22.5642938901497), (114.0420267, 22.563109000000004), (114.04272032506137, 22.56087618006144), 162.1, (114.04428062813146, 22.562585035105567), 413.0, 258.0, 1105.424, 91]
[(114.04584303687213, 22.564287379898655), (114.04202522331914, 22.563113803857537), (114.04233914703096, 22.56209256436425), (114.04615696058394, 22.563266140405368), (114.04584303687213, 22.564287379898655), 162.1, (114.04409109195151, 22.56318997213145), 413.0, 118.0, 824.5779999999999, 92]
[(114.03444346499447, 22.51900861644596), (114.03268881815514, 22.52141224225324), (114.03202072369368, 22.520924533296366), (114.03377537053302, 22.518520907489084), (114.03444346499447, 22.51900861644596), 235.9, (114.03323209434407, 22.519966574871166), 322.0, 87.0, 646.834, 93]
[(114.0324678, 22.520312099999998), (114.03375535265879, 22.51851531739981), (114.0344281, 22.518997399999996), (114.03314054734122, 22.520794182600184), (114.0324678, 22.520312099999998), 235.8, (114.03344795000004, 22.51965475), 240.0, 87.0, 485.693, 94]
[(114.00268820597975, 22.53799958033269), (114.00219890000002, 22.540594700000003), (113.99896443630765, 22.539984846648807), (113.99945374228737, 22.537389726981495), (114.00268820597975, 22.53799958033269), 170.1, (114.0008263211437, 22.538992213490747), 339.0, 293.0, 1084.3519999999999, 95]
[(114.00559448580809, 22.5412195555652), (114.00217668821185, 22.540603484167594), (114.0023248, 22.5397818), (114.00574259759624, 22.540397871397605), (114.00559448580809, 22.5412195555652), 171.9, (114.00395964290406, 22.5405006777826), 358.0, 93.0, 700.2350000000001, 96]
[(114.001075653827, 22.537182110590408), (114.00613032356719, 22.538030889250535), (114.0056003, 22.5411873), (114.00054563025981, 22.540338521339873), (114.001075653827, 22.537182110590408), 169.8, (114.0033379769135, 22.539184705295202), 528.0, 355.0, 1555.084, 97]
[(114.0184317226346, 22.53709529742684), (114.01547712539136, 22.536596981081566), (114.01560370275676, 22.535846483654723), (114.01855830000001, 22.5363448), (114.0184317226346, 22.53709529742684), 349.6, (114.01701771269568, 22.536470890540784), 308.0, 84.0, 626.8050000000001, 98]
[(114.0184317226346, 22.53709529742684), (114.01547712539136, 22.536596981081566), (114.01560370275676, 22.535846483654723), (114.01855830000001, 22.5363448), (114.0184317226346, 22.53709529742684), 349.6, (114.01701771269568, 22.536470890540784), 308.0, 84.0, 626.8050000000001, 99]
[(114.0436795453983, 22.547149486714613), (114.04366434539831, 22.549764386714617), (114.04141300000003, 22.549751300000004), (114.04142820000003, 22.5471364), (114.0436795453983, 22.547149486714613), 89.0, (114.04254627269918, 22.548450393357307), 291.0, 231.0, 876.551, 100]
[(114.04374722160406, 22.54714988010569), (114.04373202160407, 22.549764780105694), (114.04141300000003, 22.549751300000004), (114.04142820000003, 22.5471364), (114.04374722160406, 22.54714988010569), 89.0, (114.04258011080204, 22.548450590052845), 291.0, 238.0, 890.956, 101]
[(114.0437470163603, 22.54714987891264), (114.0437318163603, 22.549764778912646), (114.04141300000003, 22.549751300000004), (114.04142820000003, 22.5471364), (114.0437470163603, 22.54714987891264), 89.0, (114.04258000818015, 22.548450589456326), 291.0, 238.0, 889.24, 102]
[(114.09069816089219, 22.562857157448256), (114.09363406089219, 22.562902357448255), (114.09360790000001, 22.564601600000003), (114.09067200000001, 22.564556400000004), (114.09069816089219, 22.562857157448256), 179.1, (114.0921530304461, 22.563729378724133), 302.0, 189.0, 782.4259999999999, 103]
[(114.09069022689852, 22.563372498421547), (114.09362612689851, 22.563417698421546), (114.09360790000001, 22.564601600000003), (114.09067200000001, 22.564556400000004), (114.09069022689852, 22.563372498421547), 179.1, (114.09214906344927, 22.563987049210773), 302.0, 132.0, 668.492, 104]
[(114.09068176488914, 22.563922135884397), (114.09361766488914, 22.563967335884396), (114.09360790000001, 22.564601600000003), (114.09067200000001, 22.564556400000004), (114.09068176488914, 22.563922135884397), 179.1, (114.09214483244456, 22.564261867942196), 302.0, 71.0, 546.401, 105]
[(114.09462713579352, 22.559799321812854), (114.09922949999998, 22.559869599999992), (114.09915593605753, 22.564687141109253), (114.09455357185107, 22.564616862922115), (114.09462713579352, 22.559799321812854), 269.0, (114.09689153592552, 22.56224323146105), 536.0, 473.0, 1831.3290000000002, 106]
[(114.09367039076189, 22.559784712298402), (114.09922949999998, 22.559869599999992), (114.09915593605753, 22.564687141109253), (114.09359682681944, 22.564602253407664), (114.09367039076189, 22.559784712298402), 269.0, (114.09641316340971, 22.562235926703828), 571.0, 536.0, 2023.996, 107]
[(114.08674948759301, 22.54922399638003), (114.084095487593, 22.54920969638003), (114.08410020000002, 22.548335100000006), (114.08675420000003, 22.548349400000006), (114.08674948759301, 22.54922399638003), 358.6, (114.0854248437965, 22.548779548190016), 273.0, 97.0, 582.446, 108]
[(114.04003778510373, 22.51153416366436), (114.04437212397555, 22.510762932439093), (114.044656016453, 22.5123584152983), (114.04032167758119, 22.51312964652357), (114.04003778510373, 22.51153416366436), 6.0, (114.04234690077838, 22.51194628948133), 453.0, 180.0, 1078.636, 109]
[(114.0400380999715, 22.511536577270174), (114.04437186333801, 22.510761794617125), (114.04467328372635, 22.512447796016033), (114.04033952035984, 22.513222578669083), (114.0400380999715, 22.511536577270174), 6.0, (114.04235569184891, 22.511992186643106), 453.0, 190.0, 1098.616, 110]
[(114.09906783017254, 22.54023413551245), (114.09900943396181, 22.54343501976506), (114.09517986948305, 22.543365154054005), (114.09523826569378, 22.540164269801394), (114.09906783017254, 22.54023413551245), 179.0, (114.09712384982781, 22.541799644783225), 393.0, 356.0, 1283.314, 111]
[(114.00720323389436, 22.53821172786612), (114.00431993389438, 22.537725027866124), (114.00445010000003, 22.536953900000004), (114.00733340000001, 22.5374406), (114.00720323389436, 22.53821172786612), 349.4, (114.00582666694719, 22.537582813933064), 301.0, 87.0, 591.7629999999999, 112]
[(114.067297, 22.5202554), (114.06401984455786, 22.519902878909978), (114.06411999999999, 22.518971799999996), (114.06739715544212, 22.519324321090018), (114.067297, 22.5202554), 355.9, (114.0657085, 22.5196136), 339.0, 104.0, 684.672, 113]
[(114.06728229999999, 22.520530699999995), (114.0639904013444, 22.520176592993842), (114.06411999999999, 22.518971799999996), (114.06741189865558, 22.51932590700615), (114.06728229999999, 22.520530699999995), 355.9, (114.06570114999998, 22.51975124999999), 340.0, 135.0, 746.166, 114]
[(114.05362510252166, 22.545325044648887), (114.05697070252167, 22.545363644648887), (114.05695089999998, 22.547079999999998), (114.05360529999997, 22.547041399999998), (114.05362510252166, 22.545325044648887), 179.3, (114.05528800126082, 22.546202522324442), 344.0, 191.0, 907.8489999999999, 115]
[(114.05362450252954, 22.54537704811024), (114.05697010252955, 22.54541564811024), (114.05695089999998, 22.547079999999998), (114.05360529999997, 22.547041399999998), (114.05362450252954, 22.54537704811024), 179.3, (114.05528770126475, 22.546228524055117), 344.0, 185.0, 895.924, 116]
[(114.05362360713582, 22.545454655085912), (114.05696920713582, 22.545493255085912), (114.05695089999998, 22.547079999999998), (114.05360529999997, 22.547041399999998), (114.05362360713582, 22.545454655085912), 179.3, (114.05528725356788, 22.546267327542953), 344.0, 176.0, 878.5550000000001, 117]
[(114.0536224603104, 22.545554054545658), (114.0569680603104, 22.545592654545658), (114.05695089999998, 22.547079999999998), (114.05360529999997, 22.547041399999998), (114.0536224603104, 22.545554054545658), 179.3, (114.05528668015516, 22.546317027272828), 344.0, 165.0, 856.835, 118]
[(114.08277762178359, 22.545613210326014), (114.08271210726606, 22.54918565485817), (114.08155309999998, 22.5491644), (114.08161861451751, 22.54559195546784), (114.08277762178359, 22.545613210326014), 89.6, (114.08216536089179, 22.547388805163006), 397.0, 119.0, 800.485, 119]
[(114.08418797952419, 22.543286212551426), (114.0840793307325, 22.549210728161608), (114.08155309999998, 22.5491644), (114.08166174879167, 22.543239884389816), (114.08418797952419, 22.543286212551426), 88.8, (114.08287053976208, 22.546225306275712), 659.0, 259.0, 1601.487, 120]
[(114.0855651875878, 22.543312878040364), (114.08545440041549, 22.549237353970355), (114.08155181282764, 22.549164375929983), (114.08166259999996, 22.543239899999993), (114.0855651875878, 22.543312878040364), 88.8, (114.0835585002077, 22.546238626985172), 659.0, 401.0, 1874.2, 121]
[(114.08800541983942, 22.543356220009407), (114.08789677104772, 22.54928073561959), (114.08155309999998, 22.5491644), (114.08166174879167, 22.543239884389816), (114.08800541983942, 22.543356220009407), 88.8, (114.08477925991971, 22.5462603100047), 659.0, 652.0, 2385.902, 122]
[(114.08411466200249, 22.543284867992533), (114.0840060132108, 22.549209383602715), (114.08155309999998, 22.5491644), (114.08166174879167, 22.543239884389816), (114.08411466200249, 22.543284867992533), 88.8, (114.08283388100124, 22.546224633996268), 659.0, 252.0, 1588.4979999999998, 123]
[(114.06296041882993, 22.537673334252556), (114.06293474530395, 22.539634839626586), (114.05795072647398, 22.539569605374027), (114.05797639999996, 22.537608099999996), (114.06296041882993, 22.537673334252556), 179.3, (114.06045557265196, 22.538621469813297), 512.0, 218.0, 1195.851, 124]
[(114.05812963090142, 22.537610667987984), (114.06294672216981, 22.537638969699263), (114.0629352, 22.539600099999998), (114.0581181087316, 22.53957179828872), (114.05812963090142, 22.537610667987984), 179.8, (114.06053241545071, 22.538605383993996), 495.0, 218.0, 1162.26, 125]
[(113.99300739841767, 22.532852405925475), (113.98835572854459, 22.532007228224945), (113.98866949999999, 22.5302803), (113.99332116987307, 22.53112547770053), (113.99300739841767, 22.532852405925475), 351.7, (113.99083844920884, 22.531566352962738), 487.0, 195.0, 1116.6309999999999, 126]
[(114.09521831478476, 22.541573180206033), (114.09191141478478, 22.541523580206032), (114.0919325, 22.5401178), (114.09523939999998, 22.5401674), (114.09521831478476, 22.541573180206033), 359.0, (114.09357540739238, 22.540845490103017), 340.0, 156.0, 784.425, 127]
[(114.09521956588748, 22.541489767473468), (114.09191266588749, 22.541440167473468), (114.0919325, 22.5401178), (114.09523939999998, 22.5401674), (114.09521956588748, 22.541489767473468), 359.0, (114.09357603294374, 22.540803783736738), 340.0, 147.0, 774.576, 128]
[(114.01115450802577, 22.54220543803723), (114.01201654376784, 22.539737502113205), (114.01296130000001, 22.5400675), (114.01209926425794, 22.542535435924023), (114.01115450802577, 22.54220543803723), 251.0, (114.01205790401289, 22.54113646901861), 288.0, 104.0, 610.319, 129]
[(114.0107427167872, 22.542072641955556), (114.01160818948237, 22.539594866323483), (114.01296130000001, 22.5400675), (114.01209582730485, 22.542545275632072), (114.0107427167872, 22.542072641955556), 251.0, (114.0118520083936, 22.541070070977778), 289.0, 149.0, 698.28, 130]
[(114.01165993994454, 22.5420613325519), (114.01242215347428, 22.539879179237346), (114.01296130000001, 22.5400675), (114.01219908647028, 22.542249653314553), (114.01165993994454, 22.5420613325519), 250.9, (114.01231061997228, 22.54106441627595), 255.0, 59.0, 458.944, 131]
[(114.01125058048223, 22.541930390663868), (114.01201654376784, 22.539737502113205), (114.01296130000001, 22.5400675), (114.0121953367144, 22.542260388550662), (114.01125058048223, 22.541930390663868), 250.9, (114.01210594024113, 22.54099894533194), 256.0, 104.0, 546.66, 132]
[(114.01083920868355, 22.541796393761036), (114.01160818948237, 22.539594866323483), (114.01296130000001, 22.5400675), (114.01219231920119, 22.542269027437552), (114.01083920868355, 22.541796393761036), 250.9, (114.01190025434178, 22.540931946880516), 257.0, 149.0, 634.865, 133]
[(114.00124597232852, 22.551605756203074), (114.00635750402118, 22.551702090652537), (114.0063277, 22.5532835), (114.00121616830734, 22.553187165550536), (114.00124597232852, 22.551605756203074), 179.0, (114.00378683616427, 22.552444628101536), 525.0, 176.0, 1155.553, 134]
[(114.00126850827644, 22.550405947457318), (114.00638011618199, 22.550502283343125), (114.0063277, 22.5532835), (114.00121609209445, 22.553187164114192), (114.00126850827644, 22.550405947457318), 179.0, (114.00379810413823, 22.55184472372866), 525.0, 309.0, 1418.622, 135]
[(114.00126728326325, 22.55047094698591), (114.0063788911688, 22.550567282871718), (114.0063277, 22.5532835), (114.00121609209445, 22.553187164114192), (114.00126728326325, 22.55047094698591), 179.0, (114.00379749163163, 22.55187722349296), 525.0, 302.0, 1403.804, 136]
[(114.00255296283123, 22.551622113465278), (114.00636632359185, 22.551716080450475), (114.00632736076062, 22.553297266985197), (114.002514, 22.5532033), (114.00255296283123, 22.551622113465278), 178.6, (114.00444016179591, 22.55245969022524), 392.0, 176.0, 888.424, 137]
[(114.09924312665332, 22.556548870237584), (114.09546832665332, 22.556510870237584), (114.0954829, 22.5550632), (114.0992577, 22.5551012), (114.09924312665332, 22.556548870237584), 359.4, (114.09736301332664, 22.55580603511879), 388.0, 161.0, 939.759, 138]
[(114.05316893254367, 22.547578648985933), (114.05754813900539, 22.547641960645223), (114.05752360000001, 22.5493393), (114.05314439353829, 22.54927598834071), (114.05316893254367, 22.547578648985933), 179.3, (114.05534626627184, 22.548458974492963), 450.0, 189.0, 1093.7169999999999, 139]
[(114.05391012381544, 22.54758935339752), (114.05754814912505, 22.547641971581125), (114.05752359999997, 22.5493393), (114.05388557469036, 22.549286681816394), (114.05391012381544, 22.54758935339752), 179.6, (114.0557168619077, 22.548464326698756), 374.0, 189.0, 940.557, 140]
[(114.05574670000001, 22.5493136), (114.05146123338791, 22.549255358307768), (114.05148430128514, 22.547558005438272), (114.05576976789725, 22.547616247130506), (114.05574670000001, 22.5493136), 359.4, (114.05361550064258, 22.54843580271914), 440.0, 189.0, 1084.2359999999999, 141]
[(114.05207693942141, 22.545431594349182), (114.0553985391555, 22.54547681388231), (114.0553753997341, 22.54717651953313), (114.05205380000001, 22.547131300000004), (114.05207693942141, 22.545431594349182), 179.1, (114.05372616957774, 22.546304056941157), 341.0, 189.0, 877.4200000000001, 142]
[(114.05207554122728, 22.545533004048984), (114.05539714145974, 22.545578186961208), (114.05537539999999, 22.547176499999992), (114.05205379976753, 22.547131317087768), (114.05207554122728, 22.545533004048984), 179.1, (114.05372547061363, 22.546354752024488), 341.0, 178.0, 855.0809999999999, 143]
[(114.05362845601137, 22.545323593246295), (114.0569736575952, 22.545368876241998), (114.0569489, 22.547197800000003), (114.05360369841617, 22.5471525170043), (114.05362845601137, 22.545323593246295), 179.2, (114.05528867800568, 22.54626069662315), 344.0, 203.0, 932.919, 144]
[(114.05362784918285, 22.545377084345713), (114.0569730477693, 22.545422588260557), (114.05694889858644, 22.54719790391484), (114.05360369999998, 22.547152399999995), (114.05362784918285, 22.545377084345713), 179.2, (114.05528837388466, 22.546287494130272), 344.0, 197.0, 920.9940000000001, 145]
[(114.05697267902826, 22.545501595953876), (114.05694887902825, 22.547199295953877), (114.05360369999998, 22.5471524), (114.05362749999999, 22.5454547), (114.05697267902826, 22.545501595953876), 179.2, (114.05528818951413, 22.546326997976944), 344.0, 189.0, 903.6250000000001, 146]
[(114.05362535855703, 22.545552412232137), (114.05697056014085, 22.54559769522784), (114.0569489, 22.547197800000003), (114.05360369841617, 22.5471525170043), (114.05362535855703, 22.545552412232137), 179.2, (114.05528712927853, 22.54637510611607), 344.0, 178.0, 881.9050000000001, 147]
[(114.00121659999999, 22.553177399999996), (114.00129539278635, 22.548646135536377), (114.00396753487179, 22.54869260060637), (114.00388874208544, 22.553223865069988), (114.00121659999999, 22.553177399999996), 89.3, (114.00259206743588, 22.55093500030318), 504.0, 274.0, 1378.7040000000002, 148]
[(114.07934540000001, 22.551564900000002), (114.07942903674923, 22.547064721325413), (114.08159137606802, 22.54710490884782), (114.0815077393188, 22.55160508752241), (114.07934540000001, 22.551564900000002), 271.2, (114.080468388034, 22.549334904423915), 500.0, 222.0, 1208.835, 149]
[(114.07747452235539, 22.54705681498699), (114.08159089999997, 22.547104899999994), (114.0815385015368, 22.551590535938224), (114.07742212389222, 22.551542450925222), (114.07747452235539, 22.54705681498699), 271.2, (114.07950651194608, 22.549323675462603), 499.0, 423.0, 1603.1970000000001, 150]
[(114.04171309582432, 22.521175870839947), (114.03895696090207, 22.516038735452447), (114.04055549999998, 22.5151811), (114.04331163492223, 22.5203182353875), (114.04171309582432, 22.521175870839947), 300.8, (114.04113429791217, 22.518178485419977), 638.0, 190.0, 1313.6309999999999, 151]
[(114.08564434159733, 22.547161948917395), (114.08556211179048, 22.551611896743218), (114.08150899999998, 22.551536999999996), (114.08159122980683, 22.547087052174174), (114.08564434159733, 22.547161948917395), 89.7, (114.08357667079868, 22.5493494744587), 495.0, 416.0, 1552.326, 152]
[(114.08412580909246, 22.547139511735896), (114.08404368316609, 22.55158383796649), (114.08150899999998, 22.551536999999996), (114.08159112592635, 22.547092673769402), (114.08412580909246, 22.547139511735896), 89.7, (114.08281740454622, 22.549338255867944), 494.0, 260.0, 1240.756, 153]
[(114.08404611782558, 22.547138039134925), (114.08396399189921, 22.55158236536552), (114.08150899999998, 22.551536999999996), (114.08159112592635, 22.547092673769402), (114.08404611782558, 22.547138039134925), 89.7, (114.0827775589128, 22.54933751956746), 494.0, 252.0, 1225.193, 154]
[(114.08034400000001, 22.547085000000003), (114.08041476457167, 22.543306051764063), (114.0816616, 22.5433294), (114.08159083542834, 22.54710834823594), (114.08034400000001, 22.547085000000003), 268.7, (114.08100280000001, 22.5452072), 420.0, 128.0, 841.372, 155]
[(114.07920601488804, 22.547063717399702), (114.07927677997084, 22.54328474186834), (114.0816616, 22.5433294), (114.08159083491721, 22.547108375531362), (114.07920601488804, 22.547063717399702), 268.7, (114.08043380744404, 22.545196558699853), 420.0, 245.0, 1092.433, 156]
[(114.08166160000002, 22.543329400000005), (114.0815548094045, 22.549218633580512), (114.0761099, 22.5491199), (114.07621669059553, 22.543230666419493), (114.08166160000002, 22.543329400000005), 269.4, (114.07888575000003, 22.546224650000006), 655.0, 559.0, 2183.5820000000003, 157]
[(114.060066082346, 22.539602896061012), (114.05594035772852, 22.539537026087572), (114.05597410000004, 22.537423600000004), (114.06009982461752, 22.537489469973444), (114.060066082346, 22.539602896061012), 179.2, (114.05802009117302, 22.53851324803051), 424.0, 235.0, 1114.401, 158]
[(114.06006612481939, 22.53960121881789), (114.05594238017318, 22.53953893296951), (114.0559720011303, 22.537577825166125), (114.06009574577651, 22.537640111014504), (114.06006612481939, 22.53960121881789), 179.2, (114.05801906297482, 22.538589521992), 424.0, 218.0, 1080.262, 159]
[(114.060066082346, 22.539602896061012), (114.05580711519686, 22.539534898780776), (114.05584085746838, 22.537421472693207), (114.06009982461752, 22.537489469973444), (114.060066082346, 22.539602896061012), 179.2, (114.0579534699072, 22.538512184377108), 437.0, 235.0, 1140.238, 160]
[(114.06006612362792, 22.539601267476048), (114.055808625153, 22.539536854983155), (114.05583829504467, 22.53757575220914), (114.06009579351958, 22.537640164702033), (114.06006612362792, 22.539601267476048), 179.2, (114.05795220933629, 22.53858850984259), 437.0, 218.0, 1106.232, 161]
[(114.04769631581925, 22.549256888559714), (114.04467451571281, 22.549213796023817), (114.04470119999999, 22.5473426), (114.04772300010643, 22.547385692535897), (114.04769631581925, 22.549256888559714), 358.9, (114.04619875790964, 22.54829974427986), 310.0, 208.0, 830.679, 162]
[(114.04981512906505, 22.549287082646114), (114.0446745286608, 22.549213811007288), (114.0447012, 22.5473426), (114.04984180040425, 22.547415871638826), (114.04981512906505, 22.549287082646114), 359.0, (114.04725816453252, 22.548314841323055), 528.0, 208.0, 1266.03, 163]
[(114.05102946559748, 22.548149695876653), (114.04804776559746, 22.548107995876652), (114.0480578, 22.5473905), (114.05103950000002, 22.5474322), (114.05102946559748, 22.548149695876653), 359.0, (114.04954363279873, 22.547770097938326), 306.0, 80.0, 587.839, 164]
[(114.05101329199327, 22.549306166755915), (114.04803159199325, 22.549264466755915), (114.0480578, 22.5473905), (114.05103950000002, 22.5474322), (114.05101329199327, 22.549306166755915), 359.0, (114.04953554599663, 22.54834833337796), 306.0, 208.0, 845.383, 165]
[(114.0511435042855, 22.54930798781524), (114.04803159199325, 22.549264466755915), (114.0480578, 22.5473905), (114.05116971229225, 22.547434021059324), (114.0511435042855, 22.54930798781524), 359.1, (114.04960065214274, 22.548349243907623), 320.0, 208.0, 872.154, 166]
[(114.05789529495543, 22.551247559092708), (114.0579474951668, 22.547531744046427), (114.05900500000003, 22.547546600000004), (114.05895279978866, 22.551262415046285), (114.05789529495543, 22.551247559092708), 269.1, (114.05845014747771, 22.549397079546356), 413.0, 109.0, 832.101, 167]
[(114.0577792, 22.551246), (114.05783140122016, 22.54753011314487), (114.05900500000003, 22.547546600000004), (114.05895279877987, 22.551262486855133), (114.0577792, 22.551246), 269.1, (114.05839210000003, 22.549396299999998), 413.0, 121.0, 858.0450000000001, 168]
[(114.06029134570583, 22.5512814758929), (114.05895204551553, 22.551262389247675), (114.05900499999997, 22.547546599999993), (114.06034430019028, 22.547565686645218), (114.06029134570583, 22.5512814758929), 89.1, (114.0596481728529, 22.54941403794645), 413.0, 138.0, 905.5039999999999, 169]
[(114.06019404551554, 22.551280089247676), (114.05895204551553, 22.551262389247675), (114.05900499999997, 22.547546599999993), (114.06024699999999, 22.547564299999994), (114.06019404551554, 22.551280089247676), 89.1, (114.05959952275776, 22.549413344623833), 413.0, 128.0, 885.426, 170]
[(114.0603951, 22.544545699999997), (114.06035139287978, 22.54724609855596), (114.05897366119507, 22.547223799371928), (114.05901736831528, 22.544523400815965), (114.0603951, 22.544545699999997), 89.4, (114.05968438059752, 22.545884749685957), 300.0, 142.0, 694.3570000000001, 171]
[(114.06029939999999, 22.544544899999998), (114.06025570499862, 22.54724454980616), (114.05897366119507, 22.547223799371928), (114.05901735619643, 22.544524149565767), (114.06029939999999, 22.544544899999998), 89.4, (114.05963653059753, 22.54588434968596), 300.0, 132.0, 674.572, 172]
[(114.06041274362397, 22.543489517274246), (114.06035161829091, 22.547246220116257), (114.05897334509254, 22.547223794225296), (114.0590344704256, 22.543467091383288), (114.06041274362397, 22.543489517274246), 88.6, (114.05969304435827, 22.54535665574977), 418.0, 142.0, 929.581, 173]
[(114.05897297387187, 22.547223788111257), (114.05903448149922, 22.543467091510696), (114.06031754120379, 22.543488098785584), (114.06025603357644, 22.547244795386145), (114.05897297387187, 22.547223788111257), 88.6, (114.05964525753784, 22.545355943448424), 418.0, 132.0, 909.697, 174]
[(114.05897297387187, 22.547223788111257), (114.05903342699854, 22.543531497167486), (114.0603164867031, 22.543552504442374), (114.06025603357644, 22.547244795386145), (114.05897297387187, 22.547223788111257), 88.8, (114.05964473028746, 22.545388146276817), 411.0, 132.0, 895.901, 175]
[(114.060411695678, 22.54355392300252), (114.06035161829091, 22.547246220116257), (114.05897334509254, 22.547223794225296), (114.05903342247963, 22.543531497111562), (114.060411695678, 22.54355392300252), 88.8, (114.05969252038528, 22.54538885861391), 411.0, 142.0, 915.481, 176]
[(114.02787590309492, 22.533248640890207), (114.0270001691644, 22.5372093235695), (114.02525429999999, 22.5368233), (114.02613003393051, 22.532862617320706), (114.02787590309492, 22.533248640890207), 78.5, (114.02656510154745, 22.535035970445097), 449.0, 184.0, 1038.103, 177]
[(114.02777745905115, 22.533707384446775), (114.02699588218164, 22.537211726764845), (114.0252543, 22.5368233), (114.02603587686951, 22.533318957681928), (114.02777745905115, 22.533707384446775), 78.4, (114.02651587952556, 22.535265342223386), 398.0, 184.0, 933.8580000000001, 178]
[(114.02765837664656, 22.53425510954676), (114.02698904797411, 22.53721551533815), (114.0252543, 22.5368233), (114.02592362867244, 22.533862894208607), (114.02765837664656, 22.53425510954676), 78.4, (114.02645633832326, 22.53553920477338), 336.0, 183.0, 808.843, 179]
[(114.01987134521767, 22.53309073660658), (114.02407284521766, 22.53379383660658), (114.02385460000002, 22.535098000000005), (114.01965310000003, 22.534394900000006), (114.01987134521767, 22.53309073660658), 170.0, (114.02186297260884, 22.534094368303293), 439.0, 147.0, 1016.285, 180]
[(114.01996528803976, 22.533105312609234), (114.02407408803978, 22.533800212609236), (114.0238546, 22.535097999999998), (114.01974579999998, 22.534403099999995), (114.01996528803976, 22.533105312609234), 169.9, (114.02190994401987, 22.534101656304617), 429.0, 146.0, 996.275, 181]
[(114.02391323988927, 22.535213382744576), (114.01963621123829, 22.53448329162743), (114.0198606745462, 22.533168337950496), (114.02413770319717, 22.53389842906764), (114.02391323988927, 22.535213382744576), 170.0, (114.02188695721773, 22.534190860347536), 447.0, 148.0, 1027.743, 182]
[(114.02391461486488, 22.535205369942748), (114.01963611417138, 22.53448388802409), (114.01987105567393, 22.533090648144327), (114.02414955636743, 22.533812130062984), (114.02391461486488, 22.535205369942748), 170.0, (114.02189283526943, 22.534148009043538), 447.0, 157.0, 1045.489, 183]
[(114.02391462890819, 22.535205287093646), (114.0197273474641, 22.534499277040233), (114.01996225200159, 22.533106079583344), (114.02414953344568, 22.533812089636758), (114.02391462890819, 22.535205287093646), 169.9, (114.02193844045487, 22.53415568333849), 437.0, 157.0, 1026.222, 184]
[(114.02391328082106, 22.53521314697475), (114.01972740996065, 22.534498871780144), (114.01995177038202, 22.533184051166014), (114.02413764124243, 22.53389832636062), (114.02391328082106, 22.53521314697475), 169.9, (114.02193252560156, 22.534198599070383), 437.0, 148.0, 1008.4369999999999, 185]
[(114.0197659724479, 22.53443277916765), (114.01618605132595, 22.53381800216338), (114.01639970000002, 22.532573900000006), (114.01997962112198, 22.533188677004276), (114.0197659724479, 22.53443277916765), 349.9, (114.01808283622397, 22.533503339583827), 374.0, 140.0, 868.3230000000001, 186]
[(114.0197540804238, 22.534501795565053), (114.0161741774451, 22.533886912907327), (114.01639970765989, 22.532573855403488), (114.01997961063859, 22.533188738061213), (114.0197540804238, 22.534501795565053), 349.9, (114.01807689404185, 22.53353782548427), 374.0, 148.0, 886.608, 187]
[(114.01967376134382, 22.534416943828155), (114.01618605132595, 22.53381800216338), (114.01639970000002, 22.532573900000006), (114.0198874100179, 22.533172841664783), (114.01967376134382, 22.534416943828155), 350.0, (114.01803673067192, 22.533495421914083), 364.0, 140.0, 849.9780000000001, 188]
[(114.01966186978522, 22.53448595750384), (114.0161741774451, 22.533886912907327), (114.01639970765989, 22.532573855403488), (114.01988740000002, 22.5331729), (114.01966186978522, 22.53448595750384), 350.0, (114.01803078872258, 22.533529906453666), 364.0, 148.0, 867.602, 189]
[(114.01977254756945, 22.53442731441578), (114.01618993822842, 22.53382326981758), (114.01641179999999, 22.5325074), (114.01999440934101, 22.533111444598198), (114.01977254756945, 22.53442731441578), 350.0, (114.0180921737847, 22.533467357207883), 374.0, 148.0, 885.1220000000002, 190]
[(114.01975988556013, 22.53450240352448), (114.01617727691006, 22.533898354828075), (114.01641180029193, 22.53250739826857), (114.01999440894201, 22.533111446964977), (114.01975988556013, 22.53450240352448), 350.0, (114.01808584292604, 22.533504900896528), 374.0, 157.0, 903.407, 191]
[(114.0196803386097, 22.534411767556286), (114.01618993822842, 22.53382326981758), (114.01641179999999, 22.5325074), (114.01990220038127, 22.533095897738708), (114.0196803386097, 22.534411767556286), 349.9, (114.01804606930482, 22.533459583778143), 364.0, 148.0, 866.7500000000001, 192]
[(114.01966767661814, 22.534486856559504), (114.01617727691006, 22.533898354828075), (114.01641180029193, 22.53250739826857), (114.01990220000002, 22.5330959), (114.01966767661814, 22.534486856559504), 349.9, (114.01803973845502, 22.533497127414037), 364.0, 157.0, 884.3739999999999, 193]
[(114.02331927872815, 22.537741852728843), (114.0193528578902, 22.537053872866338), (114.0195181, 22.5361012), (114.02348452083795, 22.536789179862506), (114.02331927872815, 22.537741852728843), 348.3, (114.02141868936408, 22.536921526364424), 414.0, 107.0, 772.6740000000001, 194]
[(114.0226426, 22.533560999999995), (114.02209680939008, 22.53639623214141), (114.0194598, 22.535888599999996), (114.02000559060993, 22.53305336785858), (114.0226426, 22.533560999999995), 79.7, (114.0210512, 22.534724799999996), 320.0, 277.0, 1021.931, 195]
[(114.02262670000003, 22.533640500000008), (114.02209618866394, 22.536396151199767), (114.01945980000002, 22.535888600000003), (114.01999031133612, 22.533132948800244), (114.02262670000003, 22.533640500000008), 79.5, (114.02104325000002, 22.534764550000006), 311.0, 277.0, 1004.146, 196]
[(114.02240148730584, 22.53495642187377), (114.01768558730583, 22.53414932187377), (114.01791079999998, 22.532833399999998), (114.02262669999999, 22.533640499999997), (114.02240148730584, 22.53495642187377), 349.5, (114.02015614365293, 22.533894910936883), 493.0, 148.0, 1072.662, 197]
[(114.02213850977529, 22.536493004374485), (114.01742260977528, 22.535685904374485), (114.01791079999998, 22.532833399999998), (114.02262669999999, 22.533640499999997), (114.02213850977529, 22.536493004374485), 349.5, (114.02002465488765, 22.534663202187243), 493.0, 321.0, 1417.306, 198]
[(114.0224232499841, 22.53486196343064), (114.0177055495266, 22.53406653164064), (114.0179254, 22.532762599999998), (114.0226431004575, 22.533558031789998), (114.0224232499841, 22.53486196343064), 349.5, (114.02017432499206, 22.53381228171532), 493.0, 147.0, 1069.316, 199]
[(114.02240814833374, 22.53495133507373), (114.01769046620717, 22.534155794159727), (114.01792540770973, 22.532762554279962), (114.0226430898363, 22.533558095193964), (114.02240814833374, 22.53495133507373), 349.5, (114.02016677802173, 22.53385694467685), 493.0, 157.0, 1090.3039999999999, 200]
[(114.02214914145179, 22.536487699244166), (114.01743144099429, 22.535692267454166), (114.0179254, 22.532762599999998), (114.0226431004575, 22.533558031789998), (114.02214914145179, 22.536487699244166), 349.5, (114.02003727072588, 22.534625149622077), 493.0, 330.0, 1434.948, 201]
[(114.03880833943222, 22.54828610029539), (114.03458950000001, 22.547622500000003), (114.03519780187635, 22.543755220313006), (114.03941664130856, 22.544418820608392), (114.03880833943222, 22.54828610029539), 80.0, (114.0370030706543, 22.546020660304197), 439.0, 435.0, 1500.9089999999999, 202]
[(114.03888027673773, 22.548293003189425), (114.03458950000005, 22.54762250000001), (114.03519390349615, 22.543754717561114), (114.03948468023383, 22.54442522075053), (114.03888027673773, 22.548293003189425), 80.0, (114.03703709011695, 22.546023860375268), 447.0, 435.0, 1514.467, 203]
[(114.03886616107513, 22.54818818349018), (114.0345895, 22.5476225), (114.03516711041681, 22.54325566938005), (114.03944377149195, 22.54382135287023), (114.03886616107513, 22.54818818349018), 80.0, (114.03701663574599, 22.545721926435117), 489.0, 444.0, 1605.157, 204]
[(114.03894141600465, 22.54818756935098), (114.03458949999997, 22.547622499999996), (114.03515659563473, 22.543254978447408), (114.03950851163941, 22.54382004779839), (114.03894141600465, 22.54818756935098), 80.0, (114.03704900581968, 22.545721273899193), 489.0, 451.0, 1618.8950000000002, 205]
[(114.03886773039358, 22.548185366137602), (114.03458949999998, 22.547622499999996), (114.03517160536215, 22.543198036195296), (114.03944983575575, 22.5437609023329), (114.03886773039358, 22.548185366137602), 79.8, (114.03701966787787, 22.545691701166447), 496.0, 444.0, 1616.891, 206]
[(114.03894239056625, 22.548185781914118), (114.03458949999997, 22.547622499999996), (114.03516212314923, 22.543197422890366), (114.03951501371552, 22.54376070480449), (114.03894239056625, 22.548185781914118), 79.8, (114.03705225685773, 22.545691602402243), 496.0, 451.0, 1630.468, 207]
[(114.03498087930372, 22.545666098988967), (114.03937142366124, 22.546788155679376), (114.03875859999995, 22.549186099999996), (114.03436805564243, 22.548064043309587), (114.03498087930372, 22.545666098988967), 169.9, (114.03686973965183, 22.54742609949448), 468.0, 274.0, 1293.33, 208]
[(114.03499217822703, 22.545607250968047), (114.03938623366858, 22.54673020495843), (114.03875859999995, 22.549186099999996), (114.0343645445584, 22.548063146009614), (114.03499217822703, 22.545607250968047), 169.9, (114.03687538911349, 22.54739667548402), 468.0, 281.0, 1306.444, 209]
[(114.03987400000001, 22.546536500000002), (114.04308582529471, 22.54655954610401), (114.04307340000003, 22.548291200000005), (114.03986157470533, 22.548268153895997), (114.03987400000001, 22.546536500000002), 179.8, (114.04147370000003, 22.547413850000005), 330.0, 193.0, 880.2929999999999, 210]
[(114.03781093416868, 22.51867390088924), (114.03469620436226, 22.52033387782528), (114.03357729999999, 22.518234399999997), (114.0366920298064, 22.516574423063958), (114.03781093416868, 22.51867390088924), 26.6, (114.03569411708432, 22.518454150444615), 369.0, 260.0, 1049.175, 211]
[(114.0378108524576, 22.518673743195315), (114.0346992991133, 22.520332479348113), (114.0336141, 22.5182968), (114.0367256533443, 22.516638063847203), (114.0378108524576, 22.518673743195315), 27.2, (114.0357124762288, 22.51848527159766), 369.0, 252.0, 1033.191, 212]
[(114.03781044932366, 22.518672966464003), (114.03464460884224, 22.520362909779948), (114.03364579999999, 22.518491799999993), (114.0368116404814, 22.516801856684047), (114.03781044932366, 22.518672966464003), 31.1, (114.03572812466183, 22.518582383231998), 376.0, 232.0, 999.521, 213]
[(114.03576847088928, 22.56692726643123), (114.03877837088926, 22.56814326643123), (114.03839079999999, 22.5691026), (114.0353809, 22.5678866), (114.03576847088928, 22.56692726643123), 143.5, (114.03707963544466, 22.56801493321561), 337.0, 114.0, 717.749, 214]
[(114.05576435795274, 22.57269971308637), (114.05579399349902, 22.571153108018994), (114.05852819999998, 22.571205499999998), (114.0584985644537, 22.572752105067373), (114.05576435795274, 22.57269971308637), 358.9, (114.05714627897638, 22.57195260654319), 281.0, 172.0, 710.743, 215]
[(114.0584442235861, 22.572738241621753), (114.05578422386166, 22.57272249507658), (114.05579330027555, 22.571189253454826), (114.05845329999998, 22.571205), (114.0584442235861, 22.572738241621753), 358.8, (114.05711876193082, 22.571963747538287), 273.0, 170.0, 693.398, 216]
[(114.05752941768941, 22.573335463343742), (114.05431141347276, 22.57331649924978), (114.05432400034628, 22.571180641236737), (114.05754200456293, 22.571199605330698), (114.05752941768941, 22.573335463343742), 0.0, (114.05592670901787, 22.572258052290238), 330.0, 238.0, 982.1199999999999, 217]
[(114.0575250682088, 22.574073523751313), (114.05430706399216, 22.574054559657352), (114.05432400034628, 22.571180641236737), (114.05754200456293, 22.571199605330698), (114.0575250682088, 22.574073523751313), 0.0, (114.05592453427755, 22.57262708249402), 330.0, 320.0, 1145.862, 218]
[(114.05753375538765, 22.57259940227743), (114.054315751171, 22.57258043818347), (114.05432400034628, 22.571180641236737), (114.05754200456293, 22.571199605330698), (114.05753375538765, 22.57259940227743), 0.0, (114.05592887786696, 22.571890021757085), 330.0, 156.0, 818.396, 219]
[(114.05851386234089, 22.573353281324035), (114.05430968413843, 22.573325216048858), (114.05432402179754, 22.571177434724817), (114.0585282, 22.571205499999994), (114.05851386234089, 22.573353281324035), 358.9, (114.05641894206923, 22.572265358024424), 432.0, 239.0, 1185.9550000000002, 220]
[(114.0585111356427, 22.574088112357455), (114.05430693616262, 22.57406322452892), (114.05432400085502, 22.571180555563057), (114.0585282003351, 22.57120544339159), (114.0585111356427, 22.574088112357455), 358.9, (114.05641756824886, 22.572634333960252), 432.0, 321.0, 1347.755, 221]
[(114.05429543250747, 22.572671566011888), (114.05432506805376, 22.571124960944513), (114.05852819999998, 22.571205499999998), (114.0584985644537, 22.572752105067373), (114.05429543250747, 22.572671566011888), 358.9, (114.05641181625374, 22.57193853300594), 432.0, 172.0, 1038.347, 222]
[(114.05844059444473, 22.573351297686912), (114.05431129529977, 22.57332685324997), (114.05432400085502, 22.571180555563057), (114.05845329999998, 22.571205), (114.05844059444473, 22.573351297686912), 358.8, (114.05638229764989, 22.57226592662499), 424.0, 239.0, 1169.94, 223]
[(114.05843623530758, 22.574087668965863), (114.05430693616262, 22.57406322452892), (114.05432400085502, 22.571180555563057), (114.05845329999998, 22.571205), (114.05843623530758, 22.574087668965863), 358.8, (114.05638011808131, 22.57263411226446), 424.0, 321.0, 1333.3090000000002, 224]
[(114.0584442235861, 22.572738241621753), (114.05431492444113, 22.57271379718481), (114.05432400085502, 22.571180555563057), (114.05845329999998, 22.571205), (114.0584442235861, 22.572738241621753), 358.8, (114.05638411222056, 22.5719593985924), 424.0, 170.0, 1021.0020000000001, 225]
[(114.05748469372294, 22.574073248238285), (114.05754494742767, 22.571272199039065), (114.0584515, 22.5712917), (114.05839124629527, 22.57409274919922), (114.05748469372294, 22.574073248238285), 269.2, (114.05796809686146, 22.57268247411914), 312.0, 93.0, 661.761, 226]
[(114.05654880730546, 22.574057965579115), (114.05660916527593, 22.571252069317143), (114.0584515, 22.5712917), (114.05839114202954, 22.57409759626197), (114.05654880730546, 22.574057965579115), 269.2, (114.05750015365273, 22.572674832789556), 312.0, 189.0, 851.691, 227]
[(114.0557935935391, 22.57124878552184), (114.05845149999999, 22.5712917), (114.05840634872854, 22.574088142162456), (114.05574844226764, 22.574045227684294), (114.0557935935391, 22.57124878552184), 269.2, (114.05709997113381, 22.57266846384215), 311.0, 273.0, 1019.6189999999999, 228]
[(114.05672030027408, 22.574060892450298), (114.05678064185777, 22.57125575797043), (114.0584515, 22.5712917), (114.05839115841631, 22.574096834479867), (114.05672030027408, 22.574060892450298), 269.2, (114.05758590013706, 22.572676296225147), 312.0, 172.0, 818.9849999999999, 229]
[(114.05972820809708, 22.525895812384583), (114.06044101044895, 22.523238285581744), (114.06148200000001, 22.523517500000008), (114.06076919764814, 22.526175026802846), (114.05972820809708, 22.525895812384583), 269.7, (114.06060510404855, 22.524706656192294), 304.0, 111.0, 647.6, 230]
[(114.03877922040402, 22.520237427233546), (114.03694612040402, 22.517341827233544), (114.03870270000002, 22.516229799999998), (114.04053580000001, 22.5191254), (114.03877922040402, 22.520237427233546), 301.8, (114.03874096020202, 22.51823361361677), 373.0, 219.0, 993.289, 231]
[(114.09701427733744, 22.553572859208266), (114.0992859, 22.5535992), (114.0992516865839, 22.55654975563031), (114.09698006392134, 22.556523414838576), (114.09701427733744, 22.553572859208266), 270.0, (114.09813298196066, 22.555061307419287), 328.0, 233.0, 951.3249999999999, 232]
[(114.09700402460041, 22.553301611918528), (114.09453005441965, 22.553268517339923), (114.09454880000003, 22.551867200000004), (114.09702277018079, 22.55190029457861), (114.09700402460041, 22.553301611918528), 359.4, (114.09577641230021, 22.552584405959266), 254.0, 156.0, 662.731, 233]
[(114.04367935199161, 22.547134656117393), (114.04368245199161, 22.549707456117392), (114.04148820000002, 22.549710100000002), (114.04148510000002, 22.547137300000003), (114.04367935199161, 22.547134656117393), 89.1, (114.04258377599582, 22.5484223780587), 286.0, 225.0, 859.355, 234]
[(114.0437470563515, 22.547134574539534), (114.0437501563515, 22.549707374539533), (114.04148820000002, 22.549710100000002), (114.04148510000002, 22.547137300000003), (114.0437470563515, 22.547134574539534), 89.1, (114.04261762817576, 22.54842233726977), 286.0, 232.0, 873.76, 235]
[(114.04374673671187, 22.547134574924673), (114.04374983671187, 22.549707374924672), (114.04148820000002, 22.549710100000002), (114.04148510000002, 22.547137300000003), (114.04374673671187, 22.547134574924673), 89.1, (114.04261746835594, 22.548422337462338), 286.0, 232.0, 872.0440000000001, 236]
[(114.06092428407545, 22.56428542163853), (114.06101339472512, 22.56104146910897), (114.0624197, 22.561080099999998), (114.06233058935034, 22.564324052529557), (114.06092428407545, 22.56428542163853), 269.9, (114.06167199203773, 22.562682760819264), 361.0, 144.0, 844.788, 237]
[(114.06040207773346, 22.544545865779387), (114.06033772830544, 22.54725436384706), (114.05901339999997, 22.547222899999998), (114.05907774942798, 22.544514401932325), (114.06040207773346, 22.544545865779387), 89.5, (114.05970773886672, 22.545884382889692), 301.0, 136.0, 682.664, 238]
[(114.060305763825, 22.54454505119394), (114.06024144938927, 22.54725207641948), (114.05901339999997, 22.547222899999998), (114.0590777144357, 22.544515874774458), (114.060305763825, 22.54454505119394), 89.5, (114.0596595819125, 22.545883975596972), 301.0, 126.0, 662.879, 239]
[(114.06042683359448, 22.543497051252313), (114.06033786465329, 22.547254262679516), (114.05901340000001, 22.547222900000005), (114.0591023689412, 22.5434656885728), (114.06042683359448, 22.543497051252313), 88.7, (114.05972011679724, 22.54535997562616), 418.0, 136.0, 917.06, 240]
[(114.06033054904003, 22.543494998977085), (114.06024158548756, 22.54725198283565), (114.05901340000001, 22.547222900000005), (114.05910236355248, 22.54346591614144), (114.06033054904003, 22.543494998977085), 88.7, (114.05967197452001, 22.545358949488545), 418.0, 126.0, 897.1759999999999, 241]
[(114.06032911981758, 22.543558101613517), (114.06024152923966, 22.54725202151662), (114.0590134, 22.5472229), (114.05910099057792, 22.543528980096898), (114.06032911981758, 22.543558101613517), 88.7, (114.05967125990878, 22.545390500806757), 411.0, 126.0, 883.4029999999999, 242]
[(114.06042540486777, 22.54356013208475), (114.06033780830239, 22.547254304494857), (114.0590134, 22.5472229), (114.05910099656538, 22.543528727589894), (114.06042540486777, 22.54356013208475), 88.7, (114.05971940243388, 22.54539151604238), 411.0, 136.0, 902.983, 243]
[(114.0827314278271, 22.54705240635213), (114.08279859073238, 22.54328086801895), (114.0841122629053, 22.543304261666822), (114.08404510000001, 22.547075800000002), (114.0827314278271, 22.54705240635213), 268.8, (114.08342184536619, 22.545178334009478), 419.0, 135.0, 919.222, 244]
[(114.08273470363183, 22.547119159306877), (114.08279505848814, 22.543283527867796), (114.08410880000001, 22.5433042), (114.0840484451437, 22.547139831439083), (114.08273470363183, 22.547119159306877), 269.1, (114.08342175181592, 22.54521167965344), 427.0, 135.0, 933.7660000000001, 245]
[(114.0487968, 22.508082599999998), (114.04553745167348, 22.508137382898173), (114.0454923223569, 22.505452381422817), (114.04875167068343, 22.50539759852464), (114.0487968, 22.508082599999998), 182.9, (114.04714456117846, 22.50676749071141), 335.0, 299.0, 1089.0929999999998, 246]
[(114.04715025821073, 22.50940695720061), (114.04748289838182, 22.50550373480023), (114.0491323, 22.5056443), (114.04879965982892, 22.509547522400382), (114.04715025821073, 22.50940695720061), 265.1, (114.04814127910538, 22.50752562860031), 435.0, 170.0, 912.844, 247]
[(114.04714403307369, 22.50948000338212), (114.04748289838182, 22.50550373480023), (114.0491323, 22.5056443), (114.04879343469187, 22.509620568581887), (114.04714403307369, 22.50948000338212), 265.2, (114.04813816653684, 22.507562151691058), 444.0, 170.0, 928.7150000000001, 248]
[(114.04566518573232, 22.505603802899437), (114.04913229999998, 22.505644299999997), (114.0490866137295, 22.509555679284986), (114.04561949946184, 22.509515182184426), (114.04566518573232, 22.505603802899437), 265.2, (114.04737589973088, 22.507579741092208), 435.0, 356.0, 1252.845, 249]
[(114.05191452168506, 22.509958024247865), (114.04886473872335, 22.509536905119063), (114.0490662170383, 22.508077780871197), (114.05211600000001, 22.5084989), (114.05191452168506, 22.509958024247865), 346.4, (114.0504903693617, 22.509017902559535), 317.0, 164.0, 794.968, 250]
[(114.05192426678171, 22.509887449373274), (114.04887448382, 22.50946633024447), (114.0490662170383, 22.508077780871197), (114.05211600000001, 22.5084989), (114.05192426678171, 22.509887449373274), 346.4, (114.05049524191001, 22.508982615122232), 317.0, 156.0, 777.6579999999999, 251]
[(114.04907928462713, 22.50800210257714), (114.05219877317708, 22.508512441440672), (114.05197169433195, 22.509900479679445), (114.048852205782, 22.509390140815913), (114.04907928462713, 22.50800210257714), 349.0, (114.05052548947954, 22.508951291128295), 325.0, 156.0, 796.7819999999999, 252]
[(114.05199707983375, 22.50997292733887), (114.04886426402932, 22.509540342896358), (114.0490662170383, 22.508077780871197), (114.05219903284274, 22.508510365313708), (114.05199707983375, 22.50997292733887), 349.0, (114.05053164843602, 22.509025354105038), 325.0, 164.0, 810.921, 253]
[(114.00296942413014, 22.53670412235354), (114.00618190955718, 22.537243109211662), (114.00605198542705, 22.538017486858124), (114.00283950000001, 22.537478500000002), (114.00296942413014, 22.53670412235354), 169.3, (114.00451070477861, 22.537360804605836), 335.0, 87.0, 661.011, 254]
[(114.07600510391309, 22.54537114730171), (114.09076953382778, 22.545568746845532), (114.09068718723624, 22.55172159748495), (114.07592275732155, 22.55152399794113), (114.07600510391309, 22.54537114730171), 179.8, (114.08334614557467, 22.548546372393332), 1516.0, 684.0, 3428.036, 255]
[(114.07603511132754, 22.54312902488006), (114.09079954124223, 22.54332662442388), (114.09068718723624, 22.55172159748495), (114.07592275732155, 22.55152399794113), (114.07603511132754, 22.54312902488006), 179.8, (114.0833611492819, 22.547425311182508), 1516.0, 934.0, 3938.7560000000003, 256]
[(114.0906871669963, 22.551722984148483), (114.07592265447457, 22.55152394710946), (114.0759833779696, 22.547019495037546), (114.09074789049134, 22.54721853207657), (114.0906871669963, 22.551722984148483), 179.8, (114.08333527248296, 22.549371239593015), 1516.0, 501.0, 3077.554, 257]
[(114.07598319036218, 22.545370854022007), (114.09076953382778, 22.545568746845532), (114.09068718723624, 22.55172159748495), (114.07590084377064, 22.551523704661424), (114.07598319036218, 22.545370854022007), 178.8, (114.08333518879923, 22.548546225753476), 1519.0, 684.0, 3437.049, 258]
[(114.0906851715788, 22.55181677405638), (114.07590053753901, 22.551520157606586), (114.07606891168163, 22.54312766932057), (114.09085354572142, 22.543424285770364), (114.0906851715788, 22.55181677405638), 178.8, (114.08337704163023, 22.547472221688476), 1519.0, 933.0, 3947.7690000000002, 259]
[(114.0906871669963, 22.551722984148483), (114.07590083896966, 22.551523653019593), (114.0759615624647, 22.54701920094768), (114.09074789049134, 22.54721853207657), (114.0906871669963, 22.551722984148483), 178.8, (114.0833243647305, 22.54937109254808), 1519.0, 501.0, 3086.567, 260]
[(114.09068718631866, 22.551721660751397), (114.07606723633121, 22.55152592995933), (114.07612753827463, 22.547021726059956), (114.09074748826208, 22.547217456852024), (114.09068718631866, 22.551721660751397), 179.8, (114.08340736229664, 22.549371693405675), 1502.0, 501.0, 3055.3819999999996, 261]
[(114.07614958381727, 22.545373080946515), (114.09076953382778, 22.545568746845532), (114.09068718723624, 22.55172159748495), (114.07606723722573, 22.55152593158593), (114.07614958381727, 22.545373080946515), 179.8, (114.08341838552673, 22.54854733921573), 1502.0, 684.0, 3406.2439999999997, 262]
[(114.09083749920201, 22.543394944187234), (114.09068590897716, 22.551788255580504), (114.07606630270726, 22.55152421326182), (114.0762178929321, 22.54313090186855), (114.09083749920201, 22.543394944187234), 179.8, (114.08345190095464, 22.547459578724528), 1502.0, 933.0, 3918.023, 263]
[(114.00122570420685, 22.55164036477033), (114.003916, 22.551656299999998), (114.00389914668816, 22.554501592781385), (114.001208850895, 22.554485657551716), (114.00122570420685, 22.55164036477033), 269.6, (114.00256242544751, 22.553070978775857), 316.0, 276.0, 1006.8220000000001, 264]
[(114.08417829013251, 22.54069354352914), (114.08866856801967, 22.54081748883525), (114.08861519999999, 22.5427509), (114.08412492211284, 22.542626954693894), (114.08417829013251, 22.54069354352914), 179.1, (114.08639674506625, 22.54172222176457), 461.0, 215.0, 1148.991, 265]
[(114.09576712967883, 22.56144133088659), (114.09259468379842, 22.56138649915233), (114.09262245411959, 22.559779768265734), (114.0957949, 22.559834599999995), (114.09576712967883, 22.56144133088659), 358.6, (114.09419479189923, 22.560610549576165), 326.0, 179.0, 801.6089999999999, 266]
[(114.09262226095149, 22.55978505439917), (114.09693328975693, 22.559848119731765), (114.09690978363732, 22.561454954336394), (114.09259875483187, 22.5613918890038), (114.09262226095149, 22.55978505439917), 359.6, (114.09476602229438, 22.560620004367784), 443.0, 179.0, 1035.105, 267]
[(114.09609720000002, 22.564640000000004), (114.09169483342878, 22.56459682903734), (114.0917255, 22.561469599999995), (114.09612786657124, 22.561512770962658), (114.09609720000002, 22.564640000000004), 359.6, (114.09391135000001, 22.5630548), 452.0, 348.0, 1397.772, 268]
[(114.09172573217221, 22.56145426509376), (114.09686212306097, 22.56153203062937), (114.09681489999998, 22.5646511), (114.09167850911122, 22.56457333446439), (114.09172573217221, 22.56145426509376), 359.5, (114.09427031608611, 22.563052682546886), 528.0, 347.0, 1546.815, 269]
[(114.03848850256404, 22.51992730519386), (114.0365203104441, 22.51666742567319), (114.03832855330015, 22.515575676939036), (114.04029674542008, 22.518835556459706), (114.03848850256404, 22.51992730519386), 120.0, (114.0384085279321, 22.51775149106645), 415.0, 222.0, 1103.157, 270]
[(114.03851970106268, 22.51990902350255), (114.03655576001773, 22.516729772404943), (114.03834200191696, 22.515626344687398), (114.04030594296192, 22.518805595785004), (114.03851970106268, 22.51990902350255), 120.7, (114.03843085148984, 22.517767684094977), 407.0, 221.0, 1086.237, 271]
[(114.0405395726822, 22.519132277848158), (114.03725928695431, 22.520931601612276), (114.03642579999999, 22.519412099999983), (114.03970608572791, 22.517612776235865), (114.0405395726822, 22.519132277848158), 30.9, (114.0384826863411, 22.519272188924067), 392.0, 189.0, 972.8149999999999, 272]
[(114.04037858740281, 22.51922058795747), (114.03725922842122, 22.520931562740046), (114.03642579999999, 22.519412099999997), (114.03954515898158, 22.51770112521742), (114.04037858740281, 22.51922058795747), 27.6, (114.0384021937014, 22.519316343978733), 373.0, 189.0, 937.3879999999999, 273]
[(114.03846945698024, 22.51590999724401), (114.03947165725876, 22.517777761668768), (114.03626410027852, 22.519498864424754), (114.0352619, 22.517631099999996), (114.03846945698024, 22.51590999724401), 201.1, (114.03736677862936, 22.517704430834385), 381.0, 232.0, 1005.5649999999999, 274]
[(114.03834106838568, 22.51567794142919), (114.03946932130279, 22.51777332592667), (114.0362642529171, 22.519499084497475), (114.035136, 22.517403699999996), (114.03834106838568, 22.51567794142919), 201.1, (114.03730266065139, 22.51758851296333), 381.0, 260.0, 1061.992, 275]
[(114.03837858520836, 22.51574337532592), (114.03947074511338, 22.51777602588185), (114.036264159905, 22.519498950555928), (114.03517199999999, 22.517466299999995), (114.03837858520836, 22.51574337532592), 201.1, (114.03732137255666, 22.517621162940923), 381.0, 252.0, 1046.0910000000001, 276]
[(114.0515205479496, 22.525841720538935), (114.06279678275604, 22.52600999282877), (114.06265584438374, 22.5354545316822), (114.0513796095773, 22.535286259392365), (114.0515205479496, 22.525841720538935), 179.1, (114.05708819616665, 22.530648126110567), 1158.0, 1050.0, 4111.593, 277]
[(114.0626557582976, 22.535458389192314), (114.05137894961314, 22.535280755644457), (114.05152880959045, 22.525767111887426), (114.06280561827491, 22.525944745435282), (114.0626557582976, 22.535458389192314), 179.1, (114.057092283944, 22.530612750539873), 1158.0, 1058.0, 4129.7789999999995, 278]
[(114.06265575763608, 22.535458417763714), (114.05123238974672, 22.535278405423814), (114.05138230826076, 22.525764755747385), (114.06280567615012, 22.525944768087285), (114.06265575763608, 22.535458417763714), 179.0, (114.05701903294842, 22.53061158675555), 1173.0, 1058.0, 4156.474999999999, 279]
[(114.06265585952453, 22.535454474362243), (114.05123965507339, 22.53528946490776), (114.05137618792246, 22.525843418775914), (114.0627923923736, 22.526008428230398), (114.06265585952453, 22.535454474362243), 179.0, (114.05701602372349, 22.53064894656908), 1173.0, 1050.0, 4137.576999999999, 280]
[(114.03992535408764, 22.511413703155526), (114.03905415408765, 22.50767460315553), (114.0405941, 22.5073158), (114.0414653, 22.511054899999998), (114.03992535408764, 22.511413703155526), 284.0, (114.04025972704382, 22.509364751577763), 425.0, 163.0, 1009.9019999999999, 281]
[(114.03856447117013, 22.511730785126513), (114.03769327117014, 22.507991685126516), (114.0405941, 22.5073158), (114.0414653, 22.511054899999998), (114.03856447117013, 22.511730785126513), 284.0, (114.03957928558505, 22.50952329256326), 425.0, 307.0, 1279.107, 282]
[(114.03970992824817, 22.510508520508335), (114.03905727874356, 22.5076690349872), (114.04059410000002, 22.507315799999994), (114.04124674950464, 22.51015528552113), (114.03970992824817, 22.510508520508335), 284.1, (114.0401520141241, 22.508912160254162), 323.0, 163.0, 803.647, 283]
[(114.0383480914368, 22.510821535705528), (114.03769544193219, 22.507982050184392), (114.04059410000002, 22.507315799999994), (114.04124674950464, 22.51015528552113), (114.0383480914368, 22.510821535705528), 284.1, (114.03947109571841, 22.509068667852763), 323.0, 307.0, 1079.931, 284]
[(114.03969233881064, 22.510431994052947), (114.03905727874356, 22.5076690349872), (114.04059410000002, 22.507315799999994), (114.0412291600671, 22.510078759065742), (114.03969233881064, 22.510431994052947), 283.4, (114.04014321940534, 22.508873897026472), 314.0, 163.0, 787.1529999999999, 285]
[(114.03833050199927, 22.51074500925014), (114.03769544193219, 22.507982050184392), (114.04059410000002, 22.507315799999994), (114.0412291600671, 22.510078759065742), (114.03833050199927, 22.51074500925014), 283.4, (114.03946230099963, 22.509030404625065), 314.0, 307.0, 1064.408, 286]
[(114.05203470000002, 22.508487700000003), (114.04887100322276, 22.508162639467773), (114.04914398226782, 22.505505832997912), (114.05230767904509, 22.50583089353014), (114.05203470000002, 22.508487700000003), 175.5, (114.05058934113391, 22.506996766498958), 327.0, 297.0, 1085.52, 287]
[(114.01177782565304, 22.54180861136078), (114.01098654522201, 22.544113343874827), (114.01015660000002, 22.543828400000002), (114.01094788043105, 22.541523667485954), (114.01177782565304, 22.54180861136078), 70.2, (114.01096721282653, 22.54281850568039), 269.0, 91.0, 545.426, 288]
[(114.01187176446363, 22.541534999348386), (114.01098654522201, 22.544113343874827), (114.01015660000002, 22.543828400000002), (114.01104181924164, 22.54125005547356), (114.01187176446363, 22.541534999348386), 74.3, (114.01101418223183, 22.542681699674198), 301.0, 91.0, 604.592, 289]
[(114.01194210953807, 22.541315021495706), (114.01099249492701, 22.544112180128412), (114.0101566, 22.5438284), (114.01110621461106, 22.541031241367293), (114.01194210953807, 22.541315021495706), 71.8, (114.01104935476904, 22.54257171074785), 326.0, 91.0, 659.4780000000001, 290]
[(114.01267860000002, 22.54153820000001), (114.0117208106511, 22.544359437915293), (114.0101566, 22.5438284), (114.01111438934892, 22.541007162084714), (114.01267860000002, 22.54153820000001), 71.8, (114.0114176, 22.542683300000007), 329.0, 171.0, 823.6469999999999, 291]
[(114.0208181, 22.540813600000003), (114.02006245146141, 22.54466367731691), (114.0172934, 22.5441202), (114.01804904853859, 22.540270122683093), (114.0208181, 22.540813600000003), 259.7, (114.01905575, 22.542466900000004), 435.0, 291.0, 1226.225, 292]
[(114.0208181, 22.5408136), (114.02003692993979, 22.54467966958852), (114.01714878491195, 22.54409609695134), (114.01792995497216, 22.54023002736282), (114.0208181, 22.5408136), 259.7, (114.01898344245598, 22.54245484847567), 437.0, 304.0, 1253.1799999999998, 293]
[(113.9988209, 22.554524), (113.9988760928605, 22.551570614912976), (114.0012458, 22.551614899999997), (114.0011906071395, 22.554568285087022), (113.9988209, 22.554524), 88.9, (114.00003334999998, 22.553069449999995), 328.0, 243.0, 984.808, 294]
[(114.00002750842397, 22.55159604835754), (113.99995340694264, 22.554552386617054), (113.99882089999998, 22.554524), (113.99889500148132, 22.551567661740485), (114.00002750842397, 22.55159604835754), 88.9, (113.99942420421199, 22.553060024178773), 329.0, 116.0, 732.736, 295]
[(113.9988209, 22.554524), (113.9988760928605, 22.551570614912976), (114.0012458, 22.551614899999997), (114.0011906071395, 22.554568285087022), (113.9988209, 22.554524), 88.9, (114.00003334999998, 22.553069449999995), 328.0, 243.0, 984.808, 296]
[(114.00002750842397, 22.55159604835754), (113.99995340694264, 22.554552386617054), (113.99882089999998, 22.554524), (113.99889500148132, 22.551567661740485), (114.00002750842397, 22.55159604835754), 88.9, (113.99942420421199, 22.553060024178773), 329.0, 116.0, 732.736, 297]
