[(114.08283224426248, 22.54564700064502), (114.08277909999998, 22.5432682), (114.08548780600914, 22.543207685394258), (114.08554095027164, 22.545586486039277), (114.08283224426248, 22.54564700064502), 170.3, (114.08416002513583, 22.54442734301964), 278.0, 265.0, 922.853, 0]
[(114.08657028297452, 22.540748013372486), (114.08175436141018, 22.54054995467845), (114.08188149999998, 22.537458499999996), (114.08669742156432, 22.53765655869403), (114.08657028297452, 22.540748013372486), 178.9, (114.08422589148725, 22.53910325668624), 495.0, 344.0, 1408.2869999999998, 1]
[(114.08657293951191, 22.540809802061844), (114.08175182907614, 22.540611529971248), (114.08188149999998, 22.537458499999996), (114.08670261043575, 22.537656772090592), (114.08657293951191, 22.540809802061844), 180.5, (114.08422721975595, 22.53913415103092), 496.0, 351.0, 1426.867, 2]
[(114.09105433902964, 22.549286393107074), (114.0857321400353, 22.549199331629072), (114.08576540100569, 22.547166038521997), (114.09108760000002, 22.5472531), (114.09105433902964, 22.549286393107074), 178.9, (114.08840987001767, 22.54822621581454), 547.0, 226.0, 1223.7089999999998, 3]
[(114.0548722201456, 22.51069274214774), (114.05184113262256, 22.50992523778725), (114.05220541247695, 22.50848659563951), (114.05523649999999, 22.5092541), (114.0548722201456, 22.51069274214774), 161.5, (114.05353881631127, 22.509589668893625), 323.0, 164.0, 797.738, 4]
[(114.04583425732335, 22.510424228907418), (114.04264836181187, 22.51069068120872), (114.04245060448851, 22.5083261523013), (114.04563649999999, 22.508059699999997), (114.04583425732335, 22.510424228907418), 182.9, (114.04414243090592, 22.50937519060436), 329.0, 264.0, 1003.1310000000001, 5]
[(114.04245395846951, 22.508069831912007), (114.04726849999999, 22.5080195), (114.04729352738173, 22.510413515327077), (114.04247898585125, 22.510463847239084), (114.04245395846951, 22.508069831912007), 179.3, (114.04487374292562, 22.509241673619538), 495.0, 266.0, 1178.1460000000002, 6]
[(114.0472376, 22.510414099999995), (114.04426846400663, 22.51066242362375), (114.0440618, 22.508191399999998), (114.04703093599336, 22.507943076376243), (114.0472376, 22.510414099999995), 6.1, (114.04564970000001, 22.509302749999993), 306.0, 276.0, 987.9000000000001, 7]
[(114.04050433085774, 22.508641231360816), (114.04406179999998, 22.508191399999994), (114.04435964234376, 22.51054687149348), (114.04080217320153, 22.510996702854303), (114.04050433085774, 22.508641231360816), 187.0, (114.04243198660077, 22.509594051427147), 369.0, 264.0, 1047.4160000000002, 8]
[(114.04245023911913, 22.508309623327442), (114.04705841715122, 22.507971569613886), (114.0472376, 22.5104141), (114.04262942196792, 22.510752153713554), (114.04245023911913, 22.508309623327442), 9.6, (114.04484391955957, 22.509361861663717), 475.0, 272.0, 1141.769, 9]
[(114.04434359999999, 22.510548899999996), (114.04143652077208, 22.51116617209211), (114.04092029999998, 22.508735), (114.04382737922789, 22.508117727907887), (114.04434359999999, 22.510548899999996), 11.4, (114.04263194999999, 22.509641949999995), 306.0, 275.0, 989.617, 10]
[(114.04295235474856, 22.51073914754753), (114.03987261135066, 22.511393082133193), (114.03937775660208, 22.509062534585663), (114.04245749999998, 22.5084086), (114.04295235474856, 22.51073914754753), 189.3, (114.04116505567532, 22.509900841066596), 325.0, 264.0, 1000.8839999999999, 11]
[(114.03998999999999, 22.511395499999995), (114.03670882734994, 22.512178804281206), (114.0361482, 22.50983039999999), (114.03942937265005, 22.50904709571878), (114.03998999999999, 22.511395499999995), 193.6, (114.03806909999999, 22.510612949999995), 348.0, 267.0, 999.0229999999999, 12]
[(114.07855764170768, 22.54913281876183), (114.07866659002626, 22.543273708726275), (114.0816616, 22.543329399999998), (114.08155265168142, 22.549188510035552), (114.07855764170768, 22.54913281876183), 89.4, (114.08010962085385, 22.546231109380912), 652.0, 308.0, 1491.5779999999997, 13]
[(114.08417780000002, 22.540711300000005), (114.09079672775397, 22.540835960737855), (114.09075098699242, 22.54326459064427), (114.08413205923847, 22.543139929906417), (114.08417780000002, 22.540711300000005), 359.7, (114.08746439349622, 22.541987945322134), 680.0, 270.0, 1481.604, 14]
[(114.07746929058132, 22.54537982940763), (114.08038143371982, 22.54543678458806), (114.08034919471389, 22.547085178978254), (114.07743705157539, 22.547028223797824), (114.07746929058132, 22.54537982940763), 178.8, (114.07890924264758, 22.54623250419294), 299.0, 183.0, 764.762, 15]
[(114.09026081868025, 22.55409785390501), (114.09030189999996, 22.55179729999999), (114.09314114819887, 22.55184800086066), (114.09310006687916, 22.55414855476568), (114.09026081868025, 22.55409785390501), 179.1, (114.09170098343954, 22.552972927382832), 292.0, 256.0, 933.7449999999999, 16]
[(113.99888763825018, 22.551575591093005), (114.00124041425246, 22.55161136918961), (114.0012165760023, 22.553178978096614), (113.99886380000002, 22.553143200000008), (113.99888763825018, 22.551575591093005), 359.0, (114.00005210712625, 22.552377284594808), 242.0, 174.0, 705.2850000000001, 17]
[(114.01884989999999, 22.534879299999997), (114.01841234086848, 22.537127922263238), (114.01697354618993, 22.53684794738251), (114.01741110532144, 22.534599325119267), (114.01884989999999, 22.534879299999997), 259.2, (114.01791172309497, 22.535863623691256), 254.0, 151.0, 639.712, 18]
[(114.01845870086814, 22.537108624590307), (114.01494235915514, 22.536491581279723), (114.01533355828704, 22.53426225668942), (114.01884990000003, 22.534879300000004), (114.01845870086814, 22.537108624590307), 169.6, (114.01689612957756, 22.535685440639863), 368.0, 251.0, 1022.008, 19]
[(114.01844263897627, 22.537115538581972), (114.01538803897625, 22.536559238581972), (114.01579530000001, 22.534323000000004), (114.01884990000002, 22.534879300000004), (114.01844263897627, 22.537115538581972), 169.6, (114.01711896948814, 22.535719269290986), 320.0, 252.0, 970.739, 20]
[(114.03746242571587, 22.527254281476136), (114.04058522571587, 22.527594681476135), (114.040353, 22.5297251), (114.0372302, 22.5293847), (114.03746242571587, 22.527254281476136), 354.2, (114.03890771285792, 22.52848969073807), 323.0, 238.0, 889.606, 21]
[(114.08404611782558, 22.547138039134925), (114.08396399189921, 22.55158236536552), (114.08150899999998, 22.551536999999996), (114.08159112592635, 22.547092673769402), (114.08404611782558, 22.547138039134925), 269.1, (114.0827775589128, 22.54933751956746), 494.0, 252.0, 1225.193, 22]
[(114.09906783017254, 22.54023413551245), (114.09900943396181, 22.54343501976506), (114.09517986948305, 22.543365154054005), (114.09523826569378, 22.540164269801394), (114.09906783017254, 22.54023413551245), 359.0, (114.09712384982781, 22.541799644783225), 393.0, 356.0, 1283.314, 23]
[(114.08412580909246, 22.547139511735896), (114.08404368316609, 22.55158383796649), (114.08150899999998, 22.551536999999996), (114.08159112592635, 22.547092673769402), (114.08412580909246, 22.547139511735896), 268.1, (114.08281740454622, 22.549338255867944), 494.0, 260.0, 1240.756, 24]
[(114.08411345777097, 22.547140252115607), (114.08788075714077, 22.547187202681876), (114.08785519936981, 22.549237950566273), (114.0840879, 22.549191000000004), (114.08411345777097, 22.547140252115607), 359.2, (114.08598432857039, 22.548189101340938), 387.0, 228.0, 999.3119999999999, 25]
[(114.08564434159733, 22.547161948917395), (114.08556211179048, 22.551611896743218), (114.08150899999998, 22.551536999999996), (114.08159122980683, 22.547087052174174), (114.08564434159733, 22.547161948917395), 268.1, (114.08357667079868, 22.5493494744587), 495.0, 416.0, 1552.326, 26]
[(114.08564434261989, 22.54716175965635), (114.08559419122656, 22.550033346851052), (114.08399392175866, 22.55000539863354), (114.08404407315199, 22.54713381143884), (114.08564434261989, 22.54716175965635), 268.1, (114.08481913218927, 22.548583579144946), 319.0, 164.0, 778.2550000000001, 27]
[(114.08564434335625, 22.547161175825163), (114.08560061802278, 22.550211092197717), (114.08407358924, 22.550189199845732), (114.08411731457348, 22.54713928347318), (114.08564434335625, 22.547161175825163), 268.1, (114.08485896629813, 22.54867518783545), 339.0, 157.0, 782.9759999999999, 28]
[(114.03647969999999, 22.525910300000014), (114.03289288360395, 22.527892520377996), (114.03216880987118, 22.526582313114737), (114.03575562626722, 22.524600092736755), (114.03647969999999, 22.525910300000014), 210.0, (114.0343242549356, 22.526246306557375), 429.0, 164.0, 954.0400000000001, 29]
[(114.0946146, 22.5598142), (114.09693328975693, 22.559848119731765), (114.09690978363732, 22.561454954336394), (114.09459109388038, 22.56142103460463), (114.0946146, 22.5598142), 359.6, (114.09576219181866, 22.560634577168198), 238.0, 179.0, 715.2280000000001, 30]
[(114.03877922040402, 22.520237427233546), (114.03691379139957, 22.517290759716637), (114.03867037099559, 22.51617873248309), (114.04053580000001, 22.5191254), (114.03877922040402, 22.520237427233546), 120.3, (114.0387247956998, 22.518208079858308), 380.0, 219.0, 1000.0050000000001, 31]
[(114.03877458272595, 22.520230989202283), (114.03674528272595, 22.51699828920227), (114.03850649999998, 22.51589269999998), (114.0405358, 22.519125399999993), (114.03877458272595, 22.520230989202283), 120.3, (114.03864054136297, 22.51806184460113), 416.0, 219.0, 1035.847, 32]
[(114.03281390682398, 22.521422020810007), (114.03141240682397, 22.520562520810003), (114.0322017, 22.519275500000006), (114.03360319999999, 22.52013500000001), (114.03281390682398, 22.521422020810007), 145.5, (114.032507803412, 22.52034876040501), 173.0, 164.0, 584.044, 33]
[(114.03283502804058, 22.51965460975277), (114.03423963152434, 22.520533003980205), (114.03343859999998, 22.52181389999999), (114.03203399651622, 22.520935505772556), (114.03283502804058, 22.51965460975277), 324.3, (114.03313681402028, 22.52073425487638), 174.0, 164.0, 584.191, 34]
[(114.00268820597975, 22.53799958033269), (114.00219890000002, 22.540594700000003), (113.99896443630765, 22.539984846648807), (113.99945374228737, 22.537389726981495), (114.00268820597975, 22.53799958033269), 350.1, (114.0008263211437, 22.538992213490747), 339.0, 293.0, 1084.3519999999999, 35]
[(114.0007421421442, 22.539503128438923), (114.0011588421442, 22.537164028438923), (114.0042932, 22.5377224), (114.0038765, 22.5400615), (114.0007421421442, 22.539503128438923), 170.7, (114.00251767107211, 22.53861276421946), 328.0, 264.0, 1015.5159999999998, 36]
[(114.01859003557185, 22.536360188153008), (114.01507369385885, 22.535743144842424), (114.01533355828704, 22.53426225668942), (114.01884990000003, 22.534879300000004), (114.01859003557185, 22.536360188153008), 169.6, (114.01696179692945, 22.535311222421218), 368.0, 167.0, 853.9660000000001, 37]
[(114.01857879601278, 22.536367910892395), (114.01552419601276, 22.535811610892395), (114.01579530000001, 22.534323000000004), (114.01884990000002, 22.534879300000004), (114.01857879601278, 22.536367910892395), 169.6, (114.01718704800638, 22.535345455446198), 320.0, 168.0, 802.6970000000001, 38]
[(114.01845871134816, 22.537092797090413), (114.0169769, 22.5368486), (114.01721428865184, 22.53540810290959), (114.0186961, 22.535652300000002), (114.01845871134816, 22.537092797090413), 259.9, (114.01783650000002, 22.53625045), 162.0, 155.0, 541.164, 39]
[(114.0969097096838, 22.561458011283186), (114.09458688268364, 22.56141786414195), (114.0946146, 22.559814199999998), (114.09693742700016, 22.559854347141233), (114.0969097096838, 22.561458011283186), 179.6, (114.09576215484192, 22.560636105641592), 239.0, 178.0, 711.408, 40]
[(114.09694416151409, 22.558078464074576), (114.09925924069283, 22.558106836798682), (114.09921784651605, 22.56148440450939), (114.09690276733731, 22.561456031785283), (114.09694416151409, 22.558078464074576), 88.2, (114.09808100401506, 22.559781434291985), 376.0, 238.0, 1024.202, 41]
[(114.09702055544543, 22.55204265639894), (114.09931470000001, 22.552068700000003), (114.09928021969735, 22.555106021850285), (114.09698607514277, 22.55507997824922), (114.09702055544543, 22.55204265639894), 89.3, (114.0981503875714, 22.553574339124612), 338.0, 236.0, 968.692, 42]
[(114.09456462391122, 22.56461698094385), (114.09265752391124, 22.56459908094385), (114.09267250000002, 22.5630035), (114.0945796, 22.5630214), (114.09456462391122, 22.56461698094385), 179.2, (114.09361856195562, 22.563810240471923), 196.0, 177.0, 647.346, 43]
[(114.09171348705496, 22.562982551079134), (114.09612206622774, 22.56305156539903), (114.09609718393, 22.564641026539775), (114.09168860475722, 22.56457201221988), (114.09171348705496, 22.562982551079134), 359.6, (114.09390533549248, 22.563811788809453), 453.0, 177.0, 1000.141, 44]
[(114.09172065586563, 22.562073972722878), (114.09613466883302, 22.562140131365197), (114.09609719999999, 22.56464), (114.0916831870326, 22.56457384135768), (114.09172065586563, 22.562073972722878), 359.6, (114.0939089279328, 22.56335698636144), 453.0, 278.0, 1203.6180000000002, 45]
[(114.09171703442361, 22.56254072520793), (114.09612898198714, 22.562609792258463), (114.09609718393, 22.564641026539775), (114.09168523636647, 22.564571959489243), (114.09171703442361, 22.56254072520793), 359.6, (114.09390710917678, 22.56359087587385), 453.0, 226.0, 1098.235, 46]
[(114.0917168058593, 22.562555012293533), (114.09432133231942, 22.562577202957602), (114.09430859134163, 22.564072616240534), (114.09170406488151, 22.564050425576465), (114.0917168058593, 22.562555012293533), 359.6, (114.09301269860046, 22.56331381426703), 267.0, 166.0, 698.1600000000001, 47]
[(114.09170455213341, 22.563446382422786), (114.0917206, 22.562077699999996), (114.09363732962045, 22.5621001737461), (114.09362128175385, 22.56346885616889), (114.09170455213341, 22.563446382422786), 179.4, (114.09267094087691, 22.562773278084443), 197.0, 152.0, 598.3530000000001, 48]
[(114.09362003863285, 22.564066745901204), (114.09170503906547, 22.56405169087316), (114.09171680043262, 22.562555644971958), (114.0936318, 22.562570700000002), (114.09362003863285, 22.564066745901204), 179.4, (114.09266841953274, 22.563311195436583), 197.0, 166.0, 626.918, 49]
[(114.09700402460041, 22.553301611918528), (114.09453005441965, 22.553268517339923), (114.09454880000003, 22.551867200000004), (114.09702277018079, 22.55190029457861), (114.09700402460041, 22.553301611918528), 179.8, (114.09577641230021, 22.552584405959266), 254.0, 156.0, 662.731, 50]
[(114.08623029999998, 22.5492177), (114.0861987196248, 22.55143797582239), (114.08405609999998, 22.551407499999996), (114.08408768037516, 22.549187224177604), (114.08623029999998, 22.5492177), 269.2, (114.08514319999998, 22.550312599999994), 247.0, 220.0, 795.5729999999999, 51]
[(114.04006094646621, 22.511665721454506), (114.04421671521887, 22.510774593647653), (114.04456, 22.51237550000001), (114.04040423124735, 22.513266627806864), (114.04006094646621, 22.511665721454506), 14.2, (114.0423104732331, 22.512020610727262), 438.0, 181.0, 938.0840000000001, 52]
[(114.0840818226254, 22.545000592468426), (114.08039112406817, 22.544900562915693), (114.080437087699, 22.543204685034596), (114.08412778625622, 22.54330471458733), (114.0840818226254, 22.545000592468426), 179.2, (114.08225945516219, 22.54410263875151), 379.0, 189.0, 886.7400000000001, 53]
[(114.085530405036, 22.545163075657143), (114.08272985133686, 22.545087254093502), (114.0827791, 22.5432682), (114.08557965369913, 22.54334402156364), (114.085530405036, 22.545163075657143), 181.2, (114.084154752518, 22.544215637828575), 288.0, 202.0, 823.331, 54]
[(114.08561869999998, 22.548343300000003), (114.08559194442381, 22.550210951477926), (114.08407360000001, 22.5501892), (114.08410035557618, 22.548321548522075), (114.08561869999998, 22.548343300000003), 269.7, (114.08484615000002, 22.54926625), 208.0, 156.0, 613.768, 55]
[(114.08561870000001, 22.548343300000003), (114.08557616436302, 22.55078103549974), (114.0839809, 22.550753200000003), (114.084023435637, 22.548315464500266), (114.08561870000001, 22.548343300000003), 269.7, (114.08479980000001, 22.549548250000004), 271.0, 164.0, 692.6460000000001, 56]
[(114.09362668067703, 22.5630071173395), (114.0961211137953, 22.56304450470326), (114.09609719999999, 22.56464), (114.09360276688172, 22.56460261263624), (114.09362668067703, 22.5630071173395), 359.4, (114.09486194033852, 22.563823558669753), 256.0, 177.0, 707.6450000000001, 57]
[(114.00293060000001, 22.536698600000005), (114.00260356930303, 22.53838333867025), (114.0009837, 22.538068900000003), (114.00131073069699, 22.536384161329757), (114.00293060000001, 22.536698600000005), 259.8, (114.00195715000001, 22.53738375), 190.0, 170.0, 611.442, 58]
[(114.05695472353153, 22.547085186289372), (114.05369016096267, 22.54703678097246), (114.05371360000001, 22.545456000000005), (114.05697816256887, 22.54550440531692), (114.05695472353153, 22.547085186289372), 179.1, (114.05533416176574, 22.546270593144687), 335.0, 176.0, 847.789, 59]
[(114.09310780196961, 22.55371394596331), (114.0902683193424, 22.553662833675638), (114.09030190000001, 22.551797299999997), (114.09314138262722, 22.551848412287672), (114.09310780196961, 22.55371394596331), 179.1, (114.0917048509848, 22.55275562298165), 292.0, 207.0, 837.936, 60]
[(114.09311499371034, 22.553310249414753), (114.09027558608351, 22.55325913847713), (114.09030190000001, 22.551797299999997), (114.09314130762685, 22.551848410937623), (114.09311499371034, 22.553310249414753), 179.1, (114.0917084468552, 22.55255377470738), 292.0, 163.0, 748.732, 61]
[(114.05494614670307, 22.551114267816306), (114.0528371578711, 22.551079882831367), (114.052862911168, 22.54950031501506), (114.05497189999998, 22.5495347), (114.05494614670307, 22.551114267816306), 178.9, (114.05390452893553, 22.550307291415677), 217.0, 176.0, 670.447, 62]
[(114.05395647100866, 22.54951846480019), (114.05612727100868, 22.54954646480019), (114.05610690000002, 22.5511258), (114.0539361, 22.5510978), (114.05395647100866, 22.54951846480019), 359.2, (114.05503168550435, 22.5503221324001), 223.0, 176.0, 677.864, 63]
[(114.05574670000001, 22.5493136), (114.05146123338791, 22.549255358307768), (114.05148430128514, 22.547558005438272), (114.05576976789725, 22.547616247130506), (114.05574670000001, 22.5493136), 179.4, (114.05361550064258, 22.54843580271914), 440.0, 189.0, 1007.202, 64]
[(114.0536285448568, 22.54532350905159), (114.05752764529228, 22.545376476994896), (114.05750279999998, 22.547205399999996), (114.0536036995645, 22.54715243205669), (114.0536285448568, 22.54532350905159), 359.1, (114.0555656724284, 22.546264454525797), 400.0, 203.0, 989.808, 65]
[(114.05207282571644, 22.545534494489562), (114.05539462568268, 22.545572697426778), (114.05537749996624, 22.547061802937215), (114.0520557, 22.5470236), (114.05207282571644, 22.545534494489562), 359.1, (114.05372516284135, 22.546298148713387), 341.0, 166.0, 830.769, 66]
[(114.05207554122728, 22.545533004048984), (114.05539714145974, 22.545578186961208), (114.05537539999999, 22.547176499999992), (114.05205379976753, 22.547131317087768), (114.05207554122728, 22.545533004048984), 359.1, (114.05372547061363, 22.546354752024488), 341.0, 178.0, 855.0809999999999, 67]
[(114.05362543643041, 22.54555232795564), (114.05752453686588, 22.545605295898945), (114.05750279999998, 22.547205399999996), (114.0536036995645, 22.54715243205669), (114.05362543643041, 22.54555232795564), 359.3, (114.05556411821519, 22.546378863977818), 400.0, 178.0, 938.794, 68]
[(114.00255294807415, 22.55162271233595), (114.00636630883477, 22.551716679321146), (114.00632736076062, 22.553297266985197), (114.002514, 22.5532033), (114.00255294807415, 22.55162271233595), 358.6, (114.00444015441738, 22.552459989660573), 392.0, 176.0, 881.6869999999999, 69]
[(114.00253000830945, 22.553203560194607), (113.99886930830945, 22.553144060194608), (113.99889479999999, 22.551575699999997), (114.00255549999999, 22.551635199999996), (114.00253000830945, 22.553203560194607), 178.6, (114.00071240415473, 22.552389630097302), 376.0, 174.0, 857.4330000000001, 70]
[(114.00001496716594, 22.551593945091707), (114.00254066716595, 22.55163694509171), (114.00251399999999, 22.553203299999996), (113.99998829999998, 22.553160299999995), (114.00001496716594, 22.551593945091707), 359.0, (114.00126448358296, 22.55239862254585), 259.0, 174.0, 733.317, 71]
[(114.00124600017689, 22.551605940993504), (114.00392360928073, 22.55166576855573), (114.00388849999999, 22.5532371), (114.00121089089615, 22.553177272437775), (114.00124600017689, 22.551605940993504), 359.0, (114.00256725008843, 22.552421520496754), 275.0, 175.0, 757.162, 72]
[(114.0012163701094, 22.553190614946864), (114.00129542737321, 22.548646115943036), (114.00396755726379, 22.54869260099617), (114.00388849999999, 22.553237099999997), (114.0012163701094, 22.553190614946864), 88.8, (114.00259196368663, 22.55094160797152), 505.0, 274.0, 1227.8700000000001, 73]
[(114.00129759999999, 22.550001299999998), (114.00123453630196, 22.553190085375036), (113.99886379999998, 22.553143199999994), (113.998926863698, 22.549954414624956), (114.00129759999999, 22.550001299999998), 89.1, (114.00008069999998, 22.551572249999992), 355.0, 244.0, 1010.751, 74]
[(114.05362784918285, 22.545377084345713), (114.05752694865922, 22.545430122838333), (114.05750279947635, 22.547205438492615), (114.05360369999998, 22.547152399999995), (114.05362784918285, 22.545377084345713), 359.0, (114.05556532432962, 22.546291261419164), 400.0, 197.0, 977.883, 75]
[(114.05207400933632, 22.545431577050167), (114.05539580930257, 22.54546977998738), (114.05537749996624, 22.547061802937215), (114.0520557, 22.5470236), (114.05207400933632, 22.545431577050167), 358.6, (114.0537257546513, 22.546246689993687), 341.0, 177.0, 853.1080000000001, 76]
[(114.05207693942141, 22.545431594349182), (114.0553985391555, 22.54547681388231), (114.0553753997341, 22.54717651953313), (114.05205380000001, 22.547131300000004), (114.05207693942141, 22.545431594349182), 358.6, (114.05372616957774, 22.546304056941157), 341.0, 189.0, 877.4199999999998, 77]
[(114.0575265767141, 22.545509361027168), (114.05750277671409, 22.54720706102717), (114.05360369999998, 22.5471524), (114.05362749999999, 22.5454547), (114.0575265767141, 22.545509361027168), 359.4, (114.05556513835701, 22.546330880513583), 400.0, 189.0, 960.514, 78]
[(114.05395750301409, 22.549438454894233), (114.0561283030141, 22.549466454894233), (114.05610690000002, 22.5511258), (114.0539361, 22.5510978), (114.05395750301409, 22.549438454894233), 358.8, (114.05503220150705, 22.55028212744712), 223.0, 185.0, 695.38, 79]
[(114.06025337367366, 22.54741755551046), (114.0577362872319, 22.54737916652581), (114.05776471355823, 22.545515311015354), (114.06028179999998, 22.545553700000003), (114.06025337367366, 22.54741755551046), 179.1, (114.05900904361596, 22.546466433262907), 259.0, 207.0, 800.2869999999999, 80]
[(114.02569169999998, 22.5349131), (114.0261575992612, 22.532787250526084), (114.0278899, 22.5331669), (114.02742400073879, 22.535292749473918), (114.02569169999998, 22.5349131), 77.8, (114.0267908, 22.53404), 241.0, 183.0, 715.028, 81]
[(114.03987400000001, 22.546536500000002), (114.04308582529471, 22.54655954610401), (114.04307340000003, 22.548291200000005), (114.03986157470533, 22.548268153895997), (114.03987400000001, 22.546536500000002), 359.8, (114.04147370000003, 22.547413850000005), 330.0, 193.0, 874.2740000000001, 82]
[(114.04367935199161, 22.547134656117393), (114.04368245199161, 22.549707456117392), (114.04148820000002, 22.549710100000002), (114.04148510000002, 22.547137300000003), (114.04367935199161, 22.547134656117393), 268.7, (114.04258377599582, 22.5484223780587), 286.0, 225.0, 859.355, 83]
[(114.0436795453983, 22.547149486714613), (114.04366434539831, 22.549764386714617), (114.04141300000003, 22.549751300000004), (114.04142820000003, 22.5471364), (114.0436795453983, 22.547149486714613), 268.7, (114.04254627269918, 22.548450393357307), 291.0, 231.0, 876.5509999999999, 84]
[(114.04374673671187, 22.547134574924673), (114.04374983671187, 22.549707374924672), (114.04148820000002, 22.549710100000002), (114.04148510000002, 22.547137300000003), (114.04374673671187, 22.547134574924673), 258.6, (114.04261746835594, 22.548422337462338), 286.0, 232.0, 872.0440000000001, 85]
[(114.0437470163603, 22.54714987891264), (114.0437318163603, 22.549764778912646), (114.04141300000003, 22.549751300000004), (114.04142820000003, 22.5471364), (114.0437470163603, 22.54714987891264), 258.6, (114.04258000818015, 22.548450589456326), 291.0, 238.0, 889.24, 86]
[(114.0437470563515, 22.547134574539534), (114.0437501563515, 22.549707374539533), (114.04148820000002, 22.549710100000002), (114.04148510000002, 22.547137300000003), (114.0437470563515, 22.547134574539534), 273.4, (114.04261762817576, 22.54842233726977), 286.0, 232.0, 873.76, 87]
[(114.04374722160406, 22.54714988010569), (114.04373202160407, 22.549764780105694), (114.04141300000003, 22.549751300000004), (114.04142820000003, 22.5471364), (114.04374722160406, 22.54714988010569), 273.4, (114.04258011080204, 22.548450590052845), 291.0, 238.0, 890.956, 88]
[(114.04149407430543, 22.54588806094088), (114.04376850000001, 22.5459044), (114.04375131867887, 22.548296070044078), (114.04147689298429, 22.548279730984955), (114.04149407430543, 22.54588806094088), 89.6, (114.04262269649215, 22.547092065492475), 266.0, 234.0, 855.649, 89]
[(114.04149407299779, 22.54588824296564), (114.0437014, 22.5459041), (114.0436842199865, 22.548295588019318), (114.04147689298429, 22.548279730984955), (114.04149407299779, 22.54588824296564), 89.6, (114.04258914649213, 22.54709191549248), 266.0, 227.0, 841.593, 90]
[(114.05753375538765, 22.57259940227743), (114.05400965119391, 22.57257863429872), (114.05401790036919, 22.571178837351987), (114.05754200456293, 22.571199605330698), (114.05753375538765, 22.57259940227743), 179.0, (114.0557758278784, 22.571889119814706), 362.0, 156.0, 849.827, 91]
[(114.06181637203348, 22.527622378202626), (114.05977097203346, 22.527608278202624), (114.05978229999995, 22.52596499999999), (114.06182769999997, 22.52597909999999), (114.06181637203348, 22.527622378202626), 167.7, (114.06079933601671, 22.52679368910131), 210.0, 183.0, 697.354, 92]
[(114.0397508687564, 22.51048523921807), (114.036468746248, 22.511234516249644), (114.03614396643867, 22.509811855367822), (114.03942608894707, 22.50906257833625), (114.0397508687564, 22.51048523921807), 193.6, (114.03794741759754, 22.510148547292946), 347.0, 162.0, 797.624, 93]
[(114.0424490303494, 22.508292767815057), (114.0456365, 22.508059699999997), (114.04574285872924, 22.509514277593425), (114.04255538907864, 22.509747345408485), (114.0424490303494, 22.508292767815057), 182.9, (114.04409594453932, 22.50890352270424), 328.0, 162.0, 805.104, 94]
[(114.04245210179533, 22.508105193216238), (114.04726849999997, 22.508019499999996), (114.0472946310463, 22.509488198808935), (114.04247823284166, 22.509573892025177), (114.04245210179533, 22.508105193216238), 179.4, (114.04487336642082, 22.508796696012585), 495.0, 163.0, 979.9380000000001, 95]
[(114.05409318665413, 22.507638039932083), (114.05353053582448, 22.510130365817503), (114.05182439999997, 22.50974519999999), (114.05238705082962, 22.50725287411457), (114.05409318665413, 22.507638039932083), 255.5, (114.05295879332705, 22.508691619966037), 283.0, 180.0, 774.5020000000001, 96]
[(114.05446271819395, 22.506379883797976), (114.0538755135283, 22.509045682467313), (114.05216439831379, 22.5086687692184), (114.05275160297944, 22.506002970549062), (114.05446271819395, 22.506379883797976), 256.2, (114.05331355825388, 22.507524326508186), 302.0, 181.0, 800.677, 97]
[(114.04245218551972, 22.508103354497543), (114.04726849999999, 22.508019499999996), (114.04729279225384, 22.509414763670236), (114.04247647777358, 22.509498618167783), (114.04245218551972, 22.508103354497543), 179.3, (114.04487248888677, 22.50875905908389), 495.0, 155.0, 964.0310000000002, 98]
[(114.04244884466509, 22.508287465832456), (114.0456365, 22.508059699999997), (114.04573516781204, 22.509440587440736), (114.04254751247713, 22.509668353273195), (114.04244884466509, 22.508287465832456), 182.9, (114.04409200623857, 22.508864026636598), 328.0, 154.0, 788.7479999999999, 99]
[(114.04424569940547, 22.50954973248715), (114.04069087745711, 22.510031006143684), (114.04050697805164, 22.508672673656534), (114.0440618, 22.5081914), (114.04424569940547, 22.50954973248715), 185.6, (114.04237633872856, 22.509111203071843), 369.0, 152.0, 831.068, 100]
[(114.04425556723031, 22.509622619003665), (114.04070074528195, 22.510103892660197), (114.04050697805164, 22.508672673656534), (114.0440618, 22.5081914), (114.04425556723031, 22.509622619003665), 185.5, (114.04238127264097, 22.5091476463301), 369.0, 160.0, 847.058, 101]
[(114.04274388515357, 22.50975734772695), (114.03966414175567, 22.510411282312614), (114.03937775660208, 22.509062534585663), (114.04245749999998, 22.5084086), (114.04274388515357, 22.50975734772695), 190.3, (114.0410608208778, 22.509409941156306), 325.0, 153.0, 786.83, 102]
[(114.0397323, 22.5104144), (114.03645245560774, 22.511163156959547), (114.03614396643867, 22.509811855367822), (114.03942381083093, 22.509063098408273), (114.0397323, 22.5104144), 193.6, (114.03793813321933, 22.510113127683912), 347.0, 154.0, 782.553, 103]
[(114.04276015953857, 22.509833992900464), (114.03968041614067, 22.51048792748613), (114.03937775660208, 22.509062534585663), (114.04245749999998, 22.5084086), (114.04276015953857, 22.509833992900464), 190.3, (114.04106895807035, 22.509448263743067), 325.0, 162.0, 803.4209999999999, 104]
[(114.09921011611667, 22.561484305472028), (114.09459521611666, 22.56142890547203), (114.09461459999999, 22.559814199999998), (114.09922949999999, 22.559869599999995), (114.09921011611667, 22.561484305472028), 178.8, (114.0969123580583, 22.560649252736013), 474.0, 180.0, 1065.109, 105]
[(114.08161842322927, 22.545605302804265), (114.0792216742481, 22.545579397517404), (114.07923819827815, 22.54405059946224), (114.08163494725932, 22.5440765047491), (114.08161842322927, 22.545605302804265), 359.3, (114.0804283107537, 22.544827951133254), 246.0, 170.0, 688.762, 106]
[(114.0489236, 22.508093199999998), (114.04553766559893, 22.50815011054804), (114.0454923223569, 22.505452381422817), (114.04887825675797, 22.505395470874774), (114.0489236, 22.508093199999998), 3.6, (114.04720796117844, 22.506772790711405), 348.0, 300.0, 1102.172, 107]
[(114.04694236543814, 22.50528855747939), (114.0472685, 22.508019499999996), (114.04408664966768, 22.50839948286533), (114.04376051510582, 22.505668540344722), (114.04694236543814, 22.50528855747939), 6.5, (114.04551450755291, 22.50684402017236), 330.0, 306.0, 1070.923, 108]
[(114.0420249698901, 22.505896705862767), (114.04706385452525, 22.50548917520146), (114.04726850000002, 22.508019500000003), (114.04222961536486, 22.50842703066131), (114.0420249698901, 22.505896705862767), 10.1, (114.04464673494506, 22.506958102931385), 520.0, 282.0, 1198.73, 109]
[(114.04042695025439, 22.506518382457976), (114.04367504835203, 22.50595633689825), (114.0440618, 22.5081914), (114.04081370190235, 22.508753445559726), (114.04042695025439, 22.506518382457976), 10.9, (114.04224437512718, 22.50735489122899), 339.0, 252.0, 971.455, 110]
[(114.03740180207132, 22.50758767980621), (114.04050837145385, 22.50689296672615), (114.04092030000001, 22.508735), (114.03781373061747, 22.509429713080063), (114.03740180207132, 22.50758767980621), 19.6, (114.03916105103566, 22.508161339903108), 328.0, 209.0, 868.792, 111]
[(114.00389146655414, 22.55323714603851), (113.99999306655417, 22.55317664603851), (114.00001760000002, 22.5515958), (114.00391599999999, 22.5516563), (114.00389146655414, 22.55323714603851), 179.1, (114.00195453327707, 22.552416473019253), 400.0, 176.0, 891.8090000000001, 112]
[(114.09069816089219, 22.562857157448256), (114.09363406089219, 22.562902357448255), (114.09360790000001, 22.564601600000003), (114.09067200000001, 22.564556400000004), (114.09069816089219, 22.562857157448256), 359.1, (114.0921530304461, 22.563729378724133), 302.0, 189.0, 782.426, 113]
[(114.0917255, 22.5614696), (114.09614574793535, 22.56153879698911), (114.09609718393, 22.564641026539775), (114.09167693599464, 22.564571829550662), (114.0917255, 22.5614696), 359.6, (114.09391134196498, 22.563055313269885), 454.0, 345.0, 1338.463, 114]
[(114.04038698351914, 22.51923658892641), (114.0368902991234, 22.521087975311247), (114.03607170000001, 22.519541899999993), (114.03956838439575, 22.517690513615157), (114.04038698351914, 22.51923658892641), 209.3, (114.03822934175957, 22.5193892444632), 414.0, 191.0, 976.549, 115]
[(114.05488921034174, 22.51062564315235), (114.0518581228187, 22.50985813879186), (114.05220541247695, 22.50848659563951), (114.05523649999999, 22.5092541), (114.05488921034174, 22.51062564315235), 161.5, (114.05354731140933, 22.509556119395928), 323.0, 157.0, 782.606, 116]
[(114.01116285842161, 22.540963528032794), (114.01006252148179, 22.544096491665705), (114.00864090000002, 22.543597200000008), (114.00974123693985, 22.540464236367097), (114.01116285842161, 22.540963528032794), 72.5, (114.00990187921082, 22.542280364016403), 366.0, 156.0, 837.1300000000001, 117]
[(114.00122570420685, 22.55164036477033), (114.003916, 22.551656299999998), (114.00389914668816, 22.554501592781385), (114.001208850895, 22.554485657551716), (114.00122570420685, 22.55164036477033), 89.6, (114.00256242544751, 22.553070978775857), 316.0, 276.0, 1006.8220000000001, 118]
