[[277668607, 7205080979, 7205080980, 7205081118, 7205080977, 7205080979], 89.7, 622.638]
[[294988857, 1699111537, 3311151797, 1876814369, 1699066609, 2042203565, 5618660809, 5618660808, 5923794486, 7512362145, 5618660797, 5618660807, 1123352168, 2042203555, 7487846440, 1699002290, 1699066610, 1699111537], 269.2, 1146.206]
[[564275681, 277328663, 7949552675, 7949552656, 7949552672, 1699111518, 4127126144, 1699111535, 1699111522, 7949552674, 277668676, 7949552677, 2324213763, 277667381, 3311151798, 277328663], 178.6, 1110.7730000000001]
[[564275681, 277328663, 7949552675, 7949552656, 7949552672, 1699111518, 3082205003, 1699111539, 8784814406, 4127126143, 1699111541, 7487846439, 1699111535, 1699111522, 7949552674, 277668676, 7949552677, 2324213763, 277667381, 3311151798, 277328663], 178.8, 1344.5459999999998]
[[598723546, 8482608236, 8146989275, 598723865, 8146989276, 598723530, 598724172, 8146989161, 8482608240, 8482608238, 8482608237, 9675475379, 8482608235, 8482608236], 168.4, 1074.3100000000002]
[[598723546, 8482608236, 8146989275, 598723865, 8146989276, 598723530, 8482608237, 9675475379, 8482608235, 8482608236], 168.4, 774.9590000000001]
[[598723546, 8482608236, 8146989275, 598723865, 598723866, 598723526, 598723530, 8482608237, 9675475379, 8482608235, 8482608236], 168.6, 792.7700000000001]
[[598723546, 8482608236, 8146989275, 598723865, 598723866, 598723526, 8146989159, 598724174, 598724172, 8146989161, 8482608240, 8482608238, 8482608237, 9675475379, 8482608235, 8482608236], 168.6, 1092.291]
[[598723678, 598723680, 8482608291, 8482608288, 8482605813, 8482608292, 598723686, 598723852, 8146989270, 8482608300, 8482608296, 8482608295, 8482608299, 8482605811, 9667779654, 598723849, 598723680], 275.2, 1108.355]
[[598723678, 598723680, 8482608291, 8482608288, 8482605813, 8482608292, 598723686, 598723852, 598723906, 9667779910, 8482608303, 8482608309, 8482608304, 8482608340, 8482608305, 8482608308, 8482605807, 9667779624, 9667767305, 598723867, 598723849, 598723680], 275.2, 1424.737]
[[598723678, 598723680, 8482608291, 8482608288, 8482605813, 8482608292, 598723686, 598723852, 598723906, 598723885, 8482608312, 8482608318, 8482608314, 8482608313, 8482608317, 8482605804, 598723868, 598723867, 598723849, 598723680], 275.2, 1738.584]
[[598723678, 598723680, 8482608291, 8482608288, 8482605813, 8482608290, 8482605812, 9651868360, 8482605810, 8482608302, 8482608296, 8482608295, 8482608299, 8482605811, 9667779654, 598723849, 598723680], 272.3, 910.3280000000001]
[[598723678, 598723680, 8482608291, 8482608288, 8482605813, 8482608290, 8482605812, 9651868360, 8482605810, 8482608302, 8482608296, 8482608298, 8482605809, 9667779899, 8482605808, 8482608311, 8482608340, 8482608305, 8482608308, 8482605807, 9667779624, 9667767305, 598723867, 598723849, 598723680], 272.3, 1233.212]
[[598723678, 598723680, 8482608291, 8482608288, 8482608289, 8482605794, 8482605793, 8482608301, 8482608295, 8482608299, 8482605811, 9667779654, 598723849, 598723680], 272.2, 893.972]
[[598723680, 598723849, 598723867, 9667779875, 598723899, 8872362723, 8872340100, 6056823481, 8872362722, 598723845, 598723849], 189.7, 1031.0230000000001]
[[598723680, 598723714, 8872340104, 8872362720, 8482608219, 8872362718, 8482608275, 8482608277, 8482608247, 8482605796, 8482608287, 8482608281, 8482608285, 598723714], 355.5, 807.403]
[[598723680, 598723714, 8872340104, 8872362720, 8482608219, 8872362718, 8482608275, 8482608274, 8482608276, 8482608217, 9651868398, 8482608246, 8482608286, 8482605816, 8482608281, 8482608285, 598723714], 355.5, 823.2740000000001]
[[598723707, 598723686, 598723852, 8146989270, 8482608300, 8482608296, 8482608295, 8482608299, 8482605811, 9667779654, 598723849, 598723680, 8482608291, 8482608288, 8482605813, 8482608292, 598723686], 187.0, 987.9000000000001]
[[598723707, 598723686, 598723852, 8146989270, 8482608300, 8482608296, 8482608295, 8482608301, 8482605793, 8482605794, 8482608289, 8482608288, 8482605813, 8482608292, 598723686], 187.0, 673.774]
[[598723707, 598723686, 598723852, 8146989270, 8482608300, 8482608296, 8482608302, 8482605810, 9651868360, 8482605812, 8482608290, 8482605813, 8482608292, 598723686], 187.0, 656.626]
[[598723707, 598723686, 598723852, 598723906, 9667779910, 8482608303, 8482608309, 8482608304, 8482608340, 8482608305, 8482608308, 8482605807, 9667779624, 9667767305, 598723867, 9667779875, 598723899, 8872362723, 8872340100, 6056823481, 8872362722, 8872340102, 8872340103, 8872362721, 598723678, 598723680, 8482608291, 8482608288, 8482605813, 8482608292, 598723686], 189.3, 1873.123]
[[598723707, 598723686, 598723852, 598723906, 9667779910, 8482608303, 8482608309, 8482608304, 8482608340, 8482608305, 8482608308, 8482605807, 9667779624, 9667767305, 598723867, 598723849, 598723680, 8482608291, 8482608288, 8482605813, 8482608292, 598723686], 189.3, 1304.282]
[[598723714, 598723680, 598723849, 598723845, 8872362722, 8872340102, 8872340103, 8872362721, 598723678, 598723680], 186.3, 1070.923]
[[598723714, 598723680, 598723849, 598723867, 9667779875, 598723899, 8872362723, 8872340100, 6056823481, 8872362722, 8872340102, 8872340103, 8872362721, 598723678, 598723680], 189.7, 1394.5159999999998]
[[598723717, 598723714, 8482608285, 8482608281, 8482605816, 8482608284, 598723707, 598723727, 9228753542, 9228753564, 9228753615, 9228759299, 598723729, 7704094930, 9228753607, 7704094929, 598723695, 598723824, 9228880316, 598723832, 598723852, 8146989270, 8482608300, 8482608296, 8482608295, 8482608299, 8482605811, 9667779654, 598723849, 598723680, 598723714], 270.1, 1816.4919999999997]
[[598723717, 598723714, 8482608285, 8482608281, 8482605816, 8482608284, 598723707, 598723727, 9228753566, 3641210641, 598723692, 598723832, 598723852, 8146989270, 8482608300, 8482608296, 8482608295, 8482608299, 8482605811, 9667779654, 598723849, 598723680, 598723714], 271.1, 1489.1639999999998]
[[598723717, 598723714, 8482608285, 8482608281, 8482605816, 8482608284, 598723707, 598723686, 8482608292, 8482605813, 8482608288, 8482608291, 598723680, 598723714], 270.6, 1121.59]
[[598723717, 598723714, 8482608285, 8482608281, 8482605816, 8482608284, 598723707, 598723686, 598723852, 8146989270, 8482608300, 8482608296, 8482608295, 8482608299, 8482605811, 9667779654, 598723849, 598723680, 598723714], 270.6, 1430.4830000000002]
[[598723717, 598723714, 8482608285, 8482608281, 8482605816, 8482608284, 598723707, 598723686, 598723852, 598723906, 9667779910, 8482608303, 8482608309, 8482608304, 8482608340, 8482608305, 8482608308, 8482605807, 9667779624, 9667767305, 598723867, 598723849, 598723680, 598723714], 270.6, 1746.865]
[[598723717, 598723714, 8482608285, 8482608281, 8482605816, 8482608282, 8482605815, 8482605814, 8482608294, 8482605813, 8482608288, 8482608291, 598723680, 598723714], 268.7, 923.3820000000001]
[[598723717, 598723714, 8482608285, 8482608281, 8482605816, 8482608282, 8482605815, 8482605814, 8482608294, 8482605813, 8482608290, 8482605812, 9651868360, 8482605810, 8482608302, 8482608296, 8482608295, 8482608299, 8482605811, 9667779654, 598723849, 598723680, 598723714], 268.7, 1237.5860000000002]
[[598723717, 598723714, 8482608285, 8482608281, 8482608283, 8482608245, 9651868386, 8482605795, 8482608293, 8482608288, 8482608291, 598723680, 598723714], 268.4, 907.475]
[[598723845, 598723849, 9667779654, 8482605811, 8482608299, 8482608295, 8482608296, 8482608300, 8146989270, 598723852, 598723906, 9667779910, 8482608303, 8482608309, 8482608304, 8482608340, 8482608305, 8482608308, 8482605807, 9667779624, 9667767305, 598723867, 598723849], 277.8, 1099.7730000000001]
[[598723845, 598723849, 9667779654, 8482605811, 8482608299, 8482608295, 8482608296, 8482608300, 8146989270, 598723852, 598723906, 598723885, 8482608312, 8482608318, 8482608314, 8482608313, 8482608317, 8482605804, 598723868, 598723867, 598723849], 277.8, 1413.62]
[[598723845, 598723849, 9667779654, 8482605811, 8482608299, 8482608295, 8482608296, 8482608300, 8146989270, 598723852, 598723906, 598723885, 9667767282, 598723937, 8482608324, 8482605802, 8482608327, 8482608323, 598723872, 9667779731, 598723868, 598723867, 598723849], 277.8, 1734.188]
[[598723845, 598723849, 9667779654, 8482605811, 8482608299, 8482608295, 8482608296, 8482608298, 8482605809, 9667779899, 8482605808, 8482608311, 8482608340, 8482608305, 8482608308, 8482605807, 9667779624, 9667767305, 598723867, 598723849], 276.6, 899.415]
[[598723845, 598723849, 9667779654, 8482605811, 8482608299, 8482608295, 8482608296, 8482608298, 8482605809, 9667779899, 8482605808, 8482608311, 8482608340, 8482608307, 8482605806, 8482605805, 8482608320, 8482608314, 8482608313, 8482608317, 8482605804, 598723868, 598723867, 598723849], 276.6, 1219.415]
[[598723845, 598723849, 9667779654, 8482605811, 8482608299, 8482608295, 8482608297, 8482605792, 8482605791, 8482608310, 8482608305, 8482608308, 8482605807, 9667779624, 9667767305, 598723867, 598723849], 276.8, 883.4250000000001]
[[598723849, 598723867, 598723868, 9667779822, 598723880, 8872362724, 8872340098, 8872340101, 8872362723, 598723899, 9667779875, 598723867], 192.0, 971.455]
[[598723849, 598723867, 598723868, 9667779731, 598723872, 9667779897, 598723932, 8872362725, 8872340096, 9667779808, 8872340099, 8872362724, 8872340098, 8872340101, 8872362723, 598723899, 9667779875, 598723867], 193.1, 1285.2430000000002]
[[598723849, 598723680, 598723714, 8482608285, 8482608281, 8482605816, 8482608284, 598723707, 598723686, 8482608292, 8482605813, 8482608288, 8482608291, 598723680], 359.3, 1011.584]
[[598723849, 598723680, 598723714, 8482608285, 8482608281, 8482605816, 8482608282, 8482605815, 8482605814, 8482608294, 8482605813, 8482608288, 8482608291, 598723680], 359.3, 813.3760000000001]
[[598723849, 598723680, 598723714, 8482608285, 8482608281, 8482608283, 8482608245, 9651868386, 8482605795, 8482608293, 8482608288, 8482608291, 598723680], 359.3, 797.469]
[[598723852, 598723906, 598723885, 8482608312, 8482608318, 8482608314, 8482608313, 8482608317, 8482605804, 598723868, 598723867, 9667767305, 9667779624, 8482605807, 8482608308, 8482608305, 8482608340, 8482608304, 8482608309, 8482608303, 9667779910, 598723906], 193.6, 989.617]
[[598723852, 598723906, 598723885, 8482608312, 8482608318, 8482608314, 8482608313, 8482608319, 8482605790, 8482608306, 8482608305, 8482608340, 8482608304, 8482608309, 8482608303, 9667779910, 598723906], 193.6, 679.71]
[[598723852, 598723906, 598723885, 8482608312, 8482608318, 8482608314, 8482608320, 8482605805, 8482605806, 8482608307, 8482608340, 8482608304, 8482608309, 8482608303, 9667779910, 598723906], 193.6, 662.597]
[[598723867, 598723868, 9667779731, 598723872, 9667779897, 598723932, 8872362725, 8872340096, 9667779808, 8872340099, 8872362724, 598723880, 9667779822, 598723868], 193.1, 926.233]
[[598723867, 598723868, 9667779731, 598723872, 598723874, 598723912, 8872362726, 9667779793, 8872340097, 8872362725, 8872340096, 9667779808, 8872340099, 8872362724, 598723880, 9667779822, 598723868], 198.1, 1215.6840000000002]
[[598723867, 598723849, 598723680, 8482608291, 8482608288, 8482605813, 8482608292, 598723686, 598723852, 8146989270, 8482608300, 8482608296, 8482608295, 8482608299, 8482605811, 9667779654, 598723849], 2.9, 1003.1310000000001]
[[598723867, 598723849, 598723680, 8482608291, 8482608288, 8482605813, 8482608290, 8482605812, 9651868360, 8482605810, 8482608302, 8482608296, 8482608295, 8482608299, 8482605811, 9667779654, 598723849], 2.9, 805.104]
[[598723867, 598723849, 598723680, 8482608291, 8482608288, 8482608289, 8482605794, 8482605793, 8482608301, 8482608295, 8482608299, 8482605811, 9667779654, 598723849], 2.9, 788.748]
[[598723867, 598723849, 598723680, 598723714, 8482608285, 8482608281, 8482605816, 8482608284, 598723707, 598723727, 9228753542, 9228753564, 9228753615, 9228759299, 598723729, 7704094930, 9228753607, 7704094929, 598723695, 598723824, 9228880316, 598723832, 598723852, 8146989270, 8482608300, 8482608296, 8482608295, 8482608299, 8482605811, 9667779654, 598723849], 359.3, 1710.626]
[[598723867, 598723849, 598723680, 598723714, 8482608285, 8482608281, 8482605816, 8482608284, 598723707, 598723727, 9228753566, 3641210641, 598723692, 598723832, 598723852, 8146989270, 8482608300, 8482608296, 8482608295, 8482608299, 8482605811, 9667779654, 598723849], 359.3, 1383.2980000000002]
[[598723867, 598723849, 598723680, 598723714, 8482608285, 8482608281, 8482605816, 8482608284, 598723707, 598723686, 598723852, 8146989270, 8482608300, 8482608296, 8482608295, 8482608299, 8482605811, 9667779654, 598723849], 359.3, 1324.6170000000002]
[[598723868, 598723867, 598723849, 9667779654, 8482605811, 8482608299, 8482608295, 8482608296, 8482608300, 8146989270, 598723852, 598723906, 9667779910, 8482608303, 8482608309, 8482608304, 8482608340, 8482608305, 8482608308, 8482605807, 9667779624, 9667767305, 598723867], 6.1, 1005.901]
[[598723868, 598723867, 598723849, 9667779654, 8482605811, 8482608299, 8482608295, 8482608296, 8482608298, 8482605809, 9667779899, 8482605808, 8482608311, 8482608340, 8482608305, 8482608308, 8482605807, 9667779624, 9667767305, 598723867], 6.1, 805.5429999999999]
[[598723868, 598723867, 598723849, 9667779654, 8482605811, 8482608299, 8482608295, 8482608297, 8482605792, 8482605791, 8482608310, 8482608305, 8482608308, 8482605807, 9667779624, 9667767305, 598723867], 6.1, 789.5529999999999]
[[598723876, 598723874, 598723872, 8482608323, 8482608327, 8482605802, 8482608324, 598723937, 598723917, 9608397712, 8482608333, 8482608339, 8482608338, 8482608332, 598723874], 13.6, 999.0229999999999]
[[598723876, 598723874, 598723872, 8482608323, 8482608327, 8482605802, 8482608322, 8482605801, 9667779673, 8482608242, 8482608335, 8482608339, 8482608338, 8482608332, 598723874], 13.6, 797.624]
[[598723876, 598723874, 598723872, 8482608323, 8482608327, 8482608321, 8482608243, 8482608334, 8482608338, 8482608332, 598723874], 13.6, 782.553]
[[598723876, 598723874, 598723872, 9667779731, 598723868, 8482605804, 8482608317, 8482608313, 8482608314, 8482608318, 8482608312, 598723885, 9667767282, 598723937, 598723917, 9608397712, 8482608333, 8482608339, 8482608338, 8482608332, 598723874], 11.4, 1316.131]
[[598723876, 598723874, 598723872, 9667779731, 598723868, 8482605804, 8482608317, 8482608313, 8482608314, 8482608316, 8482605803, 9667767266, 8482608244, 8482608326, 8482605802, 8482608322, 8482605801, 9667779673, 8482608242, 8482608335, 8482608339, 8482608338, 8482608332, 598723874], 11.4, 1116.9550000000002]
[[598723906, 598723885, 9667767282, 598723937, 8482608324, 8482605802, 8482608327, 8482608323, 598723872, 9667779731, 598723868, 8482605804, 8482608317, 8482608313, 8482608314, 8482608318, 8482608312, 598723885], 193.6, 998.597]
[[598723906, 598723885, 9667767282, 598723937, 8482608324, 8482605802, 8482608327, 8482608325, 8482605788, 9667779694, 8482605789, 8482608315, 8482608313, 8482608314, 8482608318, 8482608312, 598723885], 193.6, 686.606]
[[598723906, 598723885, 9667767282, 598723937, 8482608324, 8482605802, 8482608326, 8482608244, 9667767266, 8482605803, 8482608316, 8482608314, 8482608318, 8482608312, 598723885], 193.6, 669.6959999999999]
[[598723906, 598723885, 9667767282, 598723937, 598723917, 9608397712, 8482608333, 8482608339, 8482608338, 8482608332, 598723874, 598723912, 8872362726, 9667779793, 8872340097, 8872362725, 8872340096, 9667779808, 8872340099, 8872362724, 598723880, 9667779822, 598723868, 8482605804, 8482608317, 8482608313, 8482608314, 8482608318, 8482608312, 598723885], 201.2, 1707.899]
[[598723906, 598723885, 9667767282, 598723937, 598723917, 9608397712, 8482608333, 8482608339, 8482608338, 8482608332, 598723874, 598723872, 9667779731, 598723868, 8482605804, 8482608317, 8482608313, 8482608314, 8482608318, 8482608312, 598723885], 201.2, 1267.8020000000001]
[[598723906, 598723852, 598723686, 598723707, 598723727, 9228753542, 9228753564, 9228753615, 9228759299, 598723729, 7704094930, 9228753607, 7704094929, 598723695, 598723824, 9228880316, 598723832, 598723852], 359.3, 1133.159]
[[653124782, 8894945801, 8894945802, 8894945805, 2528898821, 2528898716, 2528898715, 2528898848, 8894945795, 8894945798, 8894945801], 350.7, 1015.434]
[[1123347201, 1722075257, 8791690463, 5827543970, 1123347203, 5827544562, 8791690456, 8791690462, 7949552613, 6261187070, 8791690454, 2324186953, 2324186951, 2324186894, 3580587499, 2324186926, 5827584010, 5618660805, 3769120806, 1694292884, 7637311402, 1722075257], 88.8, 1176.555]
[[1123368600, 3002384933, 8444097807, 3002384946, 3002384325, 3002384948, 3002384933], 43.1, 549.1189999999999]
[[1123371505, 564275743, 564275536, 7637311403, 5923794486, 7512362145, 5618660797, 5618660807, 1123352168, 2042203555, 7487846440, 1699002290, 1699066610, 1699111537, 1699111519, 1699111521, 1699111541, 7487846439, 1699111535, 1699111522, 7949552674, 277668676, 7949552677, 2324213763, 277667381, 277323272, 2327294756, 1123427484, 9084081450, 2327294750, 9203706596, 6055901695, 6055901694, 564275540, 564275538, 8903932536, 7949552658, 1699012817, 1699012818, 2887859130, 2887859108, 1699005787, 8602557912, 6055901705, 8602584417, 6055902294, 564275536], 89.7, 3238.4320000000002]
[[1123371505, 564275743, 564275536, 7637311403, 5923794486, 7512362145, 5618660797, 5618660807, 1123352168, 2042203555, 7487846440, 1699002290, 1699066610, 1699111537, 1699111519, 1699111521, 1699111541, 7487846439, 1699111535, 1699111522, 7949552674, 277668676, 7949552677, 2324213763, 277667381, 277323272, 6486812605, 6486812603, 564275681, 9084081455, 564275538, 8903932536, 7949552658, 1699012817, 1699012818, 2887859130, 2887859108, 1699005787, 8602557912, 6055901705, 8602584417, 6055902294, 564275536], 89.7, 3209.592]
[[1123371505, 564275743, 564275536, 7637311403, 5923794486, 7512362145, 5618660797, 5618660807, 1123352168, 2042203555, 7487846440, 1699002290, 1699066610, 1699111537, 1699111519, 1699111521, 1699111541, 7487846439, 1699111535, 1699111522, 7949552674, 277668676, 7949552677, 7949552662, 7949552661, 7949552676, 7949552660, 7949552679, 7949552675, 7949552659, 7949552658, 1699012817, 1699012818, 2887859130, 2887859108, 1699005787, 8602557912, 6055901705, 8602584417, 6055902294, 564275536], 89.7, 2566.5159999999996]
[[1123371505, 564275743, 564275536, 7637311403, 5923794486, 7512362145, 5618660797, 5618660807, 1123352168, 2042203555, 7487846440, 1699002290, 1699066610, 1699111537, 1699111519, 1699111521, 1699111541, 7487846439, 1699111535, 1699111522, 7949552674, 7949552666, 7949552655, 7949552673, 4127126145, 8784814407, 7949552657, 7949552672, 277668815, 1699012817, 1699012818, 2887859130, 2887859108, 1699005787, 8602557912, 6055901705, 8602584417, 6055902294, 564275536], 89.7, 2552.578]
[[1491845096, 1491845092, 2042400915, 1491845065, 9801080361, 352965781, 1491845092], 174.2, 889.606]
[[1694292884, 7512362145, 5923794486, 5618660813, 5618660814, 2043203324, 1123344023, 1123344024, 1123272086, 297121024, 7487846515, 7487846442, 297121027, 4846059161, 1123347201, 7487846441, 5618660815, 5618660796, 7512362145], 269.4, 1239.26]
[[1699066607, 1123404387, 6016938948, 1699066619, 6016938947, 1699066585, 1699066622, 528737844, 2474730078, 1123409444, 1123412128, 1123408678, 528758868, 6016938982, 9198897069, 528758863, 528758861, 1123412126, 9201427155, 6471612707, 9201427152, 7128801951, 1123404387], 359.3, 1575.297]
[[1699111513, 3636183453, 6413070051, 294986739, 6413070050, 6413070052, 1699111521, 1699111519, 1699111537, 294988857, 3636183452, 3636183453], 269.2, 928.802]
[[1699111537, 294988857, 3636183452, 8791690452, 1699111513, 3636183453, 6413070051, 294986739, 6413070061, 6413070053, 1699111520, 6413070049, 294988857], 88.3, 950.152]
[[1699111539, 1876814369, 1699066609, 2042203565, 5618660809, 5618660808, 5923794486, 7512362145, 5618660797, 5618660807, 1123352168, 2042203555, 7487846440, 1699002290, 1699066610, 1699111537, 3311151797, 1876814369], 179.0, 1132.163]
[[1722054748, 1722054840, 2369336795, 9198702972, 1722054835, 9198702973, 1722054833, 8624031177, 8624031176, 4899192505, 8624031088, 8624031089, 8624031090, 1722054840], 89.6, 845.2569999999998]
[[1722054748, 1722054840, 2369336795, 9198702972, 1722054835, 9198702973, 1722054833, 8624031177, 8624031176, 8624031175, 8624031087, 8624031090, 1722054840], 89.6, 883.194]
[[1722054748, 1722054840, 2369336795, 9198702972, 1722054835, 9198702973, 1722054833, 8624031177, 8624031176, 4899192505, 8624031088, 8624031089, 8624031090, 1722054840], 89.6, 845.2569999999998]
[[1722054748, 1722054840, 2369336795, 9198702972, 1722054835, 9198702973, 1722054833, 8624031177, 8624031176, 8624031175, 8624031087, 8624031090, 1722054840], 89.6, 883.194]
[[2311661718, 2311661737, 7547298452, 2311661709, 8099260724, 8099260725, 8099260678, 8099260677, 8099260676, 8099260675, 8099260731, 8099260729, 8099260672, 2311661737], 65.7, 605.568]
[[2311661718, 2311661737, 7547298452, 2311661709, 8099260724, 8099260725, 8099260726, 8099260723, 8099260722, 2311661679, 2311661750, 8099260728, 8099260727, 8099260730, 8099260732, 8099260731, 8099260729, 8099260672, 2311661737], 65.7, 856.383]
[[2311661718, 2311661737, 7547298452, 2311661709, 8099260724, 8099260725, 8099260726, 8099260717, 8099260716, 8099260715, 8099260714, 8099260732, 8099260731, 8099260729, 8099260672, 2311661737], 65.7, 619.378]
[[2367560917, 2367560928, 2367560909, 2367560895, 2367560950, 2367560915, 2367560928], 275.4, 579.425]
[[2367560917, 2367560928, 2367560909, 2367560895, 2367560950, 2367560915, 2367560928], 275.4, 579.425]
[[2367574792, 2367574768, 2367574770, 2367574808, 2367574822, 2367574759, 2367574801, 277486653, 7953724287, 7953724286, 7953724288, 7953724289, 7953724290, 277486654, 7953724292, 7953724293, 7953724291, 7953724295, 2367574749, 2367574768], 359.0, 1018.284]
[[2377190312, 2377190321, 2377190323, 2377190322, 2377190349, 2377190310, 2377190314, 2377190361, 2377190371, 2377190366, 2377190341, 2377190357, 2377190321], 162.1, 1105.424]
[[2377190312, 2377190321, 2377190323, 2377190322, 2377190349, 2377190310, 2377190332, 2377190354, 2377190341, 2377190357, 2377190321], 162.1, 824.5779999999999]
[[2399038487, 2399038481, 2399038480, 2399038474, 2399038444, 9766529013, 2399038467, 2399038483, 2399038476, 2399038481], 235.9, 646.834]
[[2399038487, 2399038481, 2399038480, 2399038483, 2399038476, 2399038481], 235.8, 485.693]
[[2528898700, 653124799, 2528898836, 2528898674, 3841290254, 2528898816, 2528898764, 2528898784, 2528898665, 2528898731, 2528898686, 653124799], 170.1, 1084.3519999999999]
[[2528898740, 2528898676, 9902028347, 2528898700, 2528898715, 2528898716, 2528898821, 2528898676], 171.9, 700.2350000000001]
[[2528898740, 2528898676, 9902028347, 2528898700, 653124799, 2528898686, 2528898731, 2528898665, 2528898784, 653124782, 8894945801, 8894945802, 8894945805, 2528898821, 2528898676], 169.8, 1555.084]
[[2529179573, 2529179601, 2529179583, 1491785791, 2529179614, 2529179601], 349.6, 626.8050000000001]
[[2529179573, 2529179601, 2529179583, 1491785791, 2529179614, 2529179601], 349.6, 626.8050000000001]
[[2530277206, 7979256648, 7977056115, 7979256646, 7977056114, 8434720734, 2530277144, 7977056116, 7977056143, 7979256647, 7979256649, 7979256648], 89.0, 876.551]
[[2530277206, 7979256648, 7977056115, 7979256646, 7977056114, 8434720734, 2530277144, 7977056116, 7977056128, 7977056117, 2530277082, 7977056143, 7979256647, 7979256649, 7979256648], 89.0, 890.956]
[[2530277206, 7979256648, 7977056115, 7979256646, 7977056114, 8434720734, 2530277144, 7977056116, 7977056117, 2530277082, 7977056143, 7979256647, 7979256649, 7979256648], 89.0, 889.24]
[[2885151931, 2885153125, 9555650134, 9555650111, 9555650112, 9555650099, 9555650100, 9555650101, 2887196826, 2887196893, 2887197530, 2887197519, 2887197511, 2885153125], 179.1, 782.4259999999999]
[[2885151931, 2885153125, 9555650134, 9555650111, 9555650112, 9555650099, 9555650100, 9555650113, 2887197530, 2887197519, 2887197511, 2885153125], 179.1, 668.492]
[[2885151931, 2885153125, 9555650134, 9555650111, 9555650112, 9555650099, 2887197519, 2887197511, 2885153125], 179.1, 546.401]
[[2885151939, 8559967646, 8559967645, 2885151976, 9807980019, 2885151941, 2885153114, 2885152000, 2887196861, 2885153118, 2887197542, 2887196898, 2887196854, 2091821683, 2885151960, 2885232819, 2885153116, 2885151924, 2885151923, 8559967646], 269.0, 1831.3290000000002]
[[2885151939, 8559967646, 8559967645, 2885151976, 9807980019, 2885151941, 2885153114, 2885152000, 2887196861, 2885153118, 2885151931, 2887197544, 2887196885, 2887197533, 4127126160, 2887196870, 2887197548, 9557077355, 9557077322, 9557025607, 9557077323, 2885151960, 2885232819, 2885153116, 2885151924, 2885151923, 8559967646], 269.0, 2023.996]
[[3311151797, 4127126143, 4127126144, 1699111518, 3082205003, 1699111539, 8784814406, 4127126143], 358.6, 582.446]
[[3414036538, 598723857, 598723889, 598723832, 9228880316, 598723824, 598723892, 598723859, 9651868238, 9651868237, 9651866615, 598723857], 6.0, 1078.636]
[[3414036538, 598723857, 598723889, 598723832, 9228880316, 598723824, 598723821, 598723895, 598723860, 598723859, 9651868238, 9651868237, 9651866615, 598723857], 6.0, 1098.616]
[[3498882488, 3842512040, 1123418298, 7249295506, 3636156903, 9247352237, 2324213768, 2474730051, 9202401073, 9207567900, 9202400903, 9202400952, 1699111533, 9249566679, 3842512045, 9249566642, 9198897070, 9249566677, 9198897077, 3583682984, 3583682985, 6016938909, 2474730062, 3842512043, 9198897097, 3842512040], 179.0, 1283.314]
[[4853113674, 653124803, 2528898828, 4140523569, 3841290252, 8894945806, 653124803], 349.4, 591.7629999999999]
[[5435914392, 5435914370, 5435914375, 6316672412, 5435914393, 5435914378, 2876869770, 5435914384, 5435914370], 355.9, 684.672]
[[5435914392, 5435914370, 5435914375, 6316672412, 5435914393, 5435914378, 5435914382, 5435914385, 5435914387, 5435914384, 5435914370], 355.9, 746.166]
[[5832657685, 5832657578, 5832657579, 7296731616, 7296731615, 5832657577, 5832657688, 5832657687, 7252057615, 7961771637, 7961771627, 7241992352, 7252057622, 7252057626, 7241992353, 7961771628, 7961786842, 7252057617, 7241991981, 5832657689, 5834110088, 5832657578], 179.3, 907.8489999999999]
[[5832657685, 5832657578, 5832657579, 7296731616, 7296731615, 5832657577, 5832657688, 5832657687, 7252057615, 7961771637, 7961771627, 7961786837, 7961786844, 7961771628, 7961786842, 7252057617, 7241991981, 5832657689, 5834110088, 5832657578], 179.3, 895.924]
[[5832657685, 5832657578, 5832657579, 7296731616, 7296731615, 5832657577, 5832657688, 5832657687, 7252057615, 7961771637, 7961786836, 7961786843, 7961786842, 7252057617, 7241991981, 5832657689, 5834110088, 5832657578], 179.3, 878.5550000000001]
[[5832657685, 5832657578, 5832657579, 7296731616, 7296731615, 5832657577, 5832657688, 5832657687, 7252057615, 7252057621, 7252057625, 7252057617, 7241991981, 5832657689, 5834110088, 5832657578], 179.3, 856.835]
[[5923794486, 7512362145, 1694292884, 3769120806, 5618660805, 5827584010, 2324186926, 2324186934, 3769174073, 1123352168, 5618660807, 5618660797, 7512362145], 89.6, 800.485]
[[5923794486, 7512362145, 1694292884, 7637311404, 7949552613, 6261187070, 8791690454, 8791690453, 8791690452, 3636183452, 294988857, 1699111537, 1699066610, 1699002290, 7487846440, 2042203555, 1123352168, 5618660807, 5618660797, 7512362145], 88.8, 1601.487]
[[5923794486, 7512362145, 1694292884, 7637311404, 7949552613, 6261187070, 8791690454, 8791690453, 8791690452, 1699111513, 3636183453, 6413070051, 294986739, 6413070050, 6413070052, 1699111521, 1699111519, 1699111537, 1699066610, 1699002290, 7487846440, 2042203555, 1123352168, 5618660807, 5618660797, 7512362145], 88.8, 1874.2]
[[5923794486, 7512362145, 1694292884, 7637311404, 7949552613, 6261187070, 8791690454, 8791690453, 8791690452, 1699111513, 5874433390, 2319194975, 7949552650, 7949552639, 7949540646, 7949552668, 7205748636, 7949552669, 7949552665, 7949552678, 7949552664, 7949552663, 7949552667, 7949552677, 277668676, 7949552674, 1699111522, 1699111535, 7487846439, 1699111541, 1699111521, 1699111519, 1699111537, 1699066610, 1699002290, 7487846440, 2042203555, 1123352168, 5618660807, 5618660797, 7512362145], 88.8, 2385.902]
[[5923794486, 7512362145, 1694292884, 7637311404, 7949552613, 6261187070, 8791690454, 8791690453, 3580587497, 1699066602, 1699066611, 3636247086, 1699066610, 1699002290, 7487846440, 2042203555, 1123352168, 5618660807, 5618660797, 7512362145], 88.8, 1588.4979999999998]
[[6155402638, 7959603260, 7959590844, 7959590839, 7959932864, 5834799157, 7959932862, 7959932869, 6496420812, 7959990576, 7959990662, 7959990653, 7959603259, 7959602916, 7959990565, 8889263930, 7959602903, 7959603260], 179.3, 1195.851]
[[6155402638, 7959603260, 7959590844, 7959590839, 7959603244, 7959932877, 7959990578, 7959990653, 7959603259, 7959602916, 7959990565, 8889263930, 7959602903, 7959603260], 179.8, 1162.26]
[[6261201125, 2402263685, 5504300431, 8511677487, 2402263734, 8511677489, 6261201122, 5504300439, 2217490310, 4127126125, 8328222727, 4023706800, 4023706799, 8511710844, 2402263685], 351.7, 1116.6309999999999]
[[6482739655, 2841177981, 9202401076, 9202400954, 1699111533, 9202400952, 9202400903, 9207567900, 9202401073, 2474730051, 2324213768, 2324213771, 528759050, 2841177980, 2841177982, 3636184226, 3636184213, 3636184215, 3636184217, 3636184219, 3636184221, 3636184223, 2841177981], 359.0, 784.425]
[[6482739655, 2841177981, 9202401076, 9202400954, 1699111533, 9202400952, 9202400903, 9207567900, 9202401073, 2474730051, 2324213768, 9202401070, 528758917, 2841177982, 3636184226, 3636184213, 3636184215, 3636184217, 3636184219, 3636184221, 3636184223, 2841177981], 359.0, 774.576]
[[6824083380, 6562269874, 6562282568, 6562282566, 6562282564, 6562282562, 6562282577, 6562282578, 6562282576, 6562282573, 6562282572, 6562269870, 6562269867, 2528818901, 6562269874], 251.0, 610.319]
[[6824083380, 6562269874, 6562282568, 6562282566, 6562282564, 6562282562, 6562282577, 6562282578, 6562282563, 6562282565, 6562282567, 6562282569, 2528818921, 6562269870, 6562269867, 2528818901, 6562269874], 251.0, 698.28]
[[6824083380, 6562269874, 6562282568, 6562282566, 6562282564, 6562282575, 6562282574, 6562282571, 6562269867, 2528818901, 6562269874], 250.9, 458.944]
[[6824083380, 6562269874, 6562282568, 6562282566, 6562282564, 6562282575, 6562282576, 6562282573, 6562282572, 6562269870, 6562269867, 2528818901, 6562269874], 250.9, 546.66]
[[6824083380, 6562269874, 6562282568, 6562282566, 6562282564, 6562282575, 6562282576, 6562282565, 6562282567, 6562282569, 2528818921, 6562269870, 6562269867, 2528818901, 6562269874], 250.9, 634.865]
[[7097821765, 7097821764, 8986992832, 7510707142, 7510707219, 7510707218, 7510707141, 8986992833, 1342322910, 7097821764], 179.0, 1155.553]
[[7097821765, 7097821764, 8986992832, 7510707142, 7510707219, 7510707218, 7510707220, 9907679283, 9907679284, 8986997448, 8986992892, 8986992895, 8986992887, 8986992888, 8986992886, 8986992898, 8986992891, 8986997429, 1342322910, 7097821764], 179.0, 1418.622]
[[7097821765, 7097821764, 8986992832, 7510707142, 7510707219, 7510707218, 7510707220, 9907679283, 8986997417, 8986992893, 8986992894, 8986992885, 8986992886, 8986992898, 8986992891, 8986997429, 1342322910, 7097821764], 179.0, 1403.804]
[[7097821765, 7097821764, 8986992832, 7510707142, 7510707141, 8986992833, 1342322910, 7097821764], 178.6, 888.424]
[[7180438580, 2885151961, 7174533233, 7174533238, 8201901219, 8201901218, 8559967637, 7174533263, 7174533264, 1123454279, 7205106667, 2885151959, 7174533176, 7174533247, 1123464433, 7174533234, 2885151961], 359.4, 939.759]
[[7241992075, 7241992091, 7241992072, 7241992099, 7241992108, 1933843908, 7241992147, 7241992150, 2367560934, 7241992100, 7241992092, 7962005198, 7962005199, 7241992091], 179.3, 1093.7169999999999]
[[7241992075, 7241992091, 7241992072, 7241992099, 7241992148, 7314509997, 7241992149, 7241992100, 7241992092, 7962005198, 7962005199, 7241992091], 179.6, 940.557]
[[7241992082, 2367560934, 7241992100, 7241992092, 7962005198, 7962005199, 7241992091, 7241992072, 7241992099, 7241992108, 1933843908, 7241992147, 7241992150, 2367560934], 359.4, 1084.2359999999999]
[[7252057616, 7252057614, 7252057611, 5832657686, 5834110800, 7252057612, 7961771635, 7961786847, 7961771636, 7961771637, 7252057615, 5832657687, 5832657688, 5832657577, 5832657566, 7252057614], 179.1, 877.4200000000001]
[[7252057616, 7252057614, 7252057611, 5832657686, 5834110800, 7252057612, 7296731648, 7961786845, 7252057613, 7252057615, 5832657687, 5832657688, 5832657577, 5832657566, 7252057614], 179.1, 855.0809999999999]
[[7252057618, 7252057616, 7252057614, 5832657566, 5832657577, 5832657688, 5832657687, 7252057615, 7961771637, 7961771627, 7241992352, 7252057622, 7252057626, 7241992353, 7961771628, 7961786842, 7252057617, 7241991981, 5832657689, 5834110088, 5832657578, 7252057616], 179.2, 932.919]
[[7252057618, 7252057616, 7252057614, 5832657566, 5832657577, 5832657688, 5832657687, 7252057615, 7961771637, 7961771627, 7961786837, 7961786844, 7961771628, 7961786842, 7252057617, 7241991981, 5832657689, 5834110088, 5832657578, 7252057616], 179.2, 920.9940000000001]
[[7252057618, 7252057616, 7252057614, 5832657566, 5832657577, 5832657688, 5832657687, 7252057615, 7961771637, 7961786836, 7961786843, 7961786842, 7252057617, 7241991981, 5832657689, 5834110088, 5832657578, 7252057616], 179.2, 903.6250000000001]
[[7252057618, 7252057616, 7252057614, 5832657566, 5832657577, 5832657688, 5832657687, 7252057615, 7252057621, 7252057625, 7252057617, 7241991981, 5832657689, 5834110088, 5832657578, 7252057616], 179.2, 881.9050000000001]
[[7510707219, 7510707218, 7510707220, 9907679283, 9907679284, 9907679282, 7510707131, 9907679281, 9907679306, 8986997442, 8986992889, 8986992897, 8986992887, 8986992885, 8986992896, 8986992890, 8986997422, 8986992833, 7510707141, 7510707218], 89.3, 1378.7040000000002]
[[7512362145, 5923794486, 7637311403, 564275536, 6055902293, 8046357063, 8046357064, 1123344043, 1123344024, 1123344023, 2043203324, 5618660814, 5618660813, 5923794486], 271.2, 1208.835]
[[7512362145, 5923794486, 7637311403, 564275536, 6055902293, 8046357063, 8046357064, 8557133247, 8557133248, 8046357065, 8046357066, 2327294743, 1123341617, 1123272086, 1123344024, 1123344023, 2043203324, 5618660814, 5618660813, 5923794486], 271.2, 1603.1970000000001]
[[7626252406, 2042407636, 3635737707, 9774392771, 3635718851, 9653779036, 9625989393, 2042407662, 2298895874, 6020564487, 6020564568, 9625989408, 2042407660, 9642557282, 6020562972, 8185629288, 9608302653, 9608302654, 7701169566, 9625989375, 7634701511, 2298899353, 9653779024, 9642556238, 9642556252, 2042407636], 300.8, 1313.6309999999999]
[[7637311403, 5923794486, 7512362145, 5618660797, 5618660807, 1123352168, 2042203555, 7487846440, 1699002290, 1699066610, 1699111537, 1699111519, 1699111521, 1699111541, 4127126143, 8784814406, 1699111539, 1876814369, 1699066609, 2042203565, 5618660809, 5618660808, 5923794486], 89.7, 1552.326]
[[7637311403, 5923794486, 7512362145, 5618660797, 5618660807, 1123352168, 2042203555, 7487846440, 1699002290, 1699066610, 1699111537, 3311151797, 1876814369, 1699066609, 2042203565, 5618660809, 5618660808, 5923794486], 89.7, 1240.756]
[[7637311403, 5923794486, 7512362145, 5618660797, 5618660807, 1123352168, 2042203555, 7487846440, 1699002290, 1699066610, 8784814408, 1699066609, 2042203565, 5618660809, 5618660808, 5923794486], 89.7, 1225.193]
[[7637311404, 1694292884, 7512362145, 5618660796, 5618660815, 7487846441, 1123347201, 1722075257, 7637311402, 1694292884], 268.7, 841.372]
[[7637311404, 1694292884, 7512362145, 5618660796, 5618660815, 7487846441, 1123347201, 4846059161, 297121027, 5827544505, 277665237, 1722075257, 7637311402, 1694292884], 268.7, 1092.433]
[[7637311404, 1694292884, 7512362145, 5923794486, 5618660813, 5618660814, 2043203324, 1123344023, 1123344024, 1123272086, 1123341617, 8044291680, 5619242023, 8044291631, 8044291623, 8044291626, 8044291622, 8044291621, 8044291611, 7293795962, 5827544558, 5827544501, 5827544489, 1722075265, 7293795965, 277665237, 1722075257, 7637311402, 1694292884], 269.4, 2183.5820000000003]
[[7959590844, 7959590839, 7959932864, 7959932866, 7959590824, 7959603243, 7959590830, 7959603213, 7959603216, 7959603215, 6496420768, 7263135412, 7959603209, 7959603262, 7959603232, 7959603233, 7959603236, 7959602920, 7959602907, 7959603240, 7959602918, 7959990575, 7959990663, 7959932870, 7959990653, 7959990578, 7959932877, 7959603244, 7959590839], 179.2, 1114.401]
[[7959590844, 7959590839, 7959932864, 7959932866, 7959590824, 7959603243, 7959590830, 7959603213, 7959603216, 7959603215, 6496420768, 7263135412, 7959603209, 7959603262, 7959603232, 7959603237, 7959602919, 7959602899, 7959603239, 7959602917, 7959990574, 7959990662, 7959990653, 7959990578, 7959932877, 7959603244, 7959590839], 179.2, 1080.262]
[[7959590844, 7959590839, 7959932864, 7959932866, 7959590824, 7959603243, 7959590830, 7959603213, 7959603216, 7959603211, 7959603178, 6496420736, 6496420844, 6496420845, 7959603218, 7959603230, 7959603231, 7959603233, 7959603236, 7959602920, 7959602907, 7959603240, 7959602918, 7959990575, 7959990663, 7959932870, 7959990653, 7959990578, 7959932877, 7959603244, 7959590839], 179.2, 1140.238]
[[7959590844, 7959590839, 7959932864, 7959932866, 7959590824, 7959603243, 7959590830, 7959603213, 7959603216, 7959603211, 7959603178, 6496420736, 6496420844, 6496420845, 7959603218, 7959603230, 7959603235, 7959603232, 7959603237, 7959602919, 7959602899, 7959603239, 7959602917, 7959990574, 7959990662, 7959990653, 7959990578, 7959932877, 7959603244, 7959590839], 179.2, 1106.232]
[[7961542798, 7961542848, 8113393123, 7961542900, 7961542905, 8113393122, 7961542873, 8113393144, 7961467128, 7961542909, 8113393142, 7961542871, 7961542878, 8113393138, 7961542911, 8113393139, 7961542879, 8113393129, 7961542848], 358.9, 830.679]
[[7961542798, 7961542848, 8113393123, 7961542900, 7961542905, 8113393128, 7961542810, 7961542936, 7961542928, 7961542931, 7961542919, 7961542918, 8113393150, 7961542921, 7961542868, 8113393147, 7961467128, 7961542909, 8113393142, 7961542871, 7961542878, 8113393138, 7961542911, 8113393139, 7961542879, 8113393129, 7961542848], 359.0, 1266.03]
[[7961542936, 7961542928, 7962005244, 7962005248, 7962005297, 7962005250, 7962005237, 5832657946, 7961771598, 7252057746, 7961542919, 7961542931, 7961542928], 359.0, 587.839]
[[7961542936, 7961542928, 7962005244, 7962005248, 7962005297, 7962005250, 7962005237, 5832657946, 7961771598, 9732895735, 7962005284, 9732895734, 7962005310, 7961786830, 7961542921, 8113393150, 7961542918, 7961542919, 7961542931, 7961542928], 359.0, 845.383]
[[7961542936, 7961542928, 7962005244, 7962005248, 7962005297, 7962005301, 7962005252, 7962005238, 7961771626, 7961786829, 7962005285, 7962005294, 9732895734, 7962005310, 7961786830, 7961542921, 8113393150, 7961542918, 7961542919, 7961542931, 7961542928], 359.1, 872.154]
[[7962005345, 7962005347, 7962005346, 7962005352, 7962005344, 7961786868, 7962005395, 7961786858, 5832653080, 7961786870, 7962005330, 7962005328, 7962005349, 7962005343, 7962005347], 269.1, 832.101]
[[7962005345, 7962005347, 7962005346, 7962005352, 7962005344, 7961786868, 7962005395, 7962005389, 9666019860, 9666019861, 7961786863, 9668435023, 7961786869, 9666019839, 7962005329, 7962005327, 7962005328, 7962005349, 7962005343, 7962005347], 269.1, 858.0450000000001]
[[7962005352, 7962005346, 7962005347, 7962005345, 8247997390, 7962005475, 7962005428, 8247997394, 7962005445, 7965339087, 7962005440, 8247997387, 7962005427, 7962005426, 7962005424, 8247997382, 7962005346], 89.1, 905.5039999999999]
[[7962005352, 7962005346, 7962005347, 7962005345, 8247997390, 7962005475, 8247997392, 7962005444, 7962005441, 8247997385, 7962005425, 7962005424, 8247997382, 7962005346], 89.1, 885.426]
[[7962005404, 8791690429, 8791690430, 8791690431, 8791690434, 7962005463, 2751394425, 7962005464, 7962005456, 7962005431, 7962005430, 7962005433, 8791690432, 7962005407, 8791690429], 89.4, 694.3570000000001]
[[7962005404, 8791690429, 8791690430, 8791690431, 8791690434, 7962005463, 7962005355, 7962005457, 7962005435, 7962005433, 8791690432, 7962005407, 8791690429], 89.4, 674.572]
[[7962005404, 8791690429, 8791690430, 8791690431, 8791690435, 7962005409, 8791690503, 8791690421, 8791690425, 7962005411, 7962005423, 7962005471, 8791690508, 7962005370, 2751394425, 7962005464, 7962005456, 7962005431, 7962005430, 7962005433, 8791690432, 7962005407, 8791690429], 88.6, 929.581]
[[7962005404, 8791690429, 8791690430, 8791690431, 8791690435, 7962005409, 8791690503, 8791690421, 8791690425, 7962005411, 7962005410, 7962005472, 8791690507, 7962005369, 7962005463, 7962005355, 7962005457, 7962005435, 7962005433, 8791690432, 7962005407, 8791690429], 88.6, 909.697]
[[7962005404, 8791690429, 8791690430, 8791690431, 8791690435, 7962005409, 8791690503, 8791690504, 8791690502, 8791690505, 8791690507, 7962005369, 7962005463, 7962005355, 7962005457, 7962005435, 7962005433, 8791690432, 7962005407, 8791690429], 88.8, 895.901]
[[7962005404, 8791690429, 8791690430, 8791690431, 8791690435, 7962005409, 8791690503, 8791690504, 8791690502, 8791690505, 8791690507, 8791690508, 7962005370, 2751394425, 7962005464, 7962005456, 7962005431, 7962005430, 7962005433, 8791690432, 7962005407, 8791690429], 88.8, 915.481]
[[7973114551, 7973114642, 2529179584, 7973114630, 2529179627, 7973114639, 7973114637, 7973114626, 7973114625, 7973114636, 7973114638, 7973114641, 7973114643, 7973114642], 78.5, 1038.103]
[[7973114551, 7973114642, 2529179584, 7973114630, 2529179627, 7973114639, 7973114637, 7973114638, 7973114641, 7973114643, 7973114642], 78.4, 933.8580000000001]
[[7973114551, 7973114642, 2529179584, 7973114630, 2529179627, 7973114639, 7973114641, 7973114643, 7973114642], 78.4, 808.843]
[[7973259214, 7973259342, 7973259186, 7973259233, 7973259337, 7973259336, 7973259346, 7973259349, 7973259350, 7973259340, 7973259295, 7973259344, 7973259343, 1491785736, 7973259266, 7973259342], 170.0, 1016.285]
[[7973259214, 7973259342, 7973259186, 7973259233, 7973259337, 7973259347, 7973259350, 7973259340, 7973259295, 7973259344, 7973259343, 1491785736, 7973259266, 7973259342], 169.9, 996.275]
[[7973259232, 7973259341, 3949881257, 7973259188, 7973259335, 7973259334, 7973259336, 7973259346, 7973259347, 7973259339, 1491785657, 7973259343, 1491785736, 7973259266, 7973259342, 7973259341], 170.0, 1027.743]
[[7973259232, 7973259341, 3949881257, 7973259188, 7973259335, 7973259334, 7973259336, 7973259346, 7973259349, 7973259350, 7973259340, 7973259295, 7973259344, 7973259343, 1491785736, 7973259266, 7973259342, 7973259341], 170.0, 1045.489]
[[7973259232, 7973259341, 3949881257, 7973259188, 7973259335, 7973259337, 7973259347, 7973259350, 7973259340, 7973259295, 7973259344, 7973259343, 1491785736, 7973259266, 7973259342, 7973259341], 169.9, 1026.222]
[[7973259232, 7973259341, 3949881257, 7973259188, 7973259335, 7973259337, 7973259347, 7973259339, 1491785657, 7973259343, 1491785736, 7973259266, 7973259342, 7973259341], 169.9, 1008.4369999999999]
[[7973259291, 7973259345, 7973259346, 7973259347, 7973259337, 7973259336, 7973259234, 7973259338, 7973259345], 349.9, 868.3230000000001]
[[7973259291, 7973259345, 7973259346, 7973259347, 7973259337, 7973259335, 7973259334, 7973259187, 7973259189, 7973259338, 7973259345], 349.9, 886.608]
[[7973259291, 7973259345, 7973259346, 7973259336, 7973259234, 7973259338, 7973259345], 350.0, 849.9780000000001]
[[7973259291, 7973259345, 7973259346, 7973259336, 7973259334, 7973259187, 7973259189, 7973259338, 7973259345], 350.0, 867.602]
[[7973259294, 7973259348, 7973259349, 7973259350, 7973259347, 7973259337, 7973259336, 7973259234, 7973259338, 7973259345, 7973259292, 7973259348], 350.0, 885.1220000000002]
[[7973259294, 7973259348, 7973259349, 7973259350, 7973259347, 7973259337, 7973259335, 7973259334, 7973259187, 7973259189, 7973259338, 7973259345, 7973259292, 7973259348], 350.0, 903.407]
[[7973259294, 7973259348, 7973259349, 7973259346, 7973259336, 7973259234, 7973259338, 7973259345, 7973259292, 7973259348], 349.9, 866.7500000000001]
[[7973259294, 7973259348, 7973259349, 7973259346, 7973259336, 7973259334, 7973259187, 7973259189, 7973259338, 7973259345, 7973259292, 7973259348], 349.9, 884.3739999999999]
[[7973259328, 1491785778, 7973259255, 1491785786, 1491785800, 1491785797, 1491785795, 1491785778], 348.3, 772.6740000000001]
[[7973259333, 7973259335, 7973259337, 7973259347, 7973259350, 7973259340, 7973259295, 7973259344, 7973259343, 1491785736, 7973259266, 7973259342, 7973259341, 3949881257, 7973259188, 7973259335], 79.7, 1021.931]
[[7973259333, 7973259335, 7973259337, 7973259347, 7973259339, 1491785657, 7973259343, 1491785736, 7973259266, 7973259342, 7973259341, 3949881257, 7973259188, 7973259335], 79.5, 1004.146]
[[7973259345, 7973259346, 7973259347, 7973259339, 1491785657, 7973259343, 1491785736, 7973259266, 7973259342, 7973259341, 3949881257, 7973259188, 7973259335, 7973259334, 7973259336, 7973259346], 349.5, 1072.662]
[[7973259345, 7973259346, 7973259347, 7973259339, 1491785657, 7973259343, 1491785736, 7973259266, 7973259342, 7973259341, 7973259267, 7973259261, 7973259268, 1491785772, 7973259332, 7973259331, 7973259312, 7973259334, 7973259336, 7973259346], 349.5, 1417.306]
[[7973259348, 7973259349, 7973259350, 7973259340, 7973259295, 7973259344, 7973259343, 1491785736, 7973259266, 7973259342, 7973259186, 7973259233, 7973259337, 7973259336, 7973259346, 7973259349], 349.5, 1069.316]
[[7973259348, 7973259349, 7973259350, 7973259340, 7973259295, 7973259344, 7973259343, 1491785736, 7973259266, 7973259342, 7973259341, 3949881257, 7973259188, 7973259335, 7973259334, 7973259336, 7973259346, 7973259349], 349.5, 1090.3039999999999]
[[7973259348, 7973259349, 7973259350, 7973259340, 7973259295, 7973259344, 7973259343, 1491785736, 7973259266, 7973259342, 7973259341, 7973259267, 7973259261, 7973259268, 1491785772, 7973259332, 7973259331, 7973259312, 7973259334, 7973259336, 7973259346, 7973259349], 349.5, 1434.948]
[[7975286312, 7977050924, 7977050923, 7977050920, 4127126135, 7975286327, 8298792592, 8298792574, 8298792591, 8298792573, 8298792572, 8298792571, 7975286501, 8298792599, 1116501292, 7975286500, 1116501194, 1116501302, 7975286456, 7975286457, 7975286445, 7975286580, 7975286582, 7977050961, 7977050931, 7977050932, 7977050953, 7977050951, 1116501315, 7977056144, 7977050924], 80.0, 1500.9089999999999]
[[7975286312, 7977050924, 7977050923, 7977050920, 4127126135, 7975286327, 8298792592, 8298792574, 8298792591, 8298792573, 8298792572, 8298792571, 7975286501, 8298792599, 1116501292, 7975286500, 1116501194, 1116501302, 7975286456, 7975286457, 1116501304, 7975286429, 7975286581, 7975286583, 7977050960, 7977050961, 7977050931, 7977050932, 7977050953, 7977050951, 1116501315, 7977056144, 7977050924], 80.0, 1514.467]
[[7975286312, 7977050924, 7977050923, 7977050920, 4127126135, 7975286327, 8298792592, 8298792574, 8298792591, 8298792573, 8298792572, 8298792571, 7975286501, 8298792575, 8298792562, 8298792576, 8298792561, 8298792560, 8298779514, 8298990808, 2530284959, 8298792519, 8298792600, 7975286329, 2530284957, 7975286334, 2530284966, 7975286335, 7975286331, 7975286332, 7975286333, 7975286418, 7975286413, 7975286347, 7975286457, 7975286445, 7975286580, 7975286582, 7977050961, 7977050931, 7977050932, 7977050953, 7977050951, 1116501315, 7977056144, 7977050924], 80.0, 1605.157]
[[7975286312, 7977050924, 7977050923, 7977050920, 4127126135, 7975286327, 8298792592, 8298792574, 8298792591, 8298792573, 8298792572, 8298792571, 7975286501, 8298792575, 8298792562, 8298792576, 8298792561, 8298792560, 8298779514, 8298990808, 2530284959, 8298792519, 8298792600, 7975286329, 2530284957, 7975286334, 2530284966, 7975286335, 7975286331, 7975286332, 7975286333, 7975286418, 7975286416, 7975286414, 7975286349, 1116501304, 7975286429, 7975286581, 7975286583, 7977050960, 7977050961, 7977050931, 7977050932, 7977050953, 7977050951, 1116501315, 7977056144, 7977050924], 80.0, 1618.8950000000002]
[[7975286312, 7977050924, 7977050923, 7977050920, 4127126135, 7975286327, 8298792592, 8298792574, 8298792591, 8298792573, 8298792572, 8298792571, 7975286501, 8298792575, 8298792562, 8298792576, 8298792561, 8298792560, 8298779514, 8298990808, 2530284959, 7975286330, 8298792520, 8298792601, 7975286340, 7975286341, 7975286336, 7227357853, 7975286417, 7975286339, 7975286338, 7227357851, 7975286337, 7975286419, 7975286418, 7975286413, 7975286347, 7975286457, 7975286445, 7975286580, 7975286582, 7977050961, 7977050931, 7977050932, 7977050953, 7977050951, 1116501315, 7977056144, 7977050924], 79.8, 1616.891]
[[7975286312, 7977050924, 7977050923, 7977050920, 4127126135, 7975286327, 8298792592, 8298792574, 8298792591, 8298792573, 8298792572, 8298792571, 7975286501, 8298792575, 8298792562, 8298792576, 8298792561, 8298792560, 8298779514, 8298990808, 2530284959, 7975286330, 8298792520, 8298792601, 7975286340, 7975286341, 7975286336, 7227357853, 7975286417, 7975286339, 7975286338, 7227357851, 7975286337, 7975286419, 7975286415, 7975286416, 7975286414, 7975286349, 1116501304, 7975286429, 7975286581, 7975286583, 7977050960, 7977050961, 7977050931, 7977050932, 7977050953, 7977050951, 1116501315, 7977056144, 7977050924], 79.8, 1630.468]
[[7975286370, 7967774247, 7977050942, 7977050957, 7977050959, 4127126146, 7967774249, 3687652021, 8081200338, 3687652014, 8081200339, 6261201104, 7975286312, 7977050924, 7977056144, 1116501315, 7977050951, 7977050953, 7977050950, 7977050949, 7977050948, 7977050947, 7977050946, 7977050945, 7977050944, 7977050943, 7967774247], 169.9, 1293.33]
[[7975286370, 7967774247, 7977050942, 7977050957, 7977050959, 4127126146, 7967774249, 3687652021, 8081200338, 3687652014, 8081200339, 6261201104, 7975286312, 7977050924, 7977050923, 7977050921, 7977050922, 7977050952, 7977050935, 7977050954, 7977050953, 7977050950, 7977050949, 7977050948, 7977050947, 7977050946, 7977050945, 7977050944, 7977050943, 7967774247], 169.9, 1306.444]
[[7979256647, 7979256649, 7979256648, 7977050965, 7977056083, 7977050927, 7977050925, 7979256644, 7979256645, 7979256643, 7977050926, 7979256614, 7979256615, 7979256616, 7979256646, 7979256649], 179.8, 880.2929999999999]
[[8071642699, 8071642695, 8071642698, 8071642709, 8071647039, 8071647053, 9642556299, 8185629262, 9608302579, 2269570082, 2399038447, 9608302663, 8071647056, 8071647057, 8071642708, 8071647055, 8071642695], 26.6, 1049.175]
[[8071642716, 8071647055, 8071647017, 8071647039, 8071647053, 9642556299, 8185629262, 9608302579, 2269570082, 2399038447, 9608302663, 8071647056, 8071647057, 8071642708, 8071647055], 27.2, 1033.191]
[[8071647051, 8071647057, 2399038441, 8071647053, 9642556299, 8185629262, 9608302579, 2269570082, 2399038447, 9608302663, 8071647056, 8071647057], 31.1, 999.521]
[[8090185887, 8090185889, 8090185891, 8090186022, 8090113289, 8090186037, 8090185937, 8090185936, 8090185935, 8090185893, 8090186030, 8090185958, 2535936982, 2535936969, 2535936964, 8090185890, 8090185889], 143.5, 717.749]
[[8099260620, 8099204887, 8099316359, 8099316360, 8099316370, 8099316368, 8099316363, 8099316367, 8099316474, 8099316487, 8099316442, 8099316443, 8099308375, 5192417566, 8099308377, 8099308378, 8099308381, 8099308352, 8099308353, 8099204887], 358.9, 710.743]
[[8099260620, 8099204887, 8099316359, 8099316360, 8099316370, 8099316362, 8099316366, 8099316442, 8099316443, 8099308375, 5192417566, 8099308377, 8099308378, 8099308381, 8099308352, 8099308353, 8099204887], 358.8, 693.398]
[[8099260795, 8099260620, 8099204887, 8099308353, 8099308352, 8099308381, 8099308378, 8099308380, 8099308379, 8099308365, 8099308364, 8099308370, 8099308366, 8099308367, 8099308371, 8099308391, 8099308390, 8099308372, 8099308359, 8099308358, 5192417582, 8099308361, 5192417567, 8099260775, 8099260619, 8099260621, 8099260620], 0.0, 982.1199999999999]
[[8099260795, 8099260620, 8099204887, 8099308353, 8099308352, 8099308381, 8099308378, 8099308380, 8099308379, 8099308365, 8099308364, 8099308370, 8099308362, 8099308363, 8099308354, 8099308355, 5192417574, 8099308356, 8099308373, 8099308392, 8099260629, 8099260628, 8099260630, 8099308360, 5192417582, 8099308361, 5192417567, 8099260775, 8099260619, 8099260621, 8099260620], 0.0, 1145.862]
[[8099260795, 8099260620, 8099204887, 8099308353, 8099308352, 8099308381, 8099308378, 8099308382, 8099308376, 5192417560, 8099308383, 8099308387, 8099308386, 8099308384, 8099308385, 5192417567, 8099260775, 8099260619, 8099260621, 8099260620], 0.0, 818.396]
[[8099260795, 8099260620, 8099204887, 8099316359, 8099316360, 8099316370, 8099316368, 8099316363, 8099316367, 8099316474, 8099316487, 8099316512, 8099316514, 8099316513, 8099308357, 8099308369, 8099308368, 8099308370, 8099308366, 8099308367, 8099308371, 8099308391, 8099308390, 8099308372, 8099308359, 8099308358, 5192417582, 8099308361, 5192417567, 8099260775, 8099260619, 8099260621, 8099260620], 358.9, 1185.9550000000002]
[[8099260795, 8099260620, 8099204887, 8099316359, 8099316360, 8099316370, 8099316368, 8099316363, 8099316367, 8099316474, 8099316487, 8099316512, 8099308404, 8099316511, 8105505228, 8099316491, 8099316508, 5192417583, 5192417574, 8099308356, 8099308373, 8099308392, 8099260629, 8099260628, 8099260630, 8099308360, 5192417582, 8099308361, 5192417567, 8099260775, 8099260619, 8099260621, 8099260620], 358.9, 1347.755]
[[8099260795, 8099260620, 8099204887, 8099316359, 8099316360, 8099316370, 8099316368, 8099316363, 8099316367, 8099316474, 8099316487, 8099316442, 8099316443, 8099308375, 5192417566, 8099308377, 8099308378, 8099308382, 8099308376, 5192417560, 8099308383, 8099308387, 8099308386, 8099308384, 8099308385, 5192417567, 8099260775, 8099260619, 8099260621, 8099260620], 358.9, 1038.347]
[[8099260795, 8099260620, 8099204887, 8099316359, 8099316360, 8099316370, 8099316362, 8099316366, 8099316442, 8099316514, 8099316513, 8099308357, 8099308369, 8099308368, 8099308370, 8099308366, 8099308367, 8099308371, 8099308391, 8099308390, 8099308372, 8099308359, 8099308358, 5192417582, 8099308361, 5192417567, 8099260775, 8099260619, 8099260621, 8099260620], 358.8, 1169.94]
[[8099260795, 8099260620, 8099204887, 8099316359, 8099316360, 8099316370, 8099316362, 8099316366, 8099316442, 8099316514, 409381073, 8099316510, 8099316491, 8099316508, 5192417583, 5192417574, 8099308356, 8099308373, 8099308392, 8099260629, 8099260628, 8099260630, 8099308360, 5192417582, 8099308361, 5192417567, 8099260775, 8099260619, 8099260621, 8099260620], 358.8, 1333.3090000000002]
[[8099260795, 8099260620, 8099204887, 8099316359, 8099316360, 8099316370, 8099316362, 8099316366, 8099316442, 8099316443, 8099308375, 5192417566, 8099308377, 8099308378, 8099308382, 8099308376, 5192417560, 8099308383, 8099308387, 8099308386, 8099308384, 8099308385, 5192417567, 8099260775, 8099260619, 8099260621, 8099260620], 358.8, 1021.0020000000001]
[[8099316366, 8099316442, 8099316514, 409381073, 8099316510, 8099316491, 8099316508, 5192417583, 5192417574, 8099308355, 8099308354, 8099308363, 8099308362, 8099308370, 8099308364, 8099308365, 8099308379, 8099308380, 8099308378, 8099308377, 5192417566, 8099308375, 8099316443, 8099316442], 269.2, 661.761]
[[8099316366, 8099316442, 8099316514, 409381073, 8099316510, 8099316491, 8099316508, 5192417583, 5192417574, 8099308356, 8099308373, 8099308392, 5192417557, 8099308393, 8099308398, 8099308399, 8099308390, 8099308400, 8099308401, 5192417592, 8099308388, 8099308386, 8099308387, 8099308383, 5192417560, 8099308376, 8099308382, 8099308378, 8099308377, 5192417566, 8099308375, 8099316443, 8099316442], 269.2, 851.691]
[[8099316366, 8099316442, 8099316514, 409381073, 8099316510, 8099316491, 8099316508, 5192417583, 5192417574, 8099308356, 8099308373, 8099308392, 8099260629, 8099260628, 8099260630, 8099308360, 5192417582, 8099308361, 5192417567, 8099308385, 8099308384, 8099308386, 8099308387, 8099308383, 5192417560, 8099308376, 8099308382, 8099308378, 8099308377, 5192417566, 8099308375, 8099316443, 8099316442], 269.2, 1019.6189999999999]
[[8099316366, 8099316442, 8099316514, 409381073, 8099316510, 8099316491, 8099316508, 5192417583, 5192417574, 8099308356, 8099308373, 8099308394, 8099308395, 8099308396, 8099308397, 8099308391, 8099308403, 8099308402, 8099308374, 8099308389, 8099308387, 8099308383, 5192417560, 8099308376, 8099308382, 8099308378, 8099308377, 5192417566, 8099308375, 8099316443, 8099316442], 269.2, 818.9849999999999]
[[8167985597, 2376751183, 8167985609, 8167985610, 8869177764, 8869177765, 8168061756, 8168061694, 8168061767, 8168061696, 8168061657, 8168061742, 8169270272, 8169270273, 8167985606, 8167985611, 8167985612, 2376751183], 269.7, 647.6]
[[8185629258, 9222802798, 9222802799, 9642557278, 8185629266, 8185629264, 8185629253, 2269569885, 9577362741, 8185629262, 9642557263, 9222802798], 301.8, 993.289]
[[8201901220, 8201901219, 8201901218, 8559967637, 7174533263, 7174533264, 1123454279, 7205106667, 2885151959, 7174533176, 7174533247, 1123464433, 7174533234, 2885151961, 7174533233, 7174533238, 8201901219], 270.0, 951.3249999999999]
[[8308368264, 8201901263, 8201901287, 8201901290, 8201901291, 7180438518, 2926079552, 2926079553, 8424717199, 1123433076, 8201901286, 8201901263], 359.4, 662.731]
[[8434720733, 7979256649, 7979256646, 7977056114, 8434720734, 2530277144, 7977056116, 7977056143, 7979256647, 7979256649], 89.1, 859.355]
[[8434720733, 7979256649, 7979256646, 7977056114, 8434720734, 2530277144, 7977056116, 7977056128, 7977056117, 2530277082, 7977056143, 7979256647, 7979256649], 89.1, 873.76]
[[8434720733, 7979256649, 7979256646, 7977056114, 8434720734, 2530277144, 7977056116, 7977056117, 2530277082, 7977056143, 7979256647, 7979256649], 89.1, 872.0440000000001]
[[8624031173, 8624031175, 8624031087, 8624031090, 1722054840, 2369336795, 9198702972, 1722054835, 9198702973, 1722054833, 8624031177, 8624031176, 8624031175], 269.9, 844.788]
[[8791690427, 8791690432, 8791690433, 8791690434, 7962005463, 2751394425, 7962005464, 7962005456, 7962005431, 7962005430, 7962005433, 8791690432], 89.5, 682.664]
[[8791690427, 8791690432, 8791690433, 8791690434, 7962005463, 7962005355, 7962005457, 7962005435, 7962005433, 8791690432], 89.5, 662.879]
[[8791690427, 8791690432, 8791690433, 8791690434, 8791690424, 8791690426, 8791690504, 8791690425, 7962005411, 7962005423, 7962005471, 8791690508, 7962005370, 2751394425, 7962005464, 7962005456, 7962005431, 7962005430, 7962005433, 8791690432], 88.7, 917.06]
[[8791690427, 8791690432, 8791690433, 8791690434, 8791690424, 8791690426, 8791690504, 8791690425, 7962005411, 7962005410, 7962005472, 8791690507, 7962005369, 7962005463, 7962005355, 7962005457, 7962005435, 7962005433, 8791690432], 88.7, 897.1759999999999]
[[8791690427, 8791690432, 8791690433, 8791690434, 8791690424, 8791690426, 8791690504, 8791690502, 8791690505, 8791690507, 7962005369, 7962005463, 7962005355, 7962005457, 7962005435, 7962005433, 8791690432], 88.7, 883.4029999999999]
[[8791690427, 8791690432, 8791690433, 8791690434, 8791690424, 8791690426, 8791690504, 8791690502, 8791690505, 8791690507, 8791690508, 7962005370, 2751394425, 7962005464, 7962005456, 7962005431, 7962005430, 7962005433, 8791690432], 88.7, 902.983]
[[8791690453, 3580587497, 1699066602, 1699066611, 3636247086, 4127126137, 3769174073, 2324186934, 2324186926, 3580587499, 3580587498, 3580587497], 268.8, 919.222]
[[8791690453, 3580587497, 1699066602, 1699066611, 3636247086, 1699066610, 1699002290, 7487846440, 2042203555, 1123352168, 3769174073, 2324186934, 2324186926, 3580587499, 3580587498, 3580587497], 269.1, 933.7660000000001]
[[8872340104, 598723714, 598723680, 598723678, 8872362721, 8872340105, 8872340106, 8872362717, 598723717, 598723714], 182.9, 1089.0929999999998]
[[8872340109, 8872362720, 8482608219, 8872362718, 8482608275, 8482608277, 8482608247, 8482605796, 8482608287, 8482608281, 8482608285, 598723714, 8872340104, 8872362720], 265.1, 912.844]
[[8872340109, 8872362720, 8482608219, 8872362718, 8482608275, 8482608274, 8482608276, 8482608217, 9651868398, 8482608246, 8482608286, 8482605816, 8482608281, 8482608285, 598723714, 8872340104, 8872362720], 265.2, 928.7150000000001]
[[8872340109, 8872362720, 8482608219, 8872362718, 8482608275, 8482608274, 8482608276, 8482608217, 9651868398, 8482608246, 8482608286, 8482605816, 8482608282, 8482605815, 8482605814, 8482608294, 8482605813, 8482608288, 8482608291, 598723680, 598723714, 8872340104, 8872362720], 265.2, 1252.845]
[[8872362719, 598723640, 9680589005, 598723866, 8146989274, 8482608225, 8482608262, 8482608257, 8482608258, 8482608251, 8482608223, 8513003260, 8513003259, 8482608221, 8482608271, 8482608266, 8482608267, 8482608270, 8482608220, 8482608273, 598723640], 346.4, 794.968]
[[8872362719, 598723640, 9680589005, 598723866, 8146989274, 8482608225, 8482608262, 8482608257, 8482608261, 8482608249, 8482605799, 8482608272, 8482608267, 8482608270, 8482608220, 8482608273, 598723640], 346.4, 777.6579999999999]
[[8872362719, 598723640, 9680589005, 598723866, 598723865, 8482608259, 8146989273, 8482608263, 8482608226, 8482608257, 8482608261, 8482608249, 8482605799, 8482608272, 8482608267, 8482608270, 8482608220, 8482608273, 598723640], 349.0, 796.7819999999999]
[[8872362719, 598723640, 9680589005, 598723866, 598723865, 8482608259, 8146989273, 8482608263, 8482608226, 8482608260, 8482608258, 8482608251, 8482608223, 8513003260, 8513003259, 8482608221, 8482608271, 8482608266, 8482608267, 8482608270, 8482608220, 8482608273, 598723640], 349.0, 810.921]
[[8894945806, 8894945805, 8894945802, 8894945799, 5726058006, 4853113674, 8894945805], 169.3, 661.011]
[[8903932539, 8903932536, 7949552658, 1699012817, 1699012818, 2887859130, 2887859108, 1699005787, 8602557912, 6055901705, 8602584417, 6055902294, 564275536, 6055902293, 8046357063, 8046357064, 8557133247, 8557133248, 8046357065, 8046357066, 8046357089, 6055902302, 8046357071, 8046357070, 8046357069, 8044291669, 564015794, 8282362723, 6055901724, 564015803, 8044291598, 6055901749, 8044291593, 8044291594, 8044291663, 8044291597, 8044291596, 8044291595, 6055901726, 8044279584, 8044279577, 8158214370, 8044291639, 8044279576, 8044279573, 8044279574, 2319202446, 8044279503, 8044279575, 8044291610, 8044291609, 8044291611, 7293795962, 5827544558, 5827544501, 5827544489, 1722075265, 7293795965, 277665237, 1722075257, 7637311402, 1694292884, 7512362145, 5923794486, 7637311403, 564275536], 179.8, 3428.036]
[[8903932539, 8903932536, 7949552658, 1699012817, 1699012818, 2887859130, 2887859108, 1699005787, 8602557912, 6055901705, 8602584417, 6055902294, 564275536, 6055902293, 8046357063, 8046357064, 8557133247, 8557133248, 8046357065, 8046357066, 8046357089, 6055902302, 8046357071, 8046357070, 8046357069, 8044291669, 564015794, 8282362723, 6055901724, 564015803, 8044291598, 6055901749, 8044291593, 8044291594, 8044291663, 8044291597, 8044291596, 8044291595, 6055901726, 8044279584, 8044279577, 8158214370, 8044291639, 8044279576, 8044279573, 8044279574, 2319202446, 8044279503, 8044279575, 8044291610, 8044291609, 8044291608, 8044279508, 6261187072, 558849716, 558849727, 6261187071, 8791690468, 8791690458, 8791690457, 8791690456, 8791690462, 7949552613, 7637311404, 1694292884, 7512362145, 5923794486, 7637311403, 564275536], 179.8, 3938.7560000000003]
[[8903932539, 8903932536, 7949552658, 1699012817, 1699012818, 2887859130, 2887859108, 1699005787, 8602557912, 6055901705, 8602584417, 6055902294, 564275536, 6055902293, 8046357063, 8046357064, 8557133247, 8557133248, 8046357065, 8046357066, 8046357089, 6055902302, 8046357071, 8046357070, 8046357069, 8044291669, 564015794, 8282362723, 6055901724, 564015803, 8044291598, 6055901749, 8044291593, 8044291594, 8044291663, 8044291597, 8044291596, 8044291595, 6055901726, 8044279584, 8044279577, 8158214370, 8044291639, 8044279576, 8044279573, 8044279574, 2319202446, 8044279503, 8044291626, 8044291625, 6413070065, 297121024, 7487846515, 7487846442, 297121027, 4846059161, 1123347201, 7487846441, 5618660815, 5618660796, 7512362145, 5923794486, 7637311403, 564275536], 179.8, 3077.554]
[[8903932539, 8903932536, 7949552658, 1699012817, 1699012818, 2887859130, 2887859108, 1699005787, 8602557912, 6055901705, 8602584417, 6055902294, 564275536, 6055902293, 8046357063, 8046357064, 8557133247, 8557133248, 8046357065, 8046357066, 8046357089, 6055902302, 8046357071, 8046357070, 8046357069, 8044291669, 564015794, 8044291664, 8282362722, 6055901750, 564015877, 8044291647, 8044291648, 8044291649, 8044291650, 8044291663, 8044291597, 8044291596, 8044291595, 6055901726, 8044279584, 8044279577, 8158214370, 8044291639, 8044279576, 8044279573, 8044279574, 2319202446, 8044279503, 8044279575, 8044291610, 8044291609, 8044291611, 7293795962, 5827544558, 5827544501, 5827544489, 1722075265, 7293795965, 277665237, 1722075257, 7637311402, 1694292884, 7512362145, 5923794486, 7637311403, 564275536], 178.8, 3437.049]
[[8903932539, 8903932536, 7949552658, 1699012817, 1699012818, 2887859130, 2887859108, 1699005787, 8602557912, 6055901705, 8602584417, 6055902294, 564275536, 6055902293, 8046357063, 8046357064, 8557133247, 8557133248, 8046357065, 8046357066, 8046357089, 6055902302, 8046357071, 8046357070, 8046357069, 8044291669, 564015794, 8044291664, 8282362722, 6055901750, 564015877, 8044291647, 8044291648, 8044291649, 8044291650, 8044291663, 8044291597, 8044291596, 8044291595, 6055901726, 8044279584, 8044279577, 8158214370, 8044291639, 8044279576, 8044279573, 8044279574, 2319202446, 8044279503, 8044279575, 8044291610, 8044291609, 8044291608, 8044279508, 6261187072, 558849716, 558849727, 6261187071, 8791690468, 8791690458, 8791690457, 8791690456, 8791690462, 7949552613, 7637311404, 1694292884, 7512362145, 5923794486, 7637311403, 564275536], 178.8, 3947.7690000000002]
[[8903932539, 8903932536, 7949552658, 1699012817, 1699012818, 2887859130, 2887859108, 1699005787, 8602557912, 6055901705, 8602584417, 6055902294, 564275536, 6055902293, 8046357063, 8046357064, 8557133247, 8557133248, 8046357065, 8046357066, 8046357089, 6055902302, 8046357071, 8046357070, 8046357069, 8044291669, 564015794, 8044291664, 8282362722, 6055901750, 564015877, 8044291647, 8044291648, 8044291649, 8044291650, 8044291663, 8044291597, 8044291596, 8044291595, 6055901726, 8044279584, 8044279577, 8158214370, 8044291639, 8044279576, 8044279573, 8044279574, 2319202446, 8044279503, 8044291626, 8044291625, 6413070065, 297121024, 7487846515, 7487846442, 297121027, 4846059161, 1123347201, 7487846441, 5618660815, 5618660796, 7512362145, 5923794486, 7637311403, 564275536], 178.8, 3086.567]
[[8903932539, 8903932536, 7949552658, 1699012817, 1699012818, 2887859130, 2887859108, 1699005787, 8602557912, 6055901705, 8602584417, 6055902294, 564275536, 6055902293, 8046357063, 8046357064, 8557133247, 8557133248, 8046357065, 8046357066, 8046357089, 6055902302, 8046357071, 8046357070, 8046357069, 8044291669, 8282362724, 564015881, 8044291675, 8044291662, 8044291632, 8158214369, 5619242023, 8044291631, 8044291623, 8044291626, 8044291625, 6413070065, 297121024, 7487846515, 7487846442, 297121027, 4846059161, 1123347201, 7487846441, 5618660815, 5618660796, 7512362145, 5923794486, 7637311403, 564275536], 179.8, 3055.3819999999996]
[[8903932539, 8903932536, 7949552658, 1699012817, 1699012818, 2887859130, 2887859108, 1699005787, 8602557912, 6055901705, 8602584417, 6055902294, 564275536, 6055902293, 8046357063, 8046357064, 8557133247, 8557133248, 8046357065, 8046357066, 8046357089, 6055902302, 8046357071, 8046357070, 8046357069, 8044291669, 8282362724, 564015881, 8044291675, 8044291662, 8044291632, 8158214369, 5619242023, 8044291631, 8044291623, 8044291626, 8044291622, 8044291621, 8044291611, 7293795962, 5827544558, 5827544501, 5827544489, 1722075265, 7293795965, 277665237, 1722075257, 7637311402, 1694292884, 7512362145, 5923794486, 7637311403, 564275536], 179.8, 3406.2439999999997]
[[8903932539, 8903932536, 7949552658, 1699012817, 1699012818, 2887859130, 2887859108, 1699005787, 8602557912, 6055901705, 8602584417, 6055902294, 564275536, 6055902293, 8046357063, 8046357064, 8557133247, 8557133248, 8046357065, 8046357066, 8046357089, 6055902302, 8046357071, 8046357070, 8046357069, 8044291669, 8282362724, 564015881, 8044291675, 8044291662, 8044291632, 8158214369, 5619242023, 8044291631, 8044291623, 8044291626, 8044291622, 8044291621, 8044291611, 8044291607, 8044291601, 3079840513, 558849727, 6261187071, 8791690468, 8791690458, 8791690457, 8791690456, 8791690462, 7949552613, 7637311404, 1694292884, 7512362145, 5923794486, 7637311403, 564275536], 179.8, 3918.023]
[[8986992833, 8986992832, 9907679236, 9907679235, 9907679261, 7510707219, 7510707142, 8986992832], 269.6, 1006.8220000000001]
[[9198897067, 3842513760, 3842512044, 1123335682, 1123335679, 528759090, 3580607194, 3842513760], 179.1, 1148.991]
[[9555650129, 9555650128, 2091821669, 2885232827, 2885232819, 2885151960, 2885232821, 2091821669], 358.6, 801.6089999999999]
[[9555650129, 9555650128, 2091821669, 2885232827, 2885151922, 2885151924, 2885153116, 2885232819, 2885151960, 2885232821, 2091821669], 359.6, 1035.105]
[[9557077354, 9557077355, 2091821679, 2091821683, 2887196849, 2091821684, 2885152000, 2887196861, 2885153118, 2885151931, 2887197544, 2887196885, 2887197533, 4127126160, 2887196870, 2887197548, 9557077355], 359.6, 1397.772]
[[9557077354, 9557077355, 2091821679, 2091821683, 2887196849, 2091821684, 2091821685, 2885153114, 2885152000, 2887196861, 2885153118, 2885151931, 2887197544, 2887196885, 2887197533, 4127126160, 2887196870, 2887197548, 9557077355], 359.5, 1546.815]
[[9577362741, 8185629262, 9642556299, 8071647053, 8071647039, 8071642709, 8071642697, 8071642696, 7701171909, 8169270316, 8169270312, 8185629238, 8185629237, 8185629243, 8185629236, 8185629258, 9222802798, 9642557263, 8185629262], 120.0, 1103.157]
[[9577362741, 8185629262, 9642556299, 8071647053, 8071647039, 8071647018, 7701171816, 7701171818, 8185629237, 8185629243, 8185629236, 8185629258, 9222802798, 9642557263, 8185629262], 120.7, 1086.237]
[[9608302579, 8185629262, 9642557263, 9222802798, 9222802799, 9642557278, 8185629266, 8185629264, 8185629253, 2269569885, 9577362741, 8185629262], 30.9, 972.8149999999999]
[[9608302579, 8185629262, 9642557263, 9642557264, 9642557276, 9642557265, 9642557272, 9642557266, 9642557267, 9642557278, 8185629266, 8185629264, 8185629253, 2269569885, 9577362741, 8185629262], 27.6, 937.3879999999999]
[[9642557263, 8185629262, 9608302579, 2269570082, 2399038447, 9608302663, 8071647056, 8071647057, 2399038441, 8071647053, 9642556299, 8185629262], 201.1, 1005.5649999999999]
[[9642557263, 8185629262, 9608302579, 2269570082, 2399038447, 9608302663, 8071647056, 8071647057, 8071642708, 8071647055, 8071642695, 8071642698, 8071642709, 8071647039, 8071647053, 9642556299, 8185629262], 201.1, 1061.992]
[[9642557263, 8185629262, 9608302579, 2269570082, 2399038447, 9608302663, 8071647056, 8071647057, 8071642708, 8071647055, 8071647017, 8071647039, 8071647053, 9642556299, 8185629262], 201.1, 1046.0910000000001]
[[9666019893, 9666019894, 8516154895, 7959990615, 7959990620, 7959990626, 8169270283, 7959990624, 7959990622, 8169270282, 7959990627, 7959990637, 6033482469, 7959990651, 8169270305, 7959990655, 7959990665, 8169270301, 8044279496, 7959990679, 7959990711, 7959990882, 7959990682, 7959990685, 7959990714, 7959990670, 7959990604, 7959990691, 7959990697, 7959990603, 7959990702, 7959990716, 7959990729, 7959990733, 7959990726, 7959990719, 7959990709, 7959990777, 7959990739, 7959990881, 7959990781, 7959990782, 1982884838, 7959990771, 2491091193, 499374438, 6410193880, 499374390, 499374790, 8794485628, 8167985822, 8167985833, 8167985816, 8167985819, 8869177732, 8167985687, 8167985688, 8792350041, 8167985855, 8167985648, 8167985649, 8167985650, 8167985683, 8167985856, 8169270275, 8169270274, 8168044516, 8168061644, 8168061643, 8168061764, 8168061766, 8168061674, 9666019872, 8168061678, 8168061656, 8168061662, 8168061661, 8168061672, 8168061660, 5624710427, 8168061659, 6033482414, 499681286, 7959990496, 6033482480, 499681288, 6033482479, 499681290, 7959990495, 499681292, 499681293, 499681297, 7959990507, 7959932879, 6033482475, 8508946962, 6496421032, 8169270304, 7959990655], 179.1, 4111.593]
[[9666019893, 9666019894, 8516154895, 7959990615, 7959990620, 7959990626, 8169270283, 7959990624, 7959990622, 8169270282, 7959990627, 7959990637, 6033482469, 7959990651, 8169270305, 7959990655, 7959990665, 8169270301, 8044279496, 7959990679, 7959990711, 7959990882, 7959990682, 7959990685, 7959990714, 7959990670, 7959990604, 7959990691, 7959990697, 7959990603, 7959990702, 7959990716, 7959990729, 7959990733, 7959990726, 7959990719, 7959990709, 7959990777, 7959990739, 7959990881, 7959990781, 7959990782, 1982884838, 7959990771, 2491091193, 499374438, 6410193880, 499374390, 499374790, 8794485628, 8167985822, 8167985833, 8167985816, 8167985819, 8869177732, 2530287119, 8167985616, 8167985617, 8167985854, 8167985615, 8167985613, 8167985682, 8167985588, 8167985858, 8167985871, 8168061641, 8168061645, 8168061642, 8168061765, 8168061767, 8168061766, 8168061674, 9666019872, 8168061678, 8168061656, 8168061662, 8168061661, 8168061672, 8168061660, 5624710427, 8168061659, 6033482414, 499681286, 7959990496, 6033482480, 499681288, 6033482479, 499681290, 7959990495, 499681292, 499681293, 499681297, 7959990507, 7959932879, 6033482475, 8508946962, 6496421032, 8169270304, 7959990655], 179.1, 4129.7789999999995]
[[9666019893, 9666019894, 8516154895, 7959990615, 7959990620, 7959990626, 8169270283, 7959990624, 7959990622, 8169270282, 7959990627, 7959990637, 6033482469, 7959990651, 8169270305, 7959990655, 7959990665, 8169270301, 8044279496, 7959990679, 7959990711, 7959990882, 7959990682, 7959990685, 7959990714, 7959990670, 7959990604, 7959990691, 7959990697, 7959990603, 7959990702, 7959990716, 7959990729, 7959990733, 7959990726, 7959990719, 7959990709, 7959990777, 7959990739, 7959990881, 7959990781, 7959990767, 7959990768, 499383061, 7232047137, 7959990754, 5834798824, 1116469197, 5834798820, 499374514, 499374459, 2653610237, 2458982112, 8167985791, 5269888970, 8167985789, 8167985796, 8869177731, 8167985792, 2530287119, 8167985616, 8167985617, 8167985854, 8167985615, 8167985613, 8167985682, 8167985588, 8167985858, 8167985871, 8168061641, 8168061645, 8168061642, 8168061765, 8168061767, 8168061766, 8168061674, 9666019872, 8168061678, 8168061656, 8168061662, 8168061661, 8168061672, 8168061660, 5624710427, 8168061659, 6033482414, 499681286, 7959990496, 6033482480, 499681288, 6033482479, 499681290, 7959990495, 499681292, 499681293, 499681297, 7959990507, 7959932879, 6033482475, 8508946962, 6496421032, 8169270304, 7959990655], 179.0, 4156.474999999999]
[[9666019893, 9666019894, 8516154895, 7959990615, 7959990620, 7959990626, 8169270283, 7959990624, 7959990622, 8169270282, 7959990627, 7959990637, 6033482469, 7959990651, 8169270305, 7959990655, 7959990665, 8169270301, 8044279496, 7959990679, 7959990711, 7959990882, 7959990682, 7959990685, 7959990714, 7959990670, 7959990604, 7959990691, 7959990697, 7959990603, 7959990702, 7959990716, 7959990729, 7959990733, 7959990726, 7959990719, 7959990709, 7959990777, 7959990739, 7959990881, 7959990781, 7959990767, 7959990768, 499383061, 7232047137, 7959990754, 5834798824, 1116469197, 5834798820, 499374514, 499374459, 2653610237, 2458982112, 8167985791, 5269888970, 8167985789, 8167985796, 8869177731, 8869177732, 8167985687, 8167985688, 8792350041, 8167985855, 8167985648, 8167985649, 8167985650, 8167985683, 8167985856, 8169270275, 8169270274, 8168044516, 8168061644, 8168061643, 8168061764, 8168061766, 8168061674, 9666019872, 8168061678, 8168061656, 8168061662, 8168061661, 8168061672, 8168061660, 5624710427, 8168061659, 6033482414, 499681286, 7959990496, 6033482480, 499681288, 6033482479, 499681290, 7959990495, 499681292, 499681293, 499681297, 7959990507, 7959932879, 6033482475, 8508946962, 6496421032, 8169270304, 7959990655], 179.0, 4137.576999999999]
[[9667779822, 598723868, 8482605804, 8482608317, 8482608313, 8482608314, 8482608318, 8482608312, 598723885, 9667767282, 598723937, 8482608324, 8482605802, 8482608327, 8482608323, 598723872, 9667779731, 598723868], 284.0, 1009.9019999999999]
[[9667779822, 598723868, 8482605804, 8482608317, 8482608313, 8482608314, 8482608318, 8482608312, 598723885, 9667767282, 598723937, 598723917, 9608397712, 8482608333, 8482608339, 8482608338, 8482608332, 598723874, 598723872, 9667779731, 598723868], 284.0, 1279.107]
[[9667779822, 598723868, 8482605804, 8482608317, 8482608313, 8482608314, 8482608316, 8482605803, 9667767266, 8482608244, 8482608326, 8482605802, 8482608327, 8482608323, 598723872, 9667779731, 598723868], 284.1, 803.647]
[[9667779822, 598723868, 8482605804, 8482608317, 8482608313, 8482608314, 8482608316, 8482605803, 9667767266, 8482608244, 8482608326, 8482605802, 8482608322, 8482605801, 9667779673, 8482608242, 8482608335, 8482608339, 8482608338, 8482608332, 598723874, 598723872, 9667779731, 598723868], 284.1, 1079.931]
[[9667779822, 598723868, 8482605804, 8482608317, 8482608313, 8482608315, 8482605789, 9667779694, 8482605788, 8482608325, 8482608327, 8482608323, 598723872, 9667779731, 598723868], 283.4, 787.1529999999999]
[[9667779822, 598723868, 8482605804, 8482608317, 8482608313, 8482608315, 8482605789, 9667779694, 8482605788, 8482608325, 8482608327, 8482608321, 8482608243, 8482608334, 8482608338, 8482608332, 598723874, 598723872, 9667779731, 598723868], 283.4, 1064.408]
[[9680589005, 598723640, 8872362719, 8872362720, 8872340109, 8872340116, 8872340110, 8872340113, 8872340111, 598723637, 9680589011, 9680588968, 9680588972, 598723640], 175.5, 1085.52]
[[9903472003, 2528818944, 6562282563, 6562282565, 6562282567, 6562282573, 6562282574, 6562282575, 6562282577, 2528818863, 6562269869, 2528818944], 70.2, 545.426]
[[9903472003, 2528818944, 6562282563, 6562282565, 6562282567, 6562282569, 6562282572, 6562282571, 6562282574, 6562282575, 6562282577, 2528818863, 6562269869, 2528818944], 74.3, 604.592]
[[9903472003, 2528818944, 6562282563, 6562282565, 6562282567, 6562282569, 2528818921, 6562269870, 6562269867, 6562282571, 6562282574, 6562282575, 6562282577, 2528818863, 6562269869, 2528818944], 71.8, 659.4780000000001]
[[9903472003, 2528818944, 6562282563, 6562282565, 6562282567, 6562282569, 2528818921, 6562269870, 6562269867, 2528818901, 6562269874, 7988360992, 9906899074, 9906911271, 9906911251, 9906911284, 9901990379, 2528818863, 6562269869, 2528818944], 71.8, 823.6469999999999]
[[9906764014, 9906764016, 9906899047, 9906899049, 9906899048, 1116501287, 9906876180, 9906876216, 9906876217, 9906876118, 9906876215, 9906876214, 9906876240, 9906876218, 9906875015, 9906876221, 9906875016, 9906876206, 9906899034, 9906899033, 9906899028, 7986471711, 1116501268, 9906899051, 9906764016], 259.7, 1226.225]
[[9906764014, 9906764016, 9906899047, 9906899049, 9906899048, 1116501287, 9906876180, 9906876216, 9906876217, 9906876118, 9906876215, 9906876214, 9906876240, 9906876239, 9906874966, 9906874965, 7987093274, 9906874946, 9906874949, 9906874964, 9906899032, 9906899031, 9906899033, 9906899028, 7986471711, 1116501268, 9906899051, 9906764016], 259.7, 1253.1799999999998]
[[9907679246, 7510707222, 1342322935, 7510707216, 7510707218, 7510707219, 7510707217, 7510707222], 88.9, 984.808]
[[9907679246, 7510707222, 1342322935, 7510707216, 7510707217, 7510707222], 88.9, 732.736]
[[9907679246, 7510707222, 1342322935, 7510707216, 7510707218, 7510707219, 7510707217, 7510707222], 88.9, 984.808]
[[9907679246, 7510707222, 1342322935, 7510707216, 7510707217, 7510707222], 88.9, 732.736]
