[[294986739, 6413070051, 3636183453, 1699111513, 8791690452, 8791690453, 8791690454], [294986739, 6413070061, 6413070053, 1699111520, 6413070049, 294988857, 3636183452, 8791690452], 170.3, 922.853]
[[528758861, 1123412126, 9201427155, 6471612707, 9201427152, 7128801951, 1123404387, 1699066607, 513659291, 513659302, 6052448199, 513659310, 513659332], [528758861, 3842512046, 8348179019, 3082205019, 3082204994, 6471612706, 1699066607], 178.9, 1408.2869999999998]
[[528759090, 528758861, 1123412126, 9201427155, 6471612707, 9201427152, 7128801951, 1123404387, 1699066607, 513659291, 513659302, 6052448199, 513659310, 513659332], [528759090, 1123335679, 3842512046, 8348179019, 3082205019, 3082204994, 6471612706, 1699066607], 180.5, 1426.867]
[[564275681, 6486812603, 6486812605, 277323272, 277667381, 2324213763, 7949552677, 277668676, 7949552674, 1699111522, 1699111535, 7487846439], [564275681, 277328663, 3311151798, 277667381], 178.9, 1223.7089999999998]
[[598723550, 9731823962, 598723546, 8482608236, 8146989275, 598723865], [598723550, 9731823963, 8482608228, 8482608336, 8482608255, 8482608230, 8482608241, 8482608254, 8482608234, 8482608236], 161.5, 797.738]
[[598723686, 8482608292, 8482605813, 8482608288, 8482608291, 598723680, 598723849, 598723867], [598723686, 598723852, 8146989270, 8482608300, 8482608296, 8482608295, 8482608299, 8482605811, 9667779654, 598723849], 182.9, 1003.1310000000001]
[[598723707, 8482608284, 8482605816, 8482608281, 8482608285, 598723714, 598723680, 598723849, 598723867], [598723707, 598723686, 8482608292, 8482605813, 8482608288, 8482608291, 598723680], 179.3, 1178.1460000000002]
[[598723849, 9667779654, 8482605811, 8482608299, 8482608295, 8482608296, 8482608300, 8146989270, 598723852, 598723686, 598723707], [598723849, 598723680, 8482608291, 8482608288, 8482605813, 8482608292, 598723686], 6.1, 987.9000000000001]
[[598723852, 8146989270, 8482608300, 8482608296, 8482608295, 8482608299, 8482605811, 9667779654, 598723849, 598723867, 598723868, 9667779731], [598723852, 598723906, 9667779910, 8482608303, 8482608309, 8482608304, 8482608340, 8482608305, 8482608308, 8482605807, 9667779624, 9667767305, 598723867], 187.0, 1047.4160000000002]
[[598723867, 9667767305, 9667779624, 8482605807, 8482608308, 8482608305, 8482608340, 8482608304, 8482608309, 8482608303, 9667779910, 598723906, 598723852, 598723686, 598723707], [598723867, 598723849, 9667779654, 8482605811, 8482608299, 8482608295, 8482608296, 8482608300, 8146989270, 598723852], 9.6, 1141.769]
[[598723868, 8482605804, 8482608317, 8482608313, 8482608314, 8482608318, 8482608312, 598723885, 598723906, 598723852], [598723868, 598723867, 9667767305, 9667779624, 8482605807, 8482608308, 8482608305, 8482608340, 8482608304, 8482608309, 8482608303, 9667779910, 598723906], 11.4, 989.617]
[[598723906, 9667779910, 8482608303, 8482608309, 8482608304, 8482608340, 8482608305, 8482608308, 8482605807, 9667779624, 9667767305, 598723867, 598723868, 9667779731, 598723872], [598723906, 598723885, 8482608312, 8482608318, 8482608314, 8482608313, 8482608317, 8482605804, 598723868], 189.3, 1000.8839999999999]
[[598723937, 8482608324, 8482605802, 8482608327, 8482608323, 598723872, 598723874, 598723876], [598723937, 598723917, 9608397712, 8482608333, 8482608339, 8482608338, 8482608332, 598723874], 193.6, 999.0229999999999]
[[1123272086, 1123344024, 1123344023, 2043203324, 5618660814, 5618660813, 5923794486, 7512362145, 1694292884, 7637311404], [1123272086, 297121024, 7487846515, 7487846442, 297121027, 4846059161, 1123347201, 7487846441, 5618660815, 5618660796, 7512362145], 89.4, 1491.5779999999997]
[[1123335679, 1123335682, 3842512044, 1123335688, 3580607193, 6261187068, 1123413058, 8128067479], [1123335679, 528759090, 3580607194, 3842513760, 3580607193], 359.7, 1481.604]
[[1123347201, 1722075257, 277665237, 7293795965, 1722075265, 5827544489], [1123347201, 4846059161, 297121027, 5827544505, 277665237], 178.8, 764.762]
[[1123433895, 7174533565, 7174533546, 7174505057, 7174505056, 7174533552, 7174533543, 7174533672, 7205081070, 7174533069, 7174533534, 8201901284, 8201901265, 8201901266, 8201901275, 1123439542, 564275644, 564275666, 7205047180], [1123433895, 7205081071, 7174533555, 4127126154, 7174533549, 7174533553, 7174533542, 7174533536, 7180438989, 7180438985, 8201901285, 8201901266], 179.1, 933.7449999999999]
[[1342322935, 7510707222, 7510707217, 7510707219], [1342322935, 7510707216, 7510707217], 359.0, 705.2850000000001]
[[1491785704, 2529179606, 2529179621, 2529179601, 2529179614], [1491785704, 2529179594, 2529179621], 259.2, 639.712]
[[1491785791, 2529179583, 7973259260, 7973259325, 9847397374, 2529179594, 1491785704, 2529179606, 2529179620, 2529179561, 6003859493], [1491785791, 2529179614, 2529179601, 2529179621, 2529179606], 169.6, 1022.008]
[[1491785791, 2529179583, 7973259260, 7973259325, 9847397374, 2529179594, 1491785704, 2529179606, 2529179620, 6003859502], [1491785791, 2529179614, 2529179601, 2529179621, 2529179606], 169.6, 970.739]
[[1491845065, 2042400915, 1491845092, 1491845096], [1491845065, 9801080361, 352965781, 1491845092], 354.2, 889.606]
[[1699066610, 1699002290, 7487846440, 2042203555, 1123352168, 5618660807, 5618660797, 7512362145, 5923794486, 7637311403], [1699066610, 8784814408, 1699066609, 2042203565, 5618660809, 5618660808, 5923794486], 269.1, 1225.193]
[[1699111533, 9202400952, 9202400903, 9207567900, 9202401073, 2474730051, 2324213768, 9247352237, 3636156903, 7249295506, 1123418298, 3842512040, 3498882488], [1699111533, 9249566679, 3842512045, 9249566642, 9198897070, 9249566677, 9198897077, 3583682984, 3583682985, 6016938909, 2474730062, 3842512043, 9198897097, 3842512040], 359.0, 1283.314]
[[1699111537, 1699066610, 1699002290, 7487846440, 2042203555, 1123352168, 5618660807, 5618660797, 7512362145, 5923794486, 7637311403], [1699111537, 3311151797, 1876814369, 1699066609, 2042203565, 5618660809, 5618660808, 5923794486], 268.1, 1240.756]
[[1699111537, 3311151797, 1876814369, 1699111539, 3082205003, 1699111518, 7949552672], [1699111537, 1699111519, 1699111521, 1699111541, 4127126143, 8784814406, 1699111539], 359.2, 999.3119999999999]
[[1699111541, 1699111521, 1699111519, 1699111537, 1699066610, 1699002290, 7487846440, 2042203555, 1123352168, 5618660807, 5618660797, 7512362145, 5923794486, 7637311403], [1699111541, 4127126143, 8784814406, 1699111539, 1876814369, 1699066609, 2042203565, 5618660809, 5618660808, 5923794486], 268.1, 1552.326]
[[1699111541, 1699111521, 1699111519, 1699111537, 1699066610, 8784814408, 1699066609, 3082205004], [1699111541, 4127126143, 3311151797, 8784814408], 268.1, 778.2550000000001]
[[1699111541, 1699111521, 1699111519, 1699111537, 3311151797, 1876814369, 1699005789], [1699111541, 4127126143, 3311151797], 268.1, 782.9759999999999]
[[2042400943, 498877630, 2042400917, 6020564549, 6020564531, 498877494, 498857670, 6020564532], [2042400943, 2042441671, 2042400917], 210.0, 954.0400000000001]
[[2091821669, 2885232821, 2885151960, 2885232819, 2885153116, 2885151924], [2091821669, 2885232827, 2885232819], 359.6, 715.2280000000001]
[[2269569885, 8185629253, 8185629264, 8185629266, 9642557278, 9222802799, 9222802798, 8185629258, 7701169554], [2269569885, 9577362741, 8185629262, 9642557263, 9222802798], 120.3, 1000.0050000000001]
[[2269569885, 8185629253, 8185629264, 8185629266, 9642557278, 9222802799, 9222802798, 8185629258, 8185629236], [2269569885, 9577362741, 8185629262, 9642557263, 9222802798], 120.3, 1035.847]
[[2399038474, 2399038480, 2399038481, 2399038476, 2399038454], [2399038474, 2399038444, 9766529013, 2399038467, 2399038483, 2399038476], 145.5, 584.044]
[[2399038476, 2399038483, 2399038467, 9766529013, 2399038444, 2399038474, 2399038438, 2399038469], [2399038476, 2399038481, 2399038480, 2399038474], 324.3, 584.191]
[[2528898816, 3841290254, 2528898674, 2528898836, 653124799, 2528898700], [2528898816, 2528898764, 2528898784, 2528898665, 2528898731, 2528898686, 653124799], 350.1, 1084.3519999999999]
[[2528898821, 8894945805, 8894945802, 8894945801, 653124782], [2528898821, 2528898716, 2528898715, 2528898848, 8894945790, 8894945797, 8894945802], 170.7, 1015.5159999999998]
[[2529179583, 7973259260, 7973259325, 9847397374, 2529179594, 1491785704, 2529179606, 2529179620, 2529179561, 6003859493], [2529179583, 2529179601, 2529179621, 2529179606], 169.6, 853.9660000000001]
[[2529179583, 7973259260, 7973259325, 9847397374, 2529179594, 1491785704, 2529179606, 2529179620, 6003859502], [2529179583, 2529179601, 2529179621, 2529179606], 169.6, 802.6970000000001]
[[2529179594, 2529179621, 2529179601, 2529179614], [2529179594, 9847397374, 7973259325, 7973259260, 2529179583, 2529179601], 259.9, 541.164]
[[2885151924, 2885151922, 2885232827, 2091821669], [2885151924, 2885153116, 2885232819, 2885232827], 179.6, 711.408]
[[2885151924, 2885151923, 8559967646, 2885151939, 2885180140, 6261187033, 564275581, 564275583, 8559967642], [2885151924, 2885151922, 2885151939], 88.2, 1024.202]
[[2885151961, 7174533233, 7174533238, 8201901219, 8201901220, 8201901334, 8201901245, 8201901246], [2885151961, 7174533105, 7174533099, 2926079554, 1923784629, 7205081127, 8201901220], 89.3, 968.692]
[[2885153118, 2887197542, 2887196898, 4127126160, 2887196856], [2885153118, 2885151931, 2887197544, 2887196885, 2887197533, 4127126160], 179.2, 647.346]
[[2887196893, 2887197530, 2887197519, 2887197511, 2885153125, 2885151931, 2885153118, 2887196861, 2885152000], [2887196893, 2887196856, 4127126160, 2887197533, 2887196885, 2887197544, 2885151931], 359.6, 1000.141]
[[2887197504, 2887196828, 2887197525, 2887196826, 2887196893, 2887197530, 2887197519, 2887197511, 2885153125, 2885151931, 2885153118, 2887196861, 2885152000], [2887197504, 2887196879, 2887197548, 2887196870, 4127126160, 2887197533, 2887196885, 2887197544, 2885151931], 359.6, 1203.6180000000002]
[[2887197525, 2887196826, 2887196893, 2887197530, 2887197519, 2887197511, 2885153125, 2885151931, 2885153118, 2887196861, 2885152000], [2887197525, 2887196841, 2887196870, 4127126160, 2887197533, 2887196885, 2887197544, 2885151931], 359.6, 1098.235]
[[2887197525, 2887196826, 2887196893, 2887197530, 2887197519, 2887197511, 2887196842, 2887197544, 2887196866], [2887197525, 2887196841, 2887196856, 2887196871, 2887196842], 359.6, 698.1600000000001]
[[2887197533, 4127126160, 2887196870, 2887197548, 2887196879, 2887197504], [2887197533, 2887196871, 2887196856, 2887196841, 2887196879], 179.4, 598.3530000000001]
[[2887197544, 2887196885, 2887197533, 4127126160, 2887196870, 2887196841, 2887197525], [2887197544, 2887196842, 2887196871, 2887196856, 2887196841], 179.4, 626.918]
[[2926079552, 7180438518, 8201901291, 8201901290, 8201901287, 8201901263, 8308368264], [2926079552, 2926079553, 8424717199, 1123433076, 8201901286, 8201901263], 179.8, 662.731]
[[3082205003, 1699111539, 1876814369, 1699005789, 3082205012, 1876814373], [3082205003, 3082207450, 3082207447, 3082207441, 3082204976, 3082205008, 3082205027, 3082207460, 3082207434, 1699005789], 269.2, 795.5729999999999]
[[3414036538, 3414036535, 598723859, 598723892, 598723824], [3414036538, 598723857, 9651866615, 9651868237, 9651868238, 598723859], 14.2, 938.0840000000001]
[[3580587497, 8791690453, 8791690454, 6261187070, 7949552613, 8791690462, 8791690456], [3580587497, 3580587498, 3580587499, 2324186894, 2324186951, 2324186953, 8791690454], 179.2, 886.7400000000001]
[[3636183453, 1699111513, 8791690452, 8791690453, 8791690454], [3636183453, 3636183452, 8791690452], 181.2, 823.331]
[[4127126143, 3311151797, 1876814369, 1699005789], [4127126143, 8784814406, 1699111539, 1876814369], 269.7, 613.768]
[[4127126143, 3311151797, 8784814408, 1699066609, 3082205004, 3082167110], [4127126143, 8784814406, 1699111539, 1876814369, 1699066609], 269.7, 692.6460000000001]
[[4127126160, 2887197533, 2887196885, 2887197544, 2885151931, 2885153118, 2887196861, 2885152000], [4127126160, 2887196898, 2887197542, 2885153118], 359.4, 707.6450000000001]
[[4853113926, 653124788, 653124782, 2528898784, 2528898665], [4853113926, 8894945800, 8894945801, 653124782], 259.8, 611.442]
[[5832657685, 3829847082, 7252057619, 7961771638, 7961786842, 7961786843, 7961786836], [5832657685, 5832657578, 5834110088, 5832657689, 7241991981, 7252057617, 7961786842], 179.1, 847.789]
[[7174533546, 7174505057, 7174505056, 7174533552, 7174533543, 7174533672, 7205081070, 7174533069, 7174533534, 8201901284, 8201901265, 8201901266, 8201901275, 1123439542, 564275644, 564275666, 7205047180], [7174533546, 7174533547, 7174533548, 7174533549, 7174533553, 7174533542, 7174533536, 7180438989, 7180438985, 8201901285, 8201901266], 179.1, 837.936]
[[7174533552, 7174533543, 7174533672, 7205081070, 7174533069, 7174533534, 8201901284, 8201901265, 8201901266, 8201901275, 1123439542, 564275644, 564275666, 7205047180], [7174533552, 7180439005, 7174533545, 7174533554, 7174533553, 7174533542, 7174533536, 7180438989, 7180438985, 8201901285, 8201901266], 179.1, 748.732]
[[7241992062, 7241992063, 7241992070, 7241992107, 7962005203, 7241992111, 2751377828], [7241992062, 7241992071, 7241992120, 7241992118, 7241992070], 178.9, 670.447]
[[7241992070, 7241992118, 7241992120, 7241992071, 7241992062, 6668994441, 6668994444], [7241992070, 7241992063, 7241992062], 359.2, 677.864]
[[7241992091, 7962005199, 7962005198, 7241992092, 7241992100, 2367560934, 7241992082], [7241992091, 7241992072, 7241992099, 7241992148, 7314509997, 7241992149, 7241992100], 179.4, 1007.202]
[[7241992352, 7961771627, 7961771637, 7252057615, 5832657687, 5832657688, 5832657577, 5832657566, 7252057614, 7252057616, 7252057618, 7252057604], [7241992352, 7252057622, 7252057626, 7241992353, 7961771628, 7961786842, 7252057617, 7241991981, 5832657689, 5834110088, 5832657578, 7252057616], 359.1, 989.808]
[[7252057612, 5834110800, 5832657686, 5832657577, 7296731615, 7296731616, 5832657579, 5832657578], [7252057612, 7296731648, 7961786845, 7252057613, 7252057615, 5832657687, 5832657688, 5832657577], 359.1, 830.769]
[[7252057612, 5834110800, 5832657686, 7252057611, 7252057614, 7252057616], [7252057612, 7296731648, 7961786845, 7252057613, 7252057615, 5832657687, 5832657688, 5832657577, 5832657566, 7252057614], 359.1, 855.0809999999999]
[[7252057615, 5832657687, 5832657688, 5832657577, 5832657566, 7252057614, 7252057616, 7252057618, 7252057604], [7252057615, 7252057621, 7252057625, 7252057617, 7241991981, 5832657689, 5834110088, 5832657578, 7252057616], 359.3, 938.794]
[[7510707141, 7510707142, 8986992832, 7097821764, 7097821765], [7510707141, 8986992833, 8986992832], 358.6, 881.6869999999999]
[[7510707142, 7510707141, 7510707218, 7510707216, 1342322935], [7510707142, 7510707219, 7510707218], 178.6, 857.4330000000001]
[[7510707216, 7510707217, 7510707219, 7510707142], [7510707216, 7510707218, 7510707219], 359.0, 733.317]
[[7510707218, 7510707219, 7510707142, 8986992832], [7510707218, 7510707141, 7510707142], 359.0, 757.162]
[[7510707219, 7510707142, 8986992832, 8986992833, 8986997422, 8986992890, 8986992896, 8986992885, 8986992887, 8986992897, 8986992889, 8986997442, 9907679306], [7510707219, 7510707218, 7510707141, 8986992833], 88.8, 1227.8700000000001]
[[7510707222, 7510707217, 7510707219, 7510707218, 7510707220, 9907679283, 9907679284, 9907679282], [7510707222, 1342322935, 7510707216, 7510707218], 89.1, 1010.751]
[[7961771627, 7961771637, 7252057615, 5832657687, 5832657688, 5832657577, 5832657566, 7252057614, 7252057616, 7252057618, 7252057604], [7961771627, 7961786837, 7961786844, 7961771628, 7961786842, 7252057617, 7241991981, 5832657689, 5834110088, 5832657578, 7252057616], 359.0, 977.883]
[[7961771635, 7252057612, 5834110800, 5832657686, 5832657577, 7296731615, 7296731616, 5832657579, 5832657578], [7961771635, 7961786847, 7961771636, 7961771637, 7252057615, 5832657687, 5832657688, 5832657577], 358.6, 853.1080000000001]
[[7961771635, 7252057612, 5834110800, 5832657686, 7252057611, 7252057614, 7252057616], [7961771635, 7961786847, 7961771636, 7961771637, 7252057615, 5832657687, 5832657688, 5832657577, 5832657566, 7252057614], 358.6, 877.4199999999998]
[[7961771637, 7252057615, 5832657687, 5832657688, 5832657577, 5832657566, 7252057614, 7252057616, 7252057618, 7252057604], [7961771637, 7961786836, 7961786843, 7961786842, 7252057617, 7241991981, 5832657689, 5834110088, 5832657578, 7252057616], 359.4, 960.514]
[[7962005325, 7241992070, 7241992118, 7241992120, 7241992071, 7241992062, 6668994441, 6668994444], [7962005325, 8319652337, 8319652338, 3085771411, 7241992063, 7241992062], 358.8, 695.38]
[[7962005476, 8247997393, 7962005447, 7962005454, 7962005433, 8791690432, 7962005407, 8791690429, 7962005432, 7961786904, 7961786910, 7961786917, 7962005398, 7962005392, 7961786911], [7962005476, 8247997391, 7962005448, 8791690428, 8791690427, 8791690432], 179.1, 800.2869999999999]
[[7973114642, 7973114643, 7973114641, 7973114638, 7973114636, 7973114635], [7973114642, 2529179584, 7973114630, 2529179627, 7973114639, 7973114641], 77.8, 715.028]
[[7977056083, 7977050965, 7979256648, 7979256649, 7979256647], [7977056083, 7977050927, 7977050925, 7979256644, 7979256645, 7979256643, 7979256601, 7979256600, 7979256599, 7979256595, 7977056115, 7979256648], 359.8, 874.2740000000001]
[[7977056116, 2530277144, 8434720734, 7977056114, 7979256646, 7979256649, 8434720733], [7977056116, 7977056143, 7979256647, 7979256649], 268.7, 859.355]
[[7977056116, 2530277144, 8434720734, 7977056114, 7979256646, 7977056115, 7979256648, 2530277206], [7977056116, 7977056143, 7979256647, 7979256649, 7979256648], 268.7, 876.5509999999999]
[[7977056117, 7977056116, 2530277144, 8434720734, 7977056114, 7979256646, 7979256649, 8434720733], [7977056117, 2530277082, 7977056143, 7979256647, 7979256649], 258.6, 872.0440000000001]
[[7977056117, 7977056116, 2530277144, 8434720734, 7977056114, 7979256646, 7977056115, 7979256648, 2530277206], [7977056117, 2530277082, 7977056143, 7979256647, 7979256649, 7979256648], 258.6, 889.24]
[[7977056128, 7977056116, 2530277144, 8434720734, 7977056114, 7979256646, 7979256649, 8434720733], [7977056128, 7977056117, 2530277082, 7977056143, 7979256647, 7979256649], 273.4, 873.76]
[[7977056128, 7977056116, 2530277144, 8434720734, 7977056114, 7979256646, 7977056115, 7979256648, 2530277206], [7977056128, 7977056117, 2530277082, 7977056143, 7979256647, 7979256649, 7979256648], 273.4, 890.956]
[[7979256649, 7979256647, 7977056143, 2530277082, 7977056117, 7977056128, 8434720736, 7979238479], [7979256649, 7979256646, 7977056114, 8434720734, 2530277144, 7977056116, 7977056117], 89.6, 855.649]
[[7979256649, 7979256647, 7977056143, 7977056116, 8434720737, 7979238481], [7979256649, 7979256646, 7977056114, 8434720734, 2530277144, 7977056116], 89.6, 841.593]
[[8099308378, 8099308381, 8099308352, 8099308353, 8099204887, 8099260620, 8099260795, 8099260769, 8099260768, 8099260771, 8099260761], [8099308378, 8099308382, 8099308376, 5192417560, 8099308383, 8099308387, 8099308386, 8099308384, 8099308385, 5192417567, 8099260775, 8099260619, 8099260621, 8099260620], 179.0, 849.827]
[[8168061668, 8168061667, 7640444024, 2376737497, 9774392702, 8167985655, 8869177729, 8869177730, 8869177734, 8168061691, 8168061693, 8168061692], [8168061668, 8168061706, 8168061665, 8168061705, 8168061714, 7625872880, 8168061707, 8168061708, 8869177730], 167.7, 697.354]
[[8482605802, 8482608327, 8482608323, 598723872, 598723874, 598723876], [8482605802, 8482608322, 8482605801, 9667779673, 8482608242, 8482608335, 8482608339, 8482608338, 8482608332, 598723874], 193.6, 797.624]
[[8482605813, 8482608288, 8482608291, 598723680, 598723849, 598723867], [8482605813, 8482608290, 8482605812, 9651868360, 8482605810, 8482608302, 8482608296, 8482608295, 8482608299, 8482605811, 9667779654, 598723849], 182.9, 805.104]
[[8482605816, 8482608281, 8482608285, 598723714, 598723680, 598723849, 598723867], [8482605816, 8482608282, 8482605815, 8482605814, 8482608294, 8482605813, 8482608288, 8482608291, 598723680], 179.4, 979.9380000000001]
[[8482608237, 598723530, 598723526, 598723866, 8146989274, 8482608225, 8482608262], [8482608237, 9675475379, 8482608235, 8482608236, 8146989275, 598723865, 598723866], 255.5, 774.5020000000001]
[[8482608240, 8146989161, 598724172, 598723530, 8146989276, 598723865, 8482608259], [8482608240, 8482608238, 8482608237, 598723530], 256.2, 800.677]
[[8482608281, 8482608285, 598723714, 598723680, 598723849, 598723867], [8482608281, 8482608283, 8482608245, 9651868386, 8482605795, 8482608293, 8482608288, 8482608291, 598723680], 179.3, 964.0310000000002]
[[8482608288, 8482608291, 598723680, 598723849, 598723867], [8482608288, 8482608289, 8482605794, 8482605793, 8482608301, 8482608295, 8482608299, 8482605811, 9667779654, 598723849], 182.9, 788.7479999999999]
[[8482608295, 8482608299, 8482605811, 9667779654, 598723849, 598723867, 598723868, 9667779731], [8482608295, 8482608297, 8482605792, 8482605791, 8482608310, 8482608305, 8482608308, 8482605807, 9667779624, 9667767305, 598723867], 185.6, 831.068]
[[8482608296, 8482608295, 8482608299, 8482605811, 9667779654, 598723849, 598723867, 598723868, 9667779731], [8482608296, 8482608298, 8482605809, 9667779899, 8482605808, 8482608311, 8482608340, 8482608305, 8482608308, 8482605807, 9667779624, 9667767305, 598723867], 185.5, 847.058]
[[8482608305, 8482608308, 8482605807, 9667779624, 9667767305, 598723867, 598723868, 9667779731, 598723872], [8482608305, 8482608306, 8482605790, 8482608319, 8482608313, 8482608317, 8482605804, 598723868], 190.3, 786.83]
[[8482608327, 8482608323, 598723872, 598723874, 598723876], [8482608327, 8482608321, 8482608243, 8482608334, 8482608338, 8482608332, 598723874], 193.6, 782.553]
[[8482608340, 8482608305, 8482608308, 8482605807, 9667779624, 9667767305, 598723867, 598723868, 9667779731, 598723872], [8482608340, 8482608307, 8482605806, 8482605805, 8482608320, 8482608314, 8482608313, 8482608317, 8482605804, 598723868], 190.3, 803.4209999999999]
[[8559967646, 2885151939, 2885151922, 2885232827, 2091821669], [8559967646, 2885151923, 2885151924, 2885151922], 178.8, 1065.109]
[[8791690465, 5827544490, 8791690466, 5827544498, 277665237, 1722075257, 7637311402, 1694292884], [8791690465, 5827544562, 1123347203, 5827543970, 8791690463, 1722075257], 359.3, 688.762]
[[8872362721, 598723678, 598723680, 598723714, 8872340104, 8872362720], [8872362721, 8872340105, 8872340106, 8872362717, 598723717, 598723714], 3.6, 1102.172]
[[8872362722, 598723845, 598723849, 598723680, 598723714], [8872362722, 8872340102, 8872340103, 8872362721, 598723678, 598723680], 6.5, 1070.923]
[[8872362723, 598723899, 9667779875, 598723867, 598723849, 598723680, 598723714], [8872362723, 8872340100, 6056823481, 8872362722, 598723845, 598723849], 10.1, 1198.73]
[[8872362724, 598723880, 9667779822, 598723868, 598723867, 598723849], [8872362724, 8872340098, 8872340101, 8872362723, 598723899, 9667779875, 598723867], 10.9, 971.455]
[[8872362726, 598723912, 598723874, 598723872, 9667779731, 598723868], [8872362726, 9667779793, 8872340097, 8872362725, 598723932, 9667779897, 598723872], 19.6, 868.792]
[[8986992832, 8986992833, 7510707141, 7510707218, 7510707216], [8986992832, 7510707142, 7510707141], 179.1, 891.8090000000001]
[[9555650101, 9555650100, 9555650099, 9555650112, 9555650111, 9555650134, 2885153125, 2885151931], [9555650101, 2887196826, 2887196893, 2887197530, 2887197519, 2887197511, 2885153125], 359.1, 782.426]
[[9557077354, 2887197504, 2887196828, 2887197525, 2887196826, 2887196893, 2887197530, 2887197519, 2887197511, 2885153125, 2885151931, 2885153118, 2887196861, 2885152000], [9557077354, 9557077355, 2887197548, 2887196870, 4127126160, 2887197533, 2887196885, 2887197544, 2885151931], 359.6, 1338.463]
[[9642557278, 9642557267, 9642557266, 9642557272, 9642557265, 9642557276, 9642557264, 9642557263, 8185629262, 9608302579, 2269570082, 2399038447, 9608302578], [9642557278, 8185629266, 8185629264, 8185629253, 2269569885, 9577362741, 8185629262], 209.3, 976.549]
[[9731823962, 598723546, 8482608236, 8146989275, 598723865], [9731823962, 9731823964, 8482608232, 8482608229, 8482608256, 8482608241, 8482608254, 8482608234, 8482608236], 161.5, 782.606]
[[9903471999, 9903472002, 9903472005, 9903472003, 2528818944, 6562282563, 6562282565, 6562282567, 6562282569, 2528818921, 2528818858], [9903471999, 6824083306, 2528818956, 2528818944], 72.5, 837.1300000000001]
[[9907679235, 9907679236, 8986992832, 8986992833], [9907679235, 9907679261, 7510707219, 7510707142, 8986992832], 89.6, 1006.8220000000001]
