[[8349556550,8349556564],[6647339726,8349556550],[8349556565,6647339726],[6647339725,6647339730,6647339729,8349556565],[8349556549,6647339725],[8349556564,8349556549],[8349556565,8349556564]]
[[4807503681,6407911330],[6407911327,4807503681],[1944028276,6407911327],[6407911328,4807503675,1944028276],[4807503682,6407911328],[6407911330,6407911329,4807503682],[1944028276,6407911330]]
[[6407911326,6407911325],[4807503675,6407911326],[1944028276,4807503675],[6407911327,1944028276],[4807503680,6407911327],[6407911325,4807503680],[1944028276,6407911325]]
[[4807503683,6407911326,6407911325],[6407911328,4807503683],[1944028276,4807503675,6407911328],[6407911327,1944028276],[4807503680,6407911327],[6407911325,4807503680],[1944028276,6407911325]]
[[4807503682,6407911328],[6407911330,6407911329,4807503682],[1944028276,6407911330],[6407911325,1944028276],[4807503683,6407911326,6407911325],[6407911328,4807503683],[1944028276,4807503675,6407911328]]
[[4807503680,6407911327],[6407911325,4807503680],[1944028276,6407911325],[6407911330,1944028276],[4807503681,6407911330],[6407911327,4807503681],[1944028276,6407911327]]
[[8349563401,278376591],[8349563403,8349563401],[2402273648,8349563399,8349563403],[8349563404,2402273648],[8349563402,8349563404],[278376591,8349563397,8349563402],[2402273648,8349563398,278376591]]
[[2427771687,2427771689],[2427771686,2427771687],[2427771688,2427771686],[2427766727,8349556590,2427771688],[2427771684,2427766727],[2427771689,8349556591,2427771684],[2427771688,2427771689]]
[[2427766727,8349556590,2427771688],[2427771684,2427766727],[2427771689,8349556591,2427771684],[2427771687,2427771689],[2427771686,2427771687],[2427771688,2427771686],[2427771689,2427771688]]
[[1236299500,1236299488,1236299517],[1236299391,2958642240,1236299500],[1236299328,1236299551,1236299391],[1236299346,2958627173,1236299567,1236299328],[1236299575,1236299346],[1236299517,1236299556,2958627113,1236299575],[1236299328,1236299517]]
[[1236299338,1236299500,1236299488,1236299517],[1236299510,1236299338],[1236299328,1236299551,1236299391,1236299510],[1236299346,2958627173,1236299567,1236299328],[1236299575,1236299346],[1236299517,1236299556,2958627113,1236299575],[1236299328,1236299517]]
[[1236299500,1236299488,1236299517],[1236299391,2958642240,1236299500],[1236299328,1236299551,1236299391],[1236299386,1236299514,1236299346,2958627173,1236299567,1236299328],[1236299482,1236299386],[1236299517,1236299556,2958627113,1236299575,1236299482],[1236299328,1236299517]]
[[1236299338,1236299500,1236299488,1236299517],[1236299510,1236299338],[1236299328,1236299551,1236299391,1236299510],[1236299386,1236299514,1236299346,2958627173,1236299567,1236299328],[1236299482,1236299386],[1236299517,1236299556,2958627113,1236299575,1236299482],[1236299328,1236299517]]
[[8349563518,8349563527],[8349563525,8349563518],[5177210327,8349563525],[5177210328,5177210327],[8349563526,5177210328],[8349563527,8349563526],[5177210327,8349563527]]
[[5177210329,5177209896],[5177210328,5177210329],[5177210327,5177210328],[8349563525,5177210327],[8349563523,8349563525],[5177209896,8349563523],[5177210327,5177209896]]
[[8349563526,5177210328],[8349563527,8349563526],[5177210327,8349563527],[5177209896,5177210327],[5177210329,5177209896],[5177210328,5177210329],[5177210327,5177210328]]
[[8349563523,8349563525],[5177209896,8349563523],[5177210327,5177209896],[8349563527,5177210327],[8349563518,8349563527],[8349563525,8349563518],[5177210327,8349563525]]
[[5177209896,5177210327],[5177210329,5177209896],[5177210328,5177210329],[8349563526,5177210328],[8349563527,8349563526],[5177210327,8349563527],[5177210328,5177210327]]
[[2958627117,2958627126],[1236299408,1236299340,1236299450,2958627117],[1236299368,1236299408],[1236299488,1236299368],[2958627113,1236299556,1236299517,1236299488],[2958627126,2958627113],[1236299368,1236299291,8461535661,1236299390,2958627126]]
[[1236299450,1236299390],[1236299408,1236299340,1236299450],[1236299368,1236299408],[1236299488,1236299368],[1236299556,1236299517,1236299488],[1236299390,5184276703,1236299556],[1236299368,1236299291,8461535661,1236299390]]
[[1236299488,1236299368],[1236299556,1236299517,1236299488],[1236299390,5184276703,1236299556],[1236299450,1236299390],[1236299408,1236299340,1236299450],[1236299368,1236299408],[1236299390,8461535661,1236299291,1236299368]]
[[6300557402,6300557403],[1768207273,6300557402],[1768207274,1768207273],[6300557400,1768207274],[5776735485,6300557400],[6300557403,5776735485],[1768207274,6300557403]]
[[8526860985,8526861024,6240866858,8526861044,9909317168,8526861025],[8526861013,8526861005,8524757305,5345110827,8526861032,8526861056,8526860986,8526861083,8526860985],[8526861028,8526861002,5345110833,8526861003,8526861013],[8526861038,8526861029,8526861028],[8526861036,8526861037,5179129483,8526861038],[8526861025,8526861036],[8526861028,8526861031,8526860890,8526861034,8526860984,8526861027,8526861025]]
[[9204755938,8526860985,8526861024,6240866858,8526861044,9909317168,8526861025],[8526861011,8526861007,2366083174,8526860988,8526860987,9204755937,9204755938],[8526861028,8526861002,5345110833,8526861003,8526861013,8526861011],[8526861038,8526861029,8526861028],[8526861036,8526861037,5179129483,8526861038],[8526861025,8526861036],[8526861028,8526861031,8526860890,8526861034,8526860984,8526861027,8526861025]]
[[8526861083,8526861023,8526861021,8526861061,8526861027],[8526861013,8526861005,8524757305,5345110827,8526861032,8526861056,8526860986,8526861083],[8526861028,8526861002,5345110833,8526861003,8526861013],[8526861038,8526861029,8526861028],[8526861037,5179129483,8526861038],[8526861027,8526861037],[8526861028,8526861031,8526860890,8526861034,8526860984,8526861027]]
[[9204755937,8526861083,8526861023,8526861021,8526861061,8526861027],[8526861011,8526861007,2366083174,8526860988,8526860987,9204755937],[8526861028,8526861002,5345110833,8526861003,8526861013,8526861011],[8526861038,8526861029,8526861028],[8526861037,5179129483,8526861038],[8526861027,8526861037],[8526861028,8526861031,8526860890,8526861034,8526860984,8526861027]]
[[8526860985,8526861024,6240866858,8526861044,9909317168,8526861025],[8526861014,8526861013,8526861005,8524757305,5345110827,8526861032,8526861056,8526860986,8526861083,8526860985],[8526861026,8526860998,5345110822,8526861004,8526861014],[8526860891,9908986643,6240866830,8526861030,8526861026],[8526861036,8526861037,5179129483,8526861038,8526860891],[8526861025,8526861036],[8526861026,8526861028,8526861031,8526860890,8526861034,8526860984,8526861027,8526861025]]
[[9204755938,8526860985,8526861024,6240866858,8526861044,9909317168,8526861025],[8526861012,8526861011,8526861007,2366083174,8526860988,8526860987,9204755937,9204755938],[8526861026,8526860998,5345110822,8526861004,8526861014,8526861012],[8526860891,9908986643,6240866830,8526861030,8526861026],[8526861036,8526861037,5179129483,8526861038,8526860891],[8526861025,8526861036],[8526861026,8526861028,8526861031,8526860890,8526861034,8526860984,8526861027,8526861025]]
[[8526861083,8526861023,8526861021,8526861061,8526861027],[8526861014,8526861013,8526861005,8524757305,5345110827,8526861032,8526861056,8526860986,8526861083],[8526861026,8526860998,5345110822,8526861004,8526861014],[8526860891,9908986643,6240866830,8526861030,8526861026],[8526861037,5179129483,8526861038,8526860891],[8526861027,8526861037],[8526861026,8526861028,8526861031,8526860890,8526861034,8526860984,8526861027]]
[[9204755937,8526861083,8526861023,8526861021,8526861061,8526861027],[8526861012,8526861011,8526861007,2366083174,8526860988,8526860987,9204755937],[8526861026,8526860998,5345110822,8526861004,8526861014,8526861012],[8526860891,9908986643,6240866830,8526861030,8526861026],[8526861037,5179129483,8526861038,8526860891],[8526861027,8526861037],[8526861026,8526861028,8526861031,8526860890,8526861034,8526860984,8526861027]]
[[8349563640,8349563639],[5815685483,8349563640],[4811663096,5815685483],[8349563647,4811663096],[8349563600,8349563647],[8349563639,8349563600],[4811663096,8349563639]]
[[9629025405,2184499051],[9629025397,9629025405],[9629025403,9629025397],[9629025404,9629025403],[2184499060,9629025404],[2184499051,2184499060],[9629025403,2184499051]]
[[9263331632,9263331631,9263331626],[9144224472,9263331632],[9263331625,9144224472],[9144224471,9263331625],[9263331633,9144224471],[9263331626,9263331633],[9263331625,9263331626]]
[[9657680495,9657680499,9657680475,9657680501,9657680457],[1673429674,1673429677,9657680496,9657680494,9657680495],[2958627107,2184512072,5460780786,1673429674],[9657680465,9657680437,2958627143,2184512073,4898987120,2958627107],[9657680508,9657680506,9657680440,9657680425,2958627202,9657680429,9657680436,9657680465],[9657680457,9657680474,9657680503,9657680508],[2958627107,9657680502,9657680457]]
[[9657680495,9657680499,9657680475,9657680501,9657680457],[1673429674,1673429677,9657680496,9657680494,9657680495],[2958627107,2184512072,5460780786,1673429674],[1673424649,9657680465,9657680437,2958627143,2184512073,4898987120,2958627107],[9657680507,9657680505,9657680439,9657680423,9657680428,9657680435,1673424649],[9657680457,9657680474,9657680503,9657680508,9657680507],[2958627107,9657680502,9657680457]]
[[9657680494,9657680500,9657680449,1673427808,9657680502],[1673429674,1673429677,9657680496,9657680494],[2958627107,2184512072,5460780786,1673429674],[9657680465,9657680437,2958627143,2184512073,4898987120,2958627107],[9657680506,9657680440,9657680425,2958627202,9657680429,9657680436,9657680465],[9657680502,9657680444,9657680504,9657680506],[2958627107,9657680502]]
[[9657680494,9657680500,9657680449,1673427808,9657680502],[1673429674,1673429677,9657680496,9657680494],[2958627107,2184512072,5460780786,1673429674],[1673424649,9657680465,9657680437,2958627143,2184512073,4898987120,2958627107],[9657680505,9657680439,9657680423,9657680428,9657680435,1673424649],[9657680502,9657680444,9657680504,9657680506,9657680505],[2958627107,9657680502]]
[[8349563647,4811663096],[8349563600,8349563647],[8349563639,8349563600],[8349563640,8349563639],[5815685483,8349563640],[4811663096,5815685483],[8349563639,4811663096]]
[[8349563470,8349563469],[8349563474,8349563470],[2297481839,8349563474],[8349563473,2297481839],[8349563467,8349563473],[8349563469,8349563467],[2297481839,8349563469]]
[[8349563463,8349563472],[8349563473,8349563471,8349563463],[2297481839,8349563473],[8349563474,2297481839],[8349563464,8349563474],[8349563472,8349563464],[2297481839,8349563472]]
[[8349563464,8349563474],[8349563472,8349563464],[2297481839,8349563472],[8349563469,2297481839],[8349563470,8349563469],[8349563474,8349563470],[2297481839,8349563474]]
[[8349563467,8349563473],[8349563469,8349563467],[2297481839,8349563469],[8349563472,2297481839],[8349563463,8349563472],[8349563473,8349563471,8349563463],[2297481839,8349563473]]
[[8349563467,8349563469],[4810239923,8349563467],[8349563475,4810239923],[8349563665,8349563475],[8349563470,8349563665],[8349563469,8349563470],[8349563475,8349563469]]
[[2408476485,2408476440,2408476464],[2408476405,2408476503,2408476485],[2408476469,2408476405],[2408476401,2408476569,2408476475,2408476469],[2408476403,2408476401],[2408476464,2408476575,2408476403],[2408476469,2408476535,2408476464]]
[[2408476485,2408476440,2408476464],[2408476405,2408476503,2408476485],[2408476469,2408476405],[2408476569,2408476475,2408476469],[2408476575,2408476554,2408476569],[2408476464,2408476575],[2408476469,2408476535,2408476464]]
[[5629987694,6699848994],[5629987693,5629987694],[6699848995,5629987693],[5629987692,6699848995],[5629987691,5629987692],[6699848994,5629987691],[6699848995,2366078538,6699848994]]
[[5629987692,6699848995],[5629987691,5629987692],[6699848994,5629987691],[5629987694,6699848994],[5629987693,5629987694],[6699848995,5629987693],[6699848994,2366078538,6699848995]]
[[6522251096,6522251088],[6522251095,6647339769,8349556522,6522251096],[6522251089,6522251095],[6522251090,6522251089],[6522251091,6522251090],[6522251088,6522251091],[6522251089,8349556523,8349556524,8349556525,6522251088]]
[[6522251090,6522251089],[6522251091,6522251090],[6522251088,6522251091],[6522251096,6522251088],[6522251095,6647339769,8349556522,6522251096],[6522251089,6522251095],[6522251088,8349556525,8349556524,8349556523,6522251089]]
[[2184499062,2184499054],[9629031510,2184499062],[9629031509,9629031510],[9629031503,9629031591,9629031509],[9629031507,9629031503],[2184499054,9629031507],[9629031509,2184499054]]
[[9629031507,2184499054],[9629031502,9629031507],[9629031505,9629031502],[9629031506,9629031505],[2184499062,9629031506],[2184499054,2184499062],[9629031505,2184499054]]
