[4, 102]
[4, 105]
[4, 106]
[5, 28]
[7, 80]
[8, 15]
[8, 30]
[8, 44]
[8, 45]
[8, 46]
[8, 47]
[8, 48]
[8, 80]
[8, 81]
[9, 15]
[9, 30]
[9, 44]
[9, 45]
[9, 46]
[9, 47]
[9, 48]
[9, 80]
[9, 81]
[10, 15]
[10, 30]
[10, 44]
[10, 45]
[10, 46]
[10, 47]
[10, 48]
[10, 80]
[10, 81]
[11, 102]
[11, 105]
[11, 106]
[12, 102]
[12, 105]
[12, 106]
[13, 102]
[13, 105]
[13, 106]
[14, 102]
[14, 105]
[14, 106]
[15, 102]
[15, 105]
[15, 106]
[16, 17]
[16, 18]
[16, 19]
[16, 20]
[17, 17]
[17, 18]
[17, 19]
[17, 20]
[18, 17]
[18, 18]
[18, 19]
[18, 20]
[19, 17]
[19, 18]
[19, 19]
[19, 20]
[20, 17]
[20, 18]
[20, 19]
[20, 20]
[21, 17]
[21, 18]
[21, 19]
[21, 20]
[22, 17]
[22, 18]
[22, 19]
[22, 20]
[23, 17]
[23, 18]
[23, 19]
[23, 20]
[24, 9]
[24, 10]
[24, 34]
[25, 12]
[25, 49]
[26, 9]
[26, 10]
[26, 34]
[27, 9]
[27, 10]
[27, 34]
[27, 80]
[28, 9]
[28, 10]
[28, 15]
[28, 30]
[28, 34]
[28, 44]
[28, 45]
[28, 46]
[28, 47]
[28, 48]
[28, 80]
[28, 81]
[29, 9]
[29, 10]
[29, 15]
[29, 30]
[29, 34]
[29, 44]
[29, 45]
[29, 46]
[29, 47]
[29, 48]
[29, 80]
[29, 81]
[30, 9]
[30, 10]
[30, 15]
[30, 30]
[30, 34]
[30, 44]
[30, 45]
[30, 46]
[30, 47]
[30, 48]
[30, 80]
[30, 81]
[31, 28]
[31, 59]
[32, 9]
[32, 10]
[32, 34]
[33, 9]
[33, 10]
[33, 34]
[34, 9]
[34, 10]
[34, 15]
[34, 30]
[34, 34]
[34, 44]
[34, 45]
[34, 46]
[34, 47]
[34, 48]
[34, 80]
[34, 81]
[35, 9]
[35, 10]
[35, 15]
[35, 30]
[35, 34]
[35, 44]
[35, 45]
[35, 46]
[35, 47]
[35, 48]
[35, 80]
[35, 81]
[36, 9]
[36, 10]
[36, 15]
[36, 30]
[36, 34]
[36, 44]
[36, 45]
[36, 46]
[36, 47]
[36, 48]
[36, 80]
[36, 81]
[37, 9]
[37, 10]
[37, 34]
[38, 9]
[38, 10]
[38, 34]
[39, 9]
[39, 10]
[39, 15]
[39, 30]
[39, 34]
[39, 44]
[39, 45]
[39, 46]
[39, 47]
[39, 48]
[39, 80]
[39, 81]
[40, 9]
[40, 10]
[40, 15]
[40, 30]
[40, 34]
[40, 44]
[40, 45]
[40, 46]
[40, 47]
[40, 48]
[40, 80]
[40, 81]
[41, 9]
[41, 10]
[41, 15]
[41, 30]
[41, 34]
[41, 44]
[41, 45]
[41, 46]
[41, 47]
[41, 48]
[41, 80]
[41, 81]
[42, 28]
[42, 59]
[43, 28]
[43, 59]
[44, 28]
[44, 59]
[45, 28]
[45, 59]
[46, 28]
[46, 59]
[47, 28]
[47, 59]
[48, 28]
[49, 28]
[51, 28]
[51, 59]
[52, 54]
[53, 54]
[54, 54]
[54, 80]
[55, 15]
[55, 30]
[55, 45]
[55, 46]
[55, 47]
[55, 48]
[55, 54]
[55, 80]
[56, 15]
[56, 30]
[56, 44]
[56, 45]
[56, 46]
[56, 47]
[56, 48]
[56, 80]
[56, 81]
[57, 15]
[57, 30]
[57, 44]
[57, 45]
[57, 46]
[57, 47]
[57, 48]
[57, 80]
[57, 81]
[58, 15]
[58, 30]
[58, 44]
[58, 45]
[58, 46]
[58, 47]
[58, 48]
[58, 80]
[58, 81]
[59, 15]
[59, 30]
[59, 44]
[59, 45]
[59, 46]
[59, 47]
[59, 48]
[59, 80]
[59, 81]
[60, 15]
[60, 30]
[60, 44]
[60, 45]
[60, 46]
[60, 47]
[60, 48]
[60, 80]
[60, 81]
[61, 15]
[61, 30]
[61, 44]
[61, 45]
[61, 46]
[61, 47]
[61, 48]
[61, 80]
[61, 81]
[62, 15]
[62, 30]
[62, 44]
[62, 45]
[62, 46]
[62, 47]
[62, 48]
[62, 80]
[62, 81]
[63, 15]
[63, 30]
[63, 44]
[63, 45]
[63, 46]
[63, 47]
[63, 48]
[63, 81]
[64, 15]
[64, 30]
[64, 44]
[64, 45]
[64, 46]
[64, 47]
[64, 48]
[64, 80]
[64, 81]
[65, 15]
[65, 30]
[65, 44]
[65, 45]
[65, 46]
[65, 47]
[65, 48]
[65, 80]
[65, 81]
[66, 15]
[66, 30]
[66, 44]
[66, 45]
[66, 46]
[66, 47]
[66, 48]
[66, 80]
[66, 81]
[67, 15]
[67, 30]
[67, 44]
[67, 45]
[67, 46]
[67, 47]
[67, 48]
[67, 80]
[67, 81]
[68, 15]
[68, 30]
[68, 44]
[68, 45]
[68, 46]
[68, 47]
[68, 48]
[68, 81]
[69, 15]
[69, 30]
[69, 44]
[69, 45]
[69, 46]
[69, 47]
[69, 48]
[69, 80]
[69, 81]
[70, 15]
[70, 30]
[70, 44]
[70, 45]
[70, 46]
[70, 47]
[70, 48]
[70, 80]
[70, 81]
[71, 15]
[71, 30]
[71, 44]
[71, 45]
[71, 46]
[71, 47]
[71, 48]
[71, 80]
[71, 81]
[72, 15]
[72, 30]
[72, 44]
[72, 45]
[72, 46]
[72, 47]
[72, 48]
[72, 80]
[72, 81]
[73, 15]
[73, 30]
[73, 44]
[73, 45]
[73, 46]
[73, 47]
[73, 48]
[73, 81]
[74, 15]
[74, 30]
[74, 44]
[74, 45]
[74, 46]
[74, 47]
[74, 48]
[74, 80]
[74, 81]
[75, 15]
[75, 30]
[75, 44]
[75, 45]
[75, 46]
[75, 47]
[75, 48]
[75, 80]
[75, 81]
[76, 15]
[76, 30]
[76, 44]
[76, 45]
[76, 46]
[76, 47]
[76, 48]
[76, 80]
[76, 81]
[77, 15]
[77, 30]
[77, 44]
[77, 45]
[77, 46]
[77, 47]
[77, 48]
[77, 81]
[78, 15]
[78, 30]
[78, 44]
[78, 45]
[78, 46]
[78, 47]
[78, 48]
[78, 80]
[78, 81]
[79, 54]
[80, 15]
[80, 30]
[80, 44]
[80, 45]
[80, 46]
[80, 47]
[80, 48]
[80, 54]
[80, 80]
[80, 81]
[81, 15]
[81, 30]
[81, 44]
[81, 45]
[81, 46]
[81, 47]
[81, 48]
[81, 54]
[81, 80]
[81, 81]
[82, 15]
[82, 30]
[82, 44]
[82, 45]
[82, 46]
[82, 47]
[82, 48]
[82, 54]
[82, 80]
[82, 81]
[83, 15]
[83, 30]
[83, 44]
[83, 45]
[83, 46]
[83, 47]
[83, 48]
[83, 54]
[83, 80]
[83, 81]
[84, 15]
[84, 30]
[84, 44]
[84, 45]
[84, 46]
[84, 47]
[84, 48]
[84, 54]
[84, 80]
[84, 81]
[85, 15]
[85, 30]
[85, 44]
[85, 45]
[85, 46]
[85, 47]
[85, 48]
[85, 80]
[85, 81]
[86, 15]
[86, 30]
[86, 44]
[86, 45]
[86, 46]
[86, 47]
[86, 48]
[86, 80]
[86, 81]
[87, 15]
[87, 30]
[87, 44]
[87, 45]
[87, 46]
[87, 47]
[87, 48]
[87, 80]
[87, 81]
[88, 15]
[88, 30]
[88, 44]
[88, 45]
[88, 46]
[88, 47]
[88, 48]
[88, 80]
[88, 81]
[89, 15]
[89, 30]
[89, 44]
[89, 45]
[89, 46]
[89, 47]
[89, 48]
[89, 80]
[89, 81]
[90, 15]
[90, 30]
[90, 44]
[90, 45]
[90, 46]
[90, 47]
[90, 48]
[90, 80]
[90, 81]
[95, 9]
[95, 10]
[95, 34]
[96, 9]
[96, 10]
[96, 30]
[96, 34]
[96, 45]
[96, 46]
[96, 47]
[96, 48]
[96, 80]
[97, 9]
[97, 10]
[97, 15]
[97, 30]
[97, 34]
[97, 44]
[97, 45]
[97, 46]
[97, 47]
[97, 48]
[97, 80]
[97, 81]
[98, 9]
[98, 10]
[98, 15]
[98, 30]
[98, 34]
[98, 44]
[98, 45]
[98, 46]
[98, 47]
[98, 48]
[98, 80]
[98, 81]
[99, 28]
[99, 59]
[100, 7]
[100, 11]
[100, 12]
[100, 27]
[100, 29]
[100, 43]
[100, 49]
[101, 9]
[101, 10]
[101, 34]
[102, 9]
[102, 10]
[102, 34]
[102, 45]
[102, 46]
[102, 48]
[102, 80]
[103, 9]
[103, 10]
[103, 15]
[103, 30]
[103, 34]
[103, 44]
[103, 45]
[103, 46]
[103, 47]
[103, 48]
[103, 80]
[103, 81]
[104, 9]
[104, 10]
[104, 15]
[104, 30]
[104, 34]
[104, 44]
[104, 45]
[104, 46]
[104, 47]
[104, 48]
[104, 80]
[104, 81]
[105, 9]
[105, 10]
[105, 15]
[105, 30]
[105, 34]
[105, 44]
[105, 45]
[105, 46]
[105, 47]
[105, 48]
[105, 80]
[105, 81]
[106, 9]
[106, 10]
[106, 15]
[106, 30]
[106, 34]
[106, 44]
[106, 45]
[106, 46]
[106, 47]
[106, 48]
[106, 80]
[106, 81]
[107, 9]
[107, 10]
[107, 15]
[107, 30]
[107, 34]
[107, 44]
[107, 45]
[107, 46]
[107, 47]
[107, 48]
[107, 80]
[107, 81]
[108, 9]
[108, 10]
[108, 15]
[108, 30]
[108, 34]
[108, 44]
[108, 45]
[108, 46]
[108, 47]
[108, 48]
[108, 80]
[108, 81]
[109, 9]
[110, 9]
[110, 45]
[110, 46]
[110, 47]
[110, 48]
[110, 80]
[111, 9]
[112, 9]
[112, 45]
[112, 46]
[112, 47]
[112, 48]
[112, 80]
[113, 9]
[114, 9]
[114, 45]
[114, 46]
[114, 47]
[114, 48]
[114, 80]
[115, 9]
[115, 45]
[115, 46]
[115, 47]
[115, 48]
[115, 80]
[116, 9]
[116, 15]
[116, 30]
[116, 44]
[116, 45]
[116, 46]
[116, 47]
[116, 48]
[116, 80]
[116, 81]
[117, 9]
[117, 15]
[117, 30]
[117, 44]
[117, 45]
[117, 46]
[117, 47]
[117, 48]
[117, 80]
[117, 81]
[118, 9]
[118, 15]
[118, 30]
[118, 44]
[118, 45]
[118, 46]
[118, 47]
[118, 48]
[118, 80]
[118, 81]
[119, 9]
[119, 15]
[119, 30]
[119, 44]
[119, 45]
[119, 46]
[119, 47]
[119, 48]
[119, 80]
[119, 81]
[120, 15]
[120, 30]
[120, 44]
[120, 45]
[120, 46]
[120, 47]
[120, 48]
[120, 80]
[120, 81]
[121, 9]
[121, 15]
[121, 30]
[121, 44]
[121, 45]
[121, 46]
[121, 47]
[121, 48]
[121, 80]
[121, 81]
[122, 15]
[122, 30]
[122, 44]
[122, 45]
[122, 46]
[122, 47]
[122, 48]
[122, 80]
[122, 81]
[123, 54]
[124, 30]
[124, 45]
[124, 46]
[124, 47]
[124, 48]
[124, 80]
[125, 15]
[125, 30]
[125, 44]
[125, 45]
[125, 46]
[125, 47]
[125, 48]
[125, 80]
[125, 81]
[126, 15]
[126, 30]
[126, 44]
[126, 45]
[126, 46]
[126, 47]
[126, 48]
[126, 80]
[126, 81]
[127, 15]
[127, 30]
[127, 44]
[127, 45]
[127, 46]
[127, 47]
[127, 48]
[127, 80]
[127, 81]
[128, 15]
[128, 30]
[128, 44]
[128, 45]
[128, 46]
[128, 47]
[128, 48]
[128, 80]
[128, 81]
[129, 15]
[129, 30]
[129, 44]
[129, 45]
[129, 46]
[129, 47]
[129, 48]
[129, 80]
[129, 81]
[130, 15]
[130, 30]
[130, 44]
[130, 45]
[130, 46]
[130, 47]
[130, 48]
[130, 80]
[130, 81]
[131, 15]
[131, 30]
[131, 44]
[131, 45]
[131, 46]
[131, 47]
[131, 48]
[131, 80]
[131, 81]
[132, 15]
[132, 30]
[132, 44]
[132, 45]
[132, 46]
[132, 47]
[132, 48]
[132, 80]
[132, 81]
[133, 15]
[133, 30]
[133, 44]
[133, 45]
[133, 46]
[133, 47]
[133, 48]
[133, 80]
[133, 81]
[134, 15]
[134, 30]
[134, 44]
[134, 45]
[134, 46]
[134, 47]
[134, 48]
[134, 80]
[134, 81]
[135, 15]
[135, 30]
[135, 44]
[135, 45]
[135, 46]
[135, 47]
[135, 48]
[135, 80]
[135, 81]
[136, 15]
[136, 30]
[136, 44]
[136, 45]
[136, 46]
[136, 47]
[136, 48]
[136, 80]
[136, 81]
[137, 15]
[137, 30]
[137, 44]
[137, 45]
[137, 46]
[137, 47]
[137, 48]
[137, 80]
[137, 81]
[138, 15]
[138, 30]
[138, 44]
[138, 45]
[138, 46]
[138, 47]
[138, 48]
[138, 80]
[138, 81]
[139, 15]
[139, 30]
[139, 44]
[139, 45]
[139, 46]
[139, 47]
[139, 48]
[139, 80]
[139, 81]
[140, 15]
[140, 30]
[140, 44]
[140, 45]
[140, 46]
[140, 47]
[140, 48]
[140, 80]
[140, 81]
[141, 4]
[141, 67]
[142, 4]
[142, 67]
[143, 71]
[143, 82]
[143, 83]
[143, 84]
[143, 88]
[143, 89]
[143, 103]
[144, 71]
[144, 82]
[144, 83]
[144, 84]
[144, 88]
[144, 89]
[144, 103]
[145, 65]
[146, 20]
[151, 3]
[151, 73]
[151, 84]
[151, 88]
[151, 89]
[151, 91]
[151, 101]
[151, 104]
[153, 3]
[153, 73]
[153, 84]
[153, 88]
[153, 89]
[153, 91]
[153, 101]
[153, 104]
[160, 30]
[160, 45]
[160, 46]
[160, 47]
[160, 48]
[160, 54]
[160, 80]
[161, 15]
[161, 30]
[161, 44]
[161, 45]
[161, 46]
[161, 47]
[161, 48]
[161, 54]
[161, 80]
[161, 81]
[162, 15]
[162, 30]
[162, 44]
[162, 45]
[162, 46]
[162, 47]
[162, 48]
[162, 54]
[162, 80]
[162, 81]
[163, 3]
[163, 73]
[163, 84]
[163, 88]
[163, 89]
[163, 91]
[163, 101]
[163, 104]
[164, 71]
[164, 82]
[164, 83]
[164, 84]
[164, 88]
[164, 89]
[164, 103]
[169, 3]
[169, 73]
[169, 84]
[169, 88]
[169, 89]
[169, 91]
[169, 101]
[169, 104]
[170, 3]
[170, 73]
[170, 84]
[170, 88]
[170, 89]
[170, 91]
[170, 101]
[170, 104]
[172, 28]
[172, 59]
[173, 9]
[173, 10]
[173, 34]
[174, 9]
[174, 10]
[174, 34]
[174, 80]
[175, 9]
[175, 10]
[175, 15]
[175, 30]
[175, 34]
[175, 44]
[175, 45]
[175, 46]
[175, 47]
[175, 48]
[175, 80]
[175, 81]
[176, 9]
[176, 10]
[176, 15]
[176, 30]
[176, 34]
[176, 44]
[176, 45]
[176, 46]
[176, 47]
[176, 48]
[176, 80]
[176, 81]
[177, 9]
[177, 10]
[177, 15]
[177, 30]
[177, 34]
[177, 44]
[177, 45]
[177, 46]
[177, 47]
[177, 48]
[177, 80]
[177, 81]
[180, 28]
[180, 59]
[182, 1]
[183, 9]
[183, 10]
[183, 34]
[183, 45]
[183, 54]
[183, 80]
[184, 1]
[184, 31]
[185, 1]
[186, 1]
[187, 1]
[188, 1]
[189, 1]
[190, 9]
[190, 10]
[190, 34]
[190, 45]
[190, 46]
[190, 48]
[190, 54]
[190, 80]
[191, 9]
[191, 10]
[191, 34]
[191, 45]
[191, 54]
[191, 80]
[192, 9]
[192, 10]
[192, 34]
[192, 54]
[192, 80]
[193, 9]
[193, 10]
[193, 34]
[193, 45]
[193, 46]
[193, 48]
[193, 54]
[193, 80]
[194, 7]
[194, 11]
[194, 12]
[194, 27]
[194, 29]
[194, 43]
[194, 49]
[195, 7]
[195, 11]
[195, 12]
[195, 27]
[195, 29]
[195, 43]
[195, 49]
[196, 28]
[196, 59]
[197, 28]
[197, 59]
[198, 28]
[198, 59]
[199, 28]
[199, 59]
[200, 28]
[200, 59]
[201, 28]
[201, 59]
[202, 28]
[202, 59]
[203, 28]
[203, 59]
[204, 28]
[205, 28]
[210, 28]
[210, 59]
[211, 28]
[211, 59]
[212, 28]
[212, 59]
[213, 28]
[213, 59]
[214, 28]
[214, 59]
[215, 28]
[215, 59]
[216, 28]
[216, 59]
[217, 28]
[217, 59]
[218, 28]
[218, 59]
[219, 28]
[219, 59]
[220, 28]
[220, 59]
[221, 28]
[221, 59]
[222, 28]
[222, 59]
[223, 28]
[223, 59]
[226, 28]
[226, 59]
[227, 28]
[227, 59]
[228, 28]
[228, 59]
[229, 28]
[229, 59]
[230, 28]
[230, 59]
[231, 28]
[231, 59]
[232, 28]
[232, 59]
[233, 28]
[233, 59]
[234, 28]
[234, 59]
[235, 28]
[236, 28]
[242, 59]
[242, 93]
[243, 28]
[243, 59]
[244, 28]
[244, 59]
[246, 28]
[246, 59]
[247, 28]
[247, 59]
[248, 28]
[248, 59]
[249, 28]
[249, 59]
[250, 9]
[250, 10]
[250, 34]
[251, 9]
[251, 10]
[251, 34]
[251, 45]
[251, 80]
[252, 9]
[252, 10]
[252, 15]
[252, 30]
[252, 34]
[252, 44]
[252, 45]
[252, 46]
[252, 47]
[252, 48]
[252, 80]
[252, 81]
[253, 9]
[253, 10]
[253, 34]
[254, 9]
[254, 10]
[254, 34]
[254, 45]
[254, 46]
[254, 48]
[254, 80]
[255, 9]
[255, 10]
[255, 15]
[255, 30]
[255, 34]
[255, 44]
[255, 45]
[255, 46]
[255, 47]
[255, 48]
[255, 80]
[255, 81]
[256, 9]
[256, 10]
[256, 15]
[256, 30]
[256, 34]
[256, 44]
[256, 45]
[256, 46]
[256, 47]
[256, 48]
[256, 80]
[256, 81]
[257, 9]
[257, 10]
[257, 15]
[257, 30]
[257, 34]
[257, 44]
[257, 45]
[257, 46]
[257, 47]
[257, 48]
[257, 80]
[257, 81]
[258, 9]
[258, 10]
[258, 34]
[259, 9]
[259, 10]
[259, 34]
[259, 80]
[260, 9]
[260, 10]
[260, 15]
[260, 30]
[260, 34]
[260, 44]
[260, 45]
[260, 46]
[260, 47]
[260, 48]
[260, 80]
[260, 81]
[261, 9]
[261, 10]
[261, 15]
[261, 30]
[261, 34]
[261, 44]
[261, 45]
[261, 46]
[261, 47]
[261, 48]
[261, 80]
[261, 81]
[262, 9]
[262, 10]
[262, 15]
[262, 30]
[262, 34]
[262, 44]
[262, 45]
[262, 46]
[262, 47]
[262, 48]
[262, 80]
[262, 81]
[263, 1]
[264, 28]
[264, 59]
[265, 7]
[265, 11]
[265, 12]
[265, 27]
[265, 29]
[265, 43]
[265, 49]
[268, 9]
[268, 10]
[268, 34]
[269, 9]
[269, 10]
[269, 34]
[270, 9]
[270, 10]
[270, 34]
[271, 93]
[272, 93]
[273, 73]
[273, 84]
[273, 88]
[273, 89]
[274, 71]
[274, 82]
[274, 83]
[274, 84]
[274, 88]
[274, 89]
[274, 103]
[275, 73]
[275, 84]
[275, 88]
[275, 89]
[276, 71]
[276, 82]
[276, 83]
[276, 84]
[276, 88]
[276, 89]
[276, 103]
[277, 82]
[277, 83]
[277, 84]
[277, 88]
[277, 89]
[277, 103]
[278, 3]
[278, 73]
[278, 84]
[278, 88]
[278, 89]
[278, 91]
[278, 101]
[278, 104]
[279, 82]
[279, 83]
[279, 84]
[279, 88]
[279, 89]
[279, 103]
[280, 7]
[280, 11]
[280, 27]
[280, 29]
[280, 43]
[280, 49]
[282, 7]
[282, 11]
[282, 27]
[282, 29]
[282, 43]
[282, 49]
[283, 7]
[283, 11]
[283, 27]
[283, 29]
[283, 43]
[283, 49]
[284, 54]
[285, 15]
[285, 30]
[285, 44]
[285, 45]
[285, 46]
[285, 47]
[285, 48]
[285, 54]
[285, 80]
[285, 81]
[286, 15]
[286, 30]
[286, 44]
[286, 45]
[286, 46]
[286, 47]
[286, 48]
[286, 54]
[286, 80]
[286, 81]
[287, 15]
[287, 30]
[287, 44]
[287, 45]
[287, 46]
[287, 47]
[287, 48]
[287, 54]
[287, 80]
[287, 81]
[288, 15]
[288, 30]
[288, 44]
[288, 45]
[288, 46]
[288, 47]
[288, 48]
[288, 54]
[288, 80]
[288, 81]
[289, 15]
[289, 30]
[289, 44]
[289, 45]
[289, 46]
[289, 47]
[289, 48]
[289, 80]
[289, 81]
[290, 15]
[290, 30]
[290, 44]
[290, 45]
[290, 46]
[290, 47]
[290, 48]
[290, 80]
[290, 81]
[291, 15]
[291, 30]
[291, 44]
[291, 45]
[291, 46]
[291, 47]
[291, 48]
[291, 80]
[291, 81]
[292, 15]
[292, 30]
[292, 44]
[292, 45]
[292, 46]
[292, 47]
[292, 48]
[292, 80]
[292, 81]
[293, 15]
[293, 30]
[293, 44]
[293, 45]
[293, 46]
[293, 47]
[293, 48]
[293, 80]
[293, 81]
[294, 15]
[294, 30]
[294, 44]
[294, 45]
[294, 46]
[294, 47]
[294, 48]
[294, 80]
[294, 81]
[295, 15]
[295, 30]
[295, 44]
[295, 45]
[295, 46]
[295, 47]
[295, 48]
[295, 80]
[295, 81]
[299, 15]
[299, 30]
[299, 44]
[299, 45]
[299, 46]
[299, 47]
[299, 48]
[299, 80]
[299, 81]
[300, 15]
[300, 30]
[300, 44]
[300, 45]
[300, 46]
[300, 47]
[300, 48]
[300, 80]
[300, 81]
[304, 15]
[304, 30]
[304, 44]
[304, 45]
[304, 46]
[304, 47]
[304, 48]
[304, 80]
[304, 81]
[310, 1]
[310, 31]
[310, 37]
[310, 50]
[310, 51]
[314, 65]
[322, 17]
[322, 18]
[322, 19]
[322, 20]
[330, 17]
[330, 18]
[330, 19]
[330, 20]
[331, 17]
[331, 18]
[331, 19]
[331, 20]
[332, 17]
[332, 18]
[332, 19]
[332, 20]
[333, 17]
[333, 18]
[333, 19]
[333, 20]
[334, 17]
[334, 18]
[334, 19]
[334, 20]
[335, 17]
[335, 18]
[335, 19]
[335, 20]
[336, 17]
[336, 18]
[336, 19]
[336, 20]
[337, 17]
[337, 18]
[337, 19]
[337, 20]
[338, 15]
[338, 30]
[338, 45]
[338, 46]
[338, 47]
[338, 48]
[338, 54]
[338, 80]
[338, 81]
[339, 15]
[339, 30]
[339, 44]
[339, 45]
[339, 46]
[339, 47]
[339, 48]
[339, 54]
[339, 80]
[339, 81]
[340, 15]
[340, 30]
[340, 44]
[340, 45]
[340, 46]
[340, 47]
[340, 48]
[340, 54]
[340, 80]
[340, 81]
[341, 15]
[341, 30]
[341, 44]
[341, 45]
[341, 46]
[341, 47]
[341, 48]
[341, 54]
[341, 80]
[341, 81]
[342, 34]
[342, 54]
[343, 30]
[343, 45]
[343, 46]
[343, 47]
[343, 48]
[343, 54]
[343, 80]
[344, 15]
[344, 30]
[344, 44]
[344, 45]
[344, 46]
[344, 47]
[344, 48]
[344, 54]
[344, 80]
[344, 81]
[345, 15]
[345, 30]
[345, 44]
[345, 45]
[345, 46]
[345, 47]
[345, 48]
[345, 54]
[345, 80]
[345, 81]
[346, 15]
[346, 30]
[346, 44]
[346, 45]
[346, 46]
[346, 47]
[346, 48]
[346, 54]
[346, 80]
[346, 81]
[347, 15]
[347, 30]
[347, 44]
[347, 45]
[347, 46]
[347, 47]
[347, 48]
[347, 54]
[347, 80]
[347, 81]
[348, 15]
[348, 30]
[348, 44]
[348, 45]
[348, 46]
[348, 47]
[348, 48]
[348, 54]
[348, 80]
[348, 81]
[349, 15]
[349, 30]
[349, 44]
[349, 45]
[349, 46]
[349, 47]
[349, 48]
[349, 54]
[349, 80]
[349, 81]
[350, 15]
[350, 30]
[350, 44]
[350, 45]
[350, 46]
[350, 47]
[350, 48]
[350, 80]
[350, 81]
[357, 71]
[357, 82]
[357, 83]
[357, 88]
[357, 89]
[357, 103]
[358, 71]
[358, 82]
[358, 83]
[358, 88]
[358, 89]
[358, 103]
[361, 2]
[361, 53]
[361, 60]
[361, 61]
[361, 66]
[362, 2]
[362, 53]
[362, 60]
[362, 61]
[362, 66]
[365, 17]
[365, 18]
[365, 19]
[365, 20]
[366, 17]
[366, 18]
[366, 19]
[366, 20]
[367, 17]
[367, 18]
[367, 19]
[367, 20]
[368, 17]
[368, 18]
[368, 19]
[368, 20]
[369, 17]
[369, 18]
[369, 19]
[369, 20]
[370, 17]
[370, 18]
[370, 19]
[370, 20]
[371, 17]
[371, 18]
[371, 19]
[371, 20]
[372, 17]
[372, 18]
[372, 19]
[372, 20]
[373, 17]
[373, 18]
[373, 19]
[373, 20]
[374, 17]
[374, 18]
[374, 19]
[374, 20]
[375, 17]
[375, 18]
[375, 19]
[375, 20]
[376, 17]
[376, 18]
[376, 19]
[376, 20]
[377, 17]
[377, 18]
[377, 19]
[377, 20]
[378, 17]
[378, 18]
[378, 19]
[378, 20]
[383, 9]
[383, 10]
[383, 34]
[383, 54]
[384, 9]
[384, 10]
[384, 34]
[384, 54]
[385, 9]
[385, 10]
[385, 34]
[385, 54]
[387, 80]
[388, 15]
[388, 30]
[388, 44]
[388, 45]
[388, 46]
[388, 47]
[388, 48]
[388, 80]
[388, 81]
[389, 15]
[389, 30]
[389, 44]
[389, 45]
[389, 46]
[389, 47]
[389, 48]
[389, 80]
[389, 81]
[390, 15]
[390, 30]
[390, 44]
[390, 45]
[390, 46]
[390, 47]
[390, 48]
[390, 80]
[390, 81]
