[(114.04149594612042, 22.659262421374436), (114.03854132837367, 22.652264582942472), (114.04117821140828, 22.651151241803504), (114.04413282915503, 22.658149080235468), (114.04149594612042, 22.659262421374436), 291.7]
[(114.04165090319972, 22.659520069398233), (114.03854170440637, 22.652265543789134), (114.04117190120665, 22.65113827439091), (114.0442811, 22.65839280000001), (114.04165090319972, 22.659520069398233), 291.7]
[(114.04208231487061, 22.66030061696094), (114.03854243994297, 22.652267340467795), (114.04115965046378, 22.65111406285923), (114.04469952539142, 22.659147339352373), (114.04208231487061, 22.66030061696094), 291.7]
[(114.04240504380505, 22.660861451434315), (114.03854299498971, 22.652268631395664), (114.0411504782007, 22.651096696291624), (114.04501252701604, 22.659689516330275), (114.04240504380505, 22.660861451434315), 291.7]
[(114.04274396867426, 22.661454593551603), (114.03854350460493, 22.652269772745143), (114.04114210566257, 22.65108136301967), (114.0453425697319, 22.66026618382613), (114.04274396867426, 22.661454593551603), 291.7]
[(114.04149594612042, 22.659262421374436), (114.03854132837367, 22.652264582942472), (114.04117821140828, 22.651151241803504), (114.04413282915503, 22.658149080235468), (114.04149594612042, 22.659262421374436), 291.7]
[(114.04165090319972, 22.659520069398233), (114.03854170440637, 22.652265543789134), (114.04117190120665, 22.65113827439091), (114.0442811, 22.65839280000001), (114.04165090319972, 22.659520069398233), 291.7]
[(114.04208231487061, 22.66030061696094), (114.03854243994297, 22.652267340467795), (114.04115965046378, 22.65111406285923), (114.04469952539142, 22.659147339352373), (114.04208231487061, 22.66030061696094), 291.7]
[(114.04240504380505, 22.660861451434315), (114.03854299498971, 22.652268631395664), (114.0411504782007, 22.651096696291624), (114.04501252701604, 22.659689516330275), (114.04240504380505, 22.660861451434315), 291.7]
[(114.04274396867426, 22.661454593551603), (114.03854350460493, 22.652269772745143), (114.04114210566257, 22.65108136301967), (114.0453425697319, 22.66026618382613), (114.04274396867426, 22.661454593551603), 291.7]
[(114.04308577354058, 22.662054064455646), (114.03854369999999, 22.65227019999999), (114.0411343713112, 22.651067503492044), (114.04567644485178, 22.6608513679477), (114.04308577354058, 22.662054064455646), 291.7]
[(114.05323116856839, 22.652721148707258), (114.05420160205286, 22.644053833634313), (114.05723439999996, 22.64439339999999), (114.05626396651549, 22.653060715072932), (114.05323116856839, 22.652721148707258), 271.2]
[(114.05323783365554, 22.652721894961857), (114.05420826714001, 22.644054579888916), (114.05723439999996, 22.64439339999999), (114.05626396651549, 22.653060715072932), (114.05323783365554, 22.652721894961857), 271.2]
[(114.05305738804273, 22.65270169141978), (114.0540278215272, 22.644034376346834), (114.05723439999996, 22.64439339999999), (114.05626396651549, 22.653060715072932), (114.05305738804273, 22.65270169141978), 271.2]
[(114.0530623535792, 22.652702247384664), (114.05403278706366, 22.64403493231172), (114.05723439999996, 22.64439339999999), (114.05626396651549, 22.653060715072932), (114.0530623535792, 22.652702247384664), 271.2]
[(114.05342676298034, 22.65276177811804), (114.0539324111061, 22.644221924079094), (114.05692810000001, 22.644399300000003), (114.05642245187424, 22.65293915403895), (114.05342676298034, 22.65276177811804), 274.4]
[(114.05343801958014, 22.652762444625758), (114.05394366770591, 22.644222590586807), (114.05692810000001, 22.644399300000003), (114.05642245187424, 22.65293915403895), (114.05343801958014, 22.652762444625758), 274.4]
[(114.0532516341966, 22.652751408673687), (114.05375728232237, 22.644211554634737), (114.05692810000001, 22.644399300000003), (114.05642245187424, 22.65293915403895), (114.0532516341966, 22.652751408673687), 274.4]
[(114.05326109183997, 22.652751968664482), (114.05376673996574, 22.64421211462553), (114.05692810000001, 22.644399300000003), (114.05642245187424, 22.65293915403895), (114.05326109183997, 22.652751968664482), 274.4]
[(114.05327374528063, 22.65275571456401), (114.0537361705799, 22.64408177792452), (114.05690660000002, 22.644250799999995), (114.05644417470076, 22.652924736639484), (114.05327374528063, 22.65275571456401), 273.7]
[(114.05328370676936, 22.652756245631345), (114.05374613206862, 22.644082308991855), (114.05690660000002, 22.644250799999995), (114.05644417470076, 22.652924736639484), (114.05328370676936, 22.652756245631345), 273.7]
[(114.05306952257702, 22.65270543994728), (114.05402779101203, 22.643882372389562), (114.05722389999997, 22.644229499999994), (114.05626563156495, 22.65305256755771), (114.05306952257702, 22.65270543994728), 274.2]
[(114.05307477229263, 22.652706010115956), (114.05403304072765, 22.643882942558243), (114.05722389999997, 22.644229499999994), (114.05626563156495, 22.65305256755771), (114.05307477229263, 22.652706010115956), 274.2]
[(114.05831740000002, 22.6442384), (114.05673319854164, 22.65329884630882), (114.05283406362327, 22.65261709013329), (114.05441826508165, 22.643556643824468), (114.05831740000002, 22.6442384), 269.5]
[(114.05831740000002, 22.6442384), (114.05673319854164, 22.65329884630882), (114.05283406362327, 22.65261709013329), (114.05441826508165, 22.643556643824468), (114.05831740000002, 22.6442384), 269.5]
[(114.04148802335601, 22.65702867030579), (114.04357066402207, 22.65629486553381), (114.04435933601174, 22.65853322704433), (114.04227669534568, 22.659267031816313), (114.04148802335601, 22.65702867030579), 105.4]
[(114.04330068421709, 22.655737005213005), (114.04435818422276, 22.658529842921396), (114.04229395681737, 22.659311456720985), (114.0412364568117, 22.656518619012594), (114.04330068421709, 22.655737005213005), 105.4]
[(114.04299027437662, 22.65518456346505), (114.04435759999998, 22.658528299999993), (114.04231681256827, 22.65936282177467), (114.04094948694491, 22.656019085239727), (114.04299027437662, 22.65518456346505), 105.4]
[(114.06073341757305, 22.653297115198015), (114.06152200373876, 22.656582021219535), (114.05987474342521, 22.656977468360513), (114.0590861572595, 22.653692562338993), (114.06073341757305, 22.653297115198015), 93.5]
[(114.06112930000002, 22.653313799999996), (114.06188749246637, 22.656495536022835), (114.05987382840586, 22.656975382530995), (114.0591156359395, 22.653793646508156), (114.06112930000002, 22.653313799999996), 93.5]
[(114.06044584309849, 22.653366151344184), (114.06122519061297, 22.656612573174133), (114.05986550477398, 22.656938984168942), (114.0590861572595, 22.653692562338993), (114.06044584309849, 22.653366151344184), 93.5]
[(114.06112930000002, 22.653313799999996), (114.06187840272871, 22.656457391162487), (114.0598647386682, 22.656937237670647), (114.0591156359395, 22.653793646508156), (114.06112930000002, 22.653313799999996), 93.5]
[(114.06034650000001, 22.653390000000005), (114.06111702392703, 22.65659966661303), (114.05985668118652, 22.656902228952017), (114.0590861572595, 22.653692562338993), (114.06034650000001, 22.653390000000005), 93.5]
[(114.06055624570759, 22.653288786214546), (114.06165140931952, 22.656503275041402), (114.06011597893095, 22.657026390093527), (114.05902081531902, 22.65381190126667), (114.06055624570759, 22.653288786214546), 93.5]
[(114.0611293, 22.653313799999996), (114.0619475138615, 22.656464776519204), (114.05994299568032, 22.65698528962092), (114.05912478181882, 22.65383431310171), (114.0611293, 22.653313799999996), 93.5]
[(114.06002347114149, 22.656961116878925), (114.05905590897821, 22.65378290202102), (114.06034649999998, 22.65338999999999), (114.06131406216326, 22.656568214857895), (114.06002347114149, 22.656961116878925), 93.5]
[(114.0611293, 22.653313799999996), (114.06193655736972, 22.656422582601518), (114.05993203918854, 22.656943095703234), (114.05912478181882, 22.65383431310171), (114.0611293, 22.653313799999996), 93.5]
[(114.059727241849, 22.656751412753376), (114.05962130000002, 22.655024000000004), (114.0613359115729, 22.654918843244637), (114.06144185342188, 22.65664625599801), (114.059727241849, 22.656751412753376), 183.2]
[(114.05994256737746, 22.656738206885482), (114.05983700000003, 22.655016900000003), (114.06133628604445, 22.65492494911253), (114.06144185342188, 22.65664625599801), (114.05994256737746, 22.656738206885482), 183.2]
[(114.06026361738357, 22.656718516958335), (114.060159, 22.6550127), (114.06133723603831, 22.654940439039674), (114.06144185342188, 22.65664625599801), (114.06026361738357, 22.656718516958335), 183.2]
[(114.0597271660575, 22.65675017695063), (114.05962130000002, 22.655024000000004), (114.0613359115729, 22.654918843244637), (114.06144177763038, 22.656645020195263), (114.0597271660575, 22.65675017695063), 183.2]
[(114.06124186428602, 22.64741239002001), (114.06105786428601, 22.649343390020015), (114.05665339999999, 22.648923699999997), (114.05683739999999, 22.6469927), (114.06124186428602, 22.64741239002001), 355.2]
[(114.0609100871294, 22.64738077583212), (114.0607260871294, 22.64931177583212), (114.05665339999999, 22.648923699999997), (114.05683739999999, 22.6469927), (114.0609100871294, 22.64738077583212), 355.2]
[(114.06124312350008, 22.647417382141754), (114.06104802350006, 22.649441382141756), (114.05664229999998, 22.649016699999997), (114.05683739999999, 22.6469927), (114.06124312350008, 22.647417382141754), 355.2]
[(114.06091111832643, 22.64738537907388), (114.06071601832642, 22.64940937907388), (114.05664229999998, 22.649016699999997), (114.05683739999999, 22.6469927), (114.06091111832643, 22.64738537907388), 355.2]
[(114.04385054518454, 22.657630314671266), (114.0425703, 22.655356300000008), (114.04408390255577, 22.654504158451473), (114.04536414774032, 22.65677817312273), (114.04385054518454, 22.657630314671266), 117.3]
[(114.0420833, 22.66494180000001), (114.04018808712432, 22.665857759028732), (114.0393345, 22.664091599999992), (114.04122971287568, 22.663175640971268), (114.0420833, 22.66494180000001), 206.9]
[(114.04313945989838, 22.656329685221394), (114.04428110000002, 22.6583928), (114.04272578048113, 22.659253447770077), (114.0415841403795, 22.65719033299147), (114.04313945989838, 22.656329685221394), 111.5]
[(114.04274389052725, 22.659258749091777), (114.04128018893476, 22.65666042550133), (114.04281739840752, 22.65579447640956), (114.0442811, 22.65839280000001), (114.04274389052725, 22.659258749091777), 111.5]
[(114.04274389052725, 22.659258749091777), (114.04097505255473, 22.65611875562915), (114.04251226202749, 22.655252806537383), (114.0442811, 22.65839280000001), (114.04274389052725, 22.659258749091777), 111.5]
[(114.03907896637038, 22.65222868843849), (114.04254551079754, 22.650593785354715), (114.0431566, 22.65188950000001), (114.03969005557285, 22.653524403083786), (114.03907896637038, 22.65222868843849), 207.2]
[(114.04347684027071, 22.656317384183083), (114.04428109999999, 22.658392799999994), (114.04234146424565, 22.659144442593245), (114.04153720451637, 22.657069026776334), (114.04347684027071, 22.656317384183083), 114.5]
[(114.04317182483565, 22.655772551668683), (114.04428109999999, 22.658392799999994), (114.0423668346547, 22.65920319914428), (114.04125755949036, 22.656582950812968), (114.04317182483565, 22.655772551668683), 114.5]
[(114.04286555843821, 22.655224388294812), (114.04428110000002, 22.65839280000001), (114.04238494850307, 22.65923993777791), (114.04096940694126, 22.656071526072715), (114.04286555843821, 22.655224388294812), 114.5]
[(114.04347684027071, 22.656317384183083), (114.04428109999999, 22.658392799999994), (114.04234146424565, 22.659144442593245), (114.04153720451637, 22.657069026776334), (114.04347684027071, 22.656317384183083), 114.5]
[(114.04317182483565, 22.655772551668683), (114.04428109999999, 22.658392799999994), (114.0423668346547, 22.65920319914428), (114.04125755949036, 22.656582950812968), (114.04317182483565, 22.655772551668683), 114.5]
[(114.04286555843821, 22.655224388294812), (114.04428110000002, 22.65839280000001), (114.04238494850307, 22.65923993777791), (114.04096940694126, 22.656071526072715), (114.04286555843821, 22.655224388294812), 114.5]
[(114.04385054518454, 22.657630314671266), (114.0425703, 22.655356300000008), (114.04408390255577, 22.654504158451473), (114.04536414774032, 22.65677817312273), (114.04385054518454, 22.657630314671266), 296.9]
[(114.0409860221587, 22.656108899541906), (114.04422033696636, 22.65457246206914), (114.04474959999999, 22.65568660000001), (114.04151528519233, 22.657223037472775), (114.0409860221587, 22.656108899541906), 27.0]
[(114.04098359166612, 22.6561037151828), (114.04426821030356, 22.654556503394154), (114.04506149999999, 22.65624060000001), (114.04177688136255, 22.65778781178866), (114.04098359166612, 22.6561037151828), 27.0]
[(114.04532557469275, 22.6567938810472), (114.04205744382469, 22.658353722395894), (114.0409874, 22.656111800000005), (114.04425553086807, 22.65455195865131), (114.04532557469275, 22.6567938810472), 27.0]
[(114.04128839999998, 22.656655799999996), (114.0445648493547, 22.655097602056017), (114.04536409999997, 22.656778200000005), (114.04208765064527, 22.658336397943984), (114.04128839999998, 22.656655799999996), 27.1]
[(114.04410288226094, 22.654508234062874), (114.04530839153189, 22.65668677000349), (114.04224386270283, 22.658382550112357), (114.04103835343187, 22.656204014171742), (114.04410288226094, 22.654508234062874), 27.1]
[(114.04284114621882, 22.655796555603594), (114.0441002, 22.658071799999995), (114.04254740647076, 22.658931070576585), (114.04128835268958, 22.656655826180184), (114.04284114621882, 22.655796555603594), 297.4]
[(114.04274389052725, 22.659258749091777), (114.04128018893476, 22.65666042550133), (114.04281739840752, 22.65579447640956), (114.0442811, 22.65839280000001), (114.04274389052725, 22.659258749091777), 297.4]
[(114.04279819399292, 22.659355147139465), (114.04128018893476, 22.65666042550133), (114.04281739840752, 22.65579447640956), (114.04433540346568, 22.658489198047697), (114.04279819399292, 22.659355147139465), 297.4]
[(114.04282054258346, 22.659394388581923), (114.04128006984479, 22.65666049380794), (114.04281712726133, 22.655794405226004), (114.04435760000001, 22.658528299999986), (114.04282054258346, 22.659394388581923), 297.4]
[(114.04312255593727, 22.65993755579585), (114.04127470508976, 22.656663529366895), (114.04281644915247, 22.655793373571036), (114.0446643, 22.65906739999999), (114.04312255593727, 22.65993755579585), 297.4]
[(114.04344974028803, 22.660514725083715), (114.04127391782333, 22.656663983005956), (114.04281597753533, 22.655792657922255), (114.04499180000002, 22.659643400000014), (114.04344974028803, 22.660514725083715), 297.4]
[(114.04344485805481, 22.66051748373971), (114.04126903559012, 22.65666674166195), (114.04281597753533, 22.655792657922255), (114.04499180000002, 22.659643400000014), (114.04344485805481, 22.66051748373971), 297.4]
[(114.0437809976533, 22.66111033216273), (114.04126820108303, 22.656667223481357), (114.04281560342972, 22.655792091318624), (114.04532839999999, 22.660235199999995), (114.0437809976533, 22.66111033216273), 297.4]
[(114.04411846706313, 22.661705186339717), (114.04126760119016, 22.656667570372647), (114.04281533412706, 22.655791684032934), (114.04566620000003, 22.660829300000003), (114.04411846706313, 22.661705186339717), 297.4]
[(114.04158419999999, 22.657190299999996), (114.04482671848453, 22.655648238735225), (114.04536409999997, 22.656778200000005), (114.04212158151546, 22.658320261264777), (114.04158419999999, 22.657190299999996), 27.0]
[(114.04239794118293, 22.655103671951615), (114.0456722947444, 22.660825812433053), (114.04378901317529, 22.661903473796514), (114.0405146596138, 22.656181333315075), (114.04239794118293, 22.655103671951615), 117.5]
[(114.04236746638534, 22.655050415310377), (114.0456722947444, 22.660825812433053), (114.04378901317529, 22.661903473796514), (114.04048418481622, 22.656128076673838), (114.04236746638534, 22.655050415310377), 117.5]
[(114.04238874617708, 22.65510398549226), (114.04567701454934, 22.660823082035293), (114.04386654487533, 22.6618640349416), (114.04057827650308, 22.65614493839857), (114.04238874617708, 22.65510398549226), 117.5]
[(114.04235816272325, 22.65505079344547), (114.04567701454934, 22.660823082035293), (114.04386654487533, 22.6618640349416), (114.04054769304923, 22.656091746351777), (114.04235816272325, 22.65505079344547), 117.5]
[(114.0423980722691, 22.655103596940783), (114.04567242583057, 22.660825737422222), (114.04378901317529, 22.661903473796514), (114.0405146596138, 22.656181333315075), (114.0423980722691, 22.655103596940783), 117.5]
[(114.04236759747153, 22.655050340299546), (114.04567242583057, 22.660825737422222), (114.04378901317529, 22.661903473796514), (114.04048418481622, 22.656128076673838), (114.04236759747153, 22.655050340299546), 117.5]
[(114.04238844704065, 22.655103880113813), (114.04567749420946, 22.660822804514993), (114.04386730234347, 22.661863875530123), (114.04057825517467, 22.656144951128944), (114.04238844704065, 22.655103880113813), 117.5]
[(114.04235785751041, 22.655050691697255), (114.04567749420946, 22.660822804514993), (114.04386730234347, 22.661863875530123), (114.04054766564443, 22.656091762712386), (114.04235785751041, 22.655050691697255), 117.5]
[(114.04411846706313, 22.661705186339717), (114.04126760119016, 22.656667570372647), (114.04281533412706, 22.655791684032934), (114.04566620000003, 22.660829300000003), (114.04411846706313, 22.661705186339717), 117.5]
[(114.04411776462237, 22.661705200070458), (114.04096191338562, 22.656126216957716), (114.04251034876324, 22.655250316887255), (114.0456662, 22.660829299999996), (114.04411776462237, 22.661705200070458), 117.5]
[(114.04338121878261, 22.660424249638382), (114.04515111878263, 22.65956254963838), (114.04637209999999, 22.662070399999998), (114.04460219999997, 22.6629321), (114.04338121878261, 22.660424249638382), 117.8]
[(114.0430930590284, 22.659832380137402), (114.0448629590284, 22.6589706801374), (114.04637209999999, 22.662070399999998), (114.04460219999997, 22.6629321), (114.0430930590284, 22.659832380137402), 117.8]
[(114.04588160000003, 22.657697399999996), (114.04260669090421, 22.659253002647965), (114.04161898980485, 22.657173659752473), (114.04489389890065, 22.655618057104505), (114.04588160000003, 22.657697399999996), 207.5]
[(114.04588159999999, 22.657697399999996), (114.04259668619355, 22.659244629266176), (114.04188619999996, 22.657736200000002), (114.0451711138064, 22.656188970733822), (114.04588159999999, 22.657697399999996), 207.5]
[(114.04588160000003, 22.657697399999996), (114.04260669090421, 22.659253002647965), (114.04161898980485, 22.657173659752473), (114.04489389890065, 22.655618057104505), (114.04588160000003, 22.657697399999996), 207.5]
[(114.04588159999999, 22.657697399999996), (114.04259668619355, 22.659244629266176), (114.04188619999996, 22.657736200000002), (114.0451711138064, 22.656188970733822), (114.04588159999999, 22.657697399999996), 207.5]
[(114.04284114621882, 22.655796555603594), (114.0441002, 22.658071799999995), (114.04254740647076, 22.658931070576585), (114.04128835268958, 22.656655826180184), (114.04284114621882, 22.655796555603594), 117.4]
[(114.04254012041315, 22.655252569883707), (114.0441002, 22.658071799999995), (114.04254740647076, 22.658931070576585), (114.04098732688391, 22.656111840460298), (114.04254012041315, 22.655252569883707), 117.4]
[(114.04444103234196, 22.658648362415917), (114.04775032788271, 22.657067794270233), (114.04813610000002, 22.65787550000001), (114.04482680445928, 22.659456068145694), (114.04444103234196, 22.658648362415917), 207.2]
[(114.04446268599355, 22.658693699488417), (114.04777198153428, 22.657113131342733), (114.04813610000002, 22.65787550000001), (114.04482680445928, 22.659456068145694), (114.04446268599355, 22.658693699488417), 207.2]
[(114.0482588, 22.658095800000005), (114.04496798165424, 22.65969306875757), (114.04459409010894, 22.658922748076883), (114.0478849084547, 22.65732547931932), (114.0482588, 22.658095800000005), 207.2]
[(114.04825880000003, 22.658095800000005), (114.04489441047866, 22.659633099605813), (114.04443039031364, 22.658617588657272), (114.04779477983502, 22.657080289051464), (114.04825880000003, 22.658095800000005), 207.2]
[(114.04825879999997, 22.658095799999998), (114.04488777200763, 22.6596246281283), (114.04444943253587, 22.658658100497036), (114.04782046052821, 22.657129272368735), (114.04825879999997, 22.658095799999998), 207.2]
[(114.0429896, 22.667316), (114.03970021776772, 22.66891770574646), (114.03902820000002, 22.667537600000003), (114.04231758223231, 22.665935894253543), (114.0429896, 22.667316), 207.6]
[(114.04020474743595, 22.66961022891025), (114.03908343007637, 22.667634048876728), (114.04217491629353, 22.665879888272265), (114.04329623365308, 22.667856068305788), (114.04020474743595, 22.66961022891025), 207.6]
[(114.04547347585061, 22.656569585593076), (114.04693710000001, 22.65914310000001), (114.0452522241865, 22.660101332416623), (114.04378860003712, 22.65752781800969), (114.04547347585061, 22.656569585593076), 118.2]
[(114.04547354135337, 22.656569589628006), (114.04693710000001, 22.659143099999994), (114.04525220457877, 22.660101302185325), (114.04378864593214, 22.657527791813337), (114.04547354135337, 22.656569589628006), 118.2]
[(114.04516537902884, 22.656027719344735), (114.04693710000001, 22.659143099999994), (114.04525220457877, 22.660101302185325), (114.04348048360762, 22.656985921530065), (114.04516537902884, 22.656027719344735), 118.2]
[(114.04311872169802, 22.659940526828166), (114.04187653850161, 22.657741657965744), (114.04342211680361, 22.65686853113757), (114.0446643, 22.65906739999999), (114.04311872169802, 22.659940526828166), 118.6]
[(114.04312294392432, 22.65993764967542), (114.0415747899171, 22.657195612933016), (114.04311614599277, 22.656325363257587), (114.0446643, 22.65906739999999), (114.04312294392432, 22.65993764967542), 118.6]
[(114.04312255593727, 22.65993755579585), (114.04127470508976, 22.656663529366895), (114.04281644915247, 22.655793373571036), (114.0446643, 22.65906739999999), (114.04312255593727, 22.65993755579585), 118.6]
[(114.043122280926, 22.659937489175967), (114.04096936547901, 22.656121976035912), (114.04251138455302, 22.655251886859944), (114.04466430000001, 22.659067399999998), (114.043122280926, 22.659937489175967), 118.6]
[(114.04312683461927, 22.65993491974003), (114.0409739191723, 22.656119406599977), (114.04251138455302, 22.655251886859944), (114.04466430000001, 22.659067399999998), (114.04312683461927, 22.65993491974003), 118.6]
[(114.0431131, 22.6598464), (114.04649321071538, 22.658220366757085), (114.04706141417678, 22.659401517644838), (114.0436813034614, 22.661027550887752), (114.0431131, 22.6598464), 27.1]
[(114.0431131, 22.6598464), (114.04653324127914, 22.658200744287036), (114.0473972410515, 22.659996381894203), (114.04397709977238, 22.661642037607166), (114.0431131, 22.6598464), 27.1]
[(114.04304765169621, 22.65986301407758), (114.04481565169623, 22.65899291407758), (114.04606100000001, 22.6615234), (114.044293, 22.6623935), (114.04304765169621, 22.65986301407758), 298.6]
[(114.0430930590284, 22.659832380137402), (114.0448629590284, 22.6589706801374), (114.04637209999999, 22.662070399999998), (114.04460219999997, 22.6629321), (114.0430930590284, 22.659832380137402), 298.6]
[(114.04506433856665, 22.66332047759436), (114.04309461580542, 22.659856911923917), (114.04461996831557, 22.65898944704984), (114.0465896910768, 22.662453012720285), (114.04506433856665, 22.66332047759436), 298.6]
[(114.0450232578095, 22.66324824108323), (114.04309461580542, 22.659856911923917), (114.04461996831557, 22.65898944704984), (114.04654861031966, 22.662380776209154), (114.0450232578095, 22.66324824108323), 298.6]
[(114.04523432709374, 22.660091180683956), (114.04463850618959, 22.659021073772458), (114.0477953297077, 22.657263397579015), (114.04839115061183, 22.658333504490514), (114.04523432709374, 22.660091180683956), 27.7]
[(114.04344615583335, 22.66051778767487), (114.0418758831841, 22.657742036334675), (114.04342152735074, 22.656867648659812), (114.04499179999999, 22.659643400000007), (114.04344615583335, 22.66051778767487), 117.7]
[(114.04344538756925, 22.66051760791828), (114.0415692067993, 22.657198775859698), (114.04311561923006, 22.656324567941418), (114.04499180000002, 22.6596434), (114.04344538756925, 22.66051760791828), 117.7]
[(114.04344485805481, 22.66051748373971), (114.04126903559012, 22.65666674166195), (114.04281597753533, 22.655792657922255), (114.04499180000002, 22.659643400000014), (114.04344485805481, 22.66051748373971), 117.7]
[(114.04344974028803, 22.660514725083715), (114.04127391782333, 22.656663983005956), (114.04281597753533, 22.655792657922255), (114.04499180000002, 22.659643400000014), (114.04344974028803, 22.660514725083715), 117.7]
[(114.04344925697491, 22.6605146808041), (114.04096841648794, 22.65612252253375), (114.04251095951304, 22.655251241729644), (114.0449918, 22.659643399999993), (114.04344925697491, 22.6605146808041), 117.7]
[(114.0434224, 22.660404200000002), (114.04683062177065, 22.658764279549303), (114.04741853706437, 22.65998613497679), (114.04401031529372, 22.66162605542749), (114.0434224, 22.660404200000002), 27.1]
[(114.04658576819782, 22.65848340695195), (114.0473645908431, 22.659886697347225), (114.04413095001281, 22.66168135988739), (114.04335212736753, 22.660278069492115), (114.04658576819782, 22.65848340695195), 27.1]
[(114.04378171953178, 22.661110392420028), (114.04156854082098, 22.657199160779612), (114.04311522128921, 22.65632396835958), (114.04532840000002, 22.660235199999995), (114.04378171953178, 22.661110392420028), 117.5]
[(114.0437809976533, 22.66111033216273), (114.04126820108303, 22.656667223481357), (114.04281560342972, 22.655792091318624), (114.04532839999999, 22.660235199999995), (114.0437809976533, 22.66111033216273), 117.5]
[(114.04378043191647, 22.661110284705835), (114.04096264151829, 22.65612579626319), (114.04251060960186, 22.655250711557358), (114.04532840000005, 22.660235200000002), (114.04378043191647, 22.661110284705835), 117.5]
[(114.04378542694712, 22.661107460955805), (114.04096763654894, 22.65612297251316), (114.04251060960186, 22.655250711557358), (114.04532840000005, 22.660235200000002), (114.04378542694712, 22.661107460955805), 117.5]
[(114.04556235364834, 22.662936931124978), (114.04825779999999, 22.663013799999998), (114.0481787240555, 22.665786638369408), (114.04548327770385, 22.665709769494388), (114.04556235364834, 22.662936931124978), 88.2]
[(114.0463154, 22.6657335), (114.04643915825702, 22.66293341947861), (114.0482578, 22.663013800000005), (114.04813404174298, 22.665813880521398), (114.0463154, 22.6657335), 88.2]
[(114.04556628441267, 22.662916176052867), (114.04825780000002, 22.663013800000005), (114.0481445259305, 22.666136793206995), (114.04545301034315, 22.666039169259857), (114.04556628441267, 22.662916176052867), 87.8]
[(114.04545745743518, 22.66601846232561), (114.04550245743518, 22.66499826232561), (114.04816490000003, 22.665115700000005), (114.04811990000003, 22.666135900000004), (114.04545745743518, 22.66601846232561), 177.7]
[(114.04556713031128, 22.662904157067686), (114.04825779999999, 22.663013799999998), (114.04822814358974, 22.663741576998284), (114.04553747390104, 22.663631934065975), (114.04556713031128, 22.662904157067686), 358.4]
[(114.04550455873009, 22.66432646085331), (114.0455678587301, 22.662894860853307), (114.0482578, 22.6630138), (114.0481945, 22.6644454), (114.04550455873009, 22.66432646085331), 358.4]
[(114.0455634, 22.662995700000003), (114.04824913528431, 22.663102141937976), (114.04816929702402, 22.66511661515005), (114.04548356173972, 22.665010173212075), (114.0455634, 22.662995700000003), 358.4]
[(114.0482578, 22.6630138), (114.04819421770922, 22.665103801615896), (114.04550156580011, 22.665021885422462), (114.04556514809089, 22.662931883806568), (114.0482578, 22.6630138), 358.4]
[(114.04551479686552, 22.664333872582585), (114.04554409686553, 22.663629872582586), (114.04822380000002, 22.663741400000003), (114.04819450000001, 22.6644454), (114.04551479686552, 22.664333872582585), 358.4]
[(114.0481679298224, 22.665119022211158), (114.04548810879521, 22.665010340690586), (114.04554399999999, 22.663632199999995), (114.04822382102718, 22.663740881520567), (114.0481679298224, 22.665119022211158), 358.4]
[(114.0482578, 22.6630138), (114.04819421770922, 22.665103801615896), (114.04550156580011, 22.665021885422462), (114.04556514809089, 22.662931883806568), (114.0482578, 22.6630138), 358.4]
[(114.04544268742292, 22.666696211822423), (114.04556746339682, 22.662922592887337), (114.04834947597388, 22.663014581064907), (114.04822469999998, 22.666788199999992), (114.04544268742292, 22.666696211822423), 358.4]
[(114.04550429178475, 22.664324287099177), (114.04556569178476, 22.662944187099175), (114.04692810000002, 22.6630048), (114.04686670000001, 22.6643849), (114.04550429178475, 22.664324287099177), 87.2]
[(114.04549248090683, 22.665010484059138), (114.04552279999999, 22.6643239), (114.04819465511687, 22.66444188733617), (114.04816433602372, 22.66512847139531), (114.04549248090683, 22.665010484059138), 358.4]
[(114.04819571827385, 22.664405487850335), (114.04815341827384, 22.665791287850332), (114.04548049999998, 22.665709699999997), (114.04552279999999, 22.6643239), (114.04819571827385, 22.664405487850335), 358.4]
[(114.04684180879522, 22.66506524069059), (114.04548810879521, 22.665010340690586), (114.04554399999999, 22.663632199999995), (114.0468977, 22.663687099999997), (114.04684180879522, 22.66506524069059), 87.5]
[(114.04816561129276, 22.66509247329949), (114.04814421129275, 22.66579127329949), (114.04548049999998, 22.665709699999994), (114.04550189999999, 22.6650109), (114.04816561129276, 22.66509247329949), 358.4]
[(114.0455624065991, 22.662935074379085), (114.04834399999999, 22.6630144), (114.04826487110473, 22.6657890951153), (114.04548327770385, 22.665709769494388), (114.0455624065991, 22.662935074379085), 269.6]
[(114.04834399999999, 22.6630144), (114.04824846284242, 22.66613982986855), (114.04546988748142, 22.666054895250515), (114.04556542463898, 22.662929465381968), (114.04834399999999, 22.6630144), 269.6]
[(114.04834399999997, 22.663014399999998), (114.04828007166216, 22.664449212660895), (114.04686655000496, 22.664386232947603), (114.04693047834277, 22.662951420286706), (114.04834399999997, 22.663014399999998), 269.6]
[(114.04834399999997, 22.663014399999998), (114.0482194243258, 22.66581038626631), (114.0468059026686, 22.665747406553017), (114.04693047834277, 22.662951420286706), (114.04834399999997, 22.663014399999998), 269.6]
[(114.04643419999998, 22.666074699999996), (114.04666257263312, 22.6628936862813), (114.04834399999999, 22.663014399999994), (114.04811562736684, 22.666195413718693), (114.04643419999998, 22.666074699999996), 269.6]
[(114.04550429178475, 22.664324287099177), (114.04556569178476, 22.662944187099175), (114.04692810000002, 22.6630048), (114.04686670000001, 22.6643849), (114.04550429178475, 22.664324287099177), 269.6]
[(114.0469281, 22.6630048), (114.04684414330157, 22.665751383419703), (114.04548043935796, 22.665709698146312), (114.04556439605639, 22.662963114726608), (114.0469281, 22.6630048), 269.6]
[(114.04502331278727, 22.66324825371639), (114.04340987452079, 22.660411323576), (114.04493517877168, 22.659543842134923), (114.04654861703816, 22.662380772275313), (114.04502331278727, 22.66324825371639), 112.8]
[(114.0450232578095, 22.66324824108323), (114.04309461580542, 22.659856911923917), (114.04461996831557, 22.65898944704984), (114.04654861031966, 22.662380776209154), (114.0450232578095, 22.66324824108323), 112.8]
[(114.04680632702514, 22.665747426056353), (114.04686654946535, 22.664384893346533), (114.04819460643107, 22.664443591996964), (114.04813438399086, 22.665806124706783), (114.04680632702514, 22.665747426056353), 88.2]
[(114.04680647863206, 22.665747432758415), (114.04692989405169, 22.66295510907151), (114.0482578, 22.663013800000005), (114.04813438458038, 22.66580612368691), (114.04680647863206, 22.665747432758415), 88.2]
[(114.04684180879522, 22.66506524069059), (114.04548810879521, 22.665010340690586), (114.04554399999999, 22.663632199999995), (114.0468977, 22.663687099999997), (114.04684180879522, 22.66506524069059), 267.5]
[(114.04686730926751, 22.66436493964643), (114.04682500926751, 22.665750739646427), (114.04548049999998, 22.665709699999997), (114.04552279999999, 22.6643239), (114.04686730926751, 22.66436493964643), 267.2]
[(114.04686662102287, 22.66438668615587), (114.04692992102288, 22.66295508615587), (114.0482578, 22.6630138), (114.0481945, 22.6644454), (114.04686662102287, 22.66438668615587), 87.2]
[(114.04683660000002, 22.665062500000005), (114.04689388691371, 22.663686049924095), (114.04822380000002, 22.663741400000003), (114.04816651308633, 22.665117850075912), (114.04683660000002, 22.665062500000005), 87.5]
[(114.04351040475385, 22.66441850337398), (114.04537159633477, 22.667802423327885), (114.04403999158095, 22.668534819953905), (114.04217880000002, 22.6651509), (114.04351040475385, 22.66441850337398), 117.3]
[(114.04136376768972, 22.66808973210692), (114.04466544605842, 22.666518466396177), (114.04530412315984, 22.66786050953752), (114.04200244479114, 22.669431775248263), (114.04136376768972, 22.66808973210692), 193.4]
[(114.0443354, 22.658489200000005), (114.04253664203007, 22.65934375118119), (114.04152658697518, 22.657217670707574), (114.04332534494512, 22.65636311952639), (114.0443354, 22.658489200000005), 110.6]
[(114.0443354, 22.658489200000005), (114.04253869639138, 22.65934708040743), (114.04126012454523, 22.656669300812553), (114.04305682815387, 22.65581142040513), (114.0443354, 22.658489200000005), 110.6]
[(114.04278225243128, 22.655250944345752), (114.0443354, 22.65848919999999), (114.04254054756873, 22.659350055654237), (114.04098740000002, 22.656111799999998), (114.04278225243128, 22.655250944345752), 110.6]
[(114.04311872169802, 22.659940526828166), (114.04187653850161, 22.657741657965744), (114.04342211680361, 22.65686853113757), (114.0446643, 22.65906739999999), (114.04311872169802, 22.659940526828166), 297.0]
[(114.04344615583335, 22.66051778767487), (114.0418758831841, 22.657742036334675), (114.04342152735074, 22.656867648659812), (114.04499179999999, 22.659643400000007), (114.04344615583335, 22.66051778767487), 297.0]
[(114.04387865029389, 22.668537187360748), (114.0419389411959, 22.66948166867595), (114.04061589090202, 22.666764481315184), (114.04255560000001, 22.665819999999982), (114.04387865029389, 22.668537187360748), 297.8]
[(114.0434991881576, 22.66789755583173), (114.04155358815757, 22.66883285583173), (114.04023319999999, 22.66608620000001), (114.0421788, 22.665150900000008), (114.0434991881576, 22.66789755583173), 297.5]
[(114.03906083475933, 22.652165673546236), (114.0426943087311, 22.65061007320245), (114.04328239999998, 22.651983700000002), (114.0396489260282, 22.653539300343787), (114.03906083475933, 22.652165673546236), 206.8]
[(114.0434991881576, 22.66789755583173), (114.04155358815757, 22.66883285583173), (114.04023319999999, 22.66608620000001), (114.0421788, 22.665150900000008), (114.0434991881576, 22.66789755583173), 117.5]
[(114.0434991881576, 22.66789755583173), (114.04155358815757, 22.66883285583173), (114.04023319999999, 22.66608620000001), (114.0421788, 22.665150900000008), (114.0434991881576, 22.66789755583173), 113.0]
[(114.04056089771584, 22.670253550783663), (114.03902819999999, 22.667537599999996), (114.04056330069773, 22.666671293678405), (114.04209599841357, 22.669387244462072), (114.04056089771584, 22.670253550783663), 297.8]
[(114.04128782989874, 22.66790794548359), (114.04563395532843, 22.666092342574828), (114.04628019999998, 22.667639300000005), (114.04193407457029, 22.669454902908768), (114.04128782989874, 22.66790794548359), 27.5]
[(114.04056089771584, 22.670253550783663), (114.03902819999999, 22.667537599999996), (114.04056330069773, 22.666671293678405), (114.04209599841357, 22.669387244462072), (114.04056089771584, 22.670253550783663), 117.2]
[(114.04055887932056, 22.670254639884377), (114.038632, 22.666839999999993), (114.04016910322372, 22.665972613535942), (114.04209598254428, 22.669387253420325), (114.04055887932056, 22.670254639884377), 117.2]
[(114.04537499999996, 22.6603171), (114.04720112416335, 22.659428417913645), (114.04775089102738, 22.660558116115105), (114.04592476686399, 22.66144679820146), (114.04537499999996, 22.6603171), 27.7]
[(114.04532839999997, 22.660235199999995), (114.04715997635468, 22.65934386460843), (114.04775089102738, 22.660558116115105), (114.04591931467267, 22.66144945150667), (114.04532839999997, 22.660235199999995), 27.7]
[(114.04293850000002, 22.664532199999996), (114.04092007245491, 22.665507643655083), (114.0400651, 22.6637385), (114.04208352754512, 22.662763056344915), (114.04293850000002, 22.664532199999996), 27.5]
[(114.04295520000002, 22.666536000000015), (114.03931321642676, 22.66827042947267), (114.03863200000005, 22.666840000000015), (114.04227398357331, 22.66510557052736), (114.04295520000002, 22.666536000000015), 27.7]
[(114.04326417097667, 22.6671847823456), (114.03962218740341, 22.668919211818256), (114.03863200000005, 22.666840000000015), (114.04227398357331, 22.66510557052736), (114.04326417097667, 22.6671847823456), 27.7]
[(114.04020333265302, 22.66961061273738), (114.03863199999998, 22.66684), (114.04172482916425, 22.665085924668382), (114.0432961618173, 22.66785653740576), (114.04020333265302, 22.66961061273738), 27.7]
[(114.04329963445662, 22.667147180093167), (114.03969319024017, 22.668903273492425), (114.03902820000002, 22.667537600000003), (114.04263464421646, 22.665781506600744), (114.04329963445662, 22.667147180093167), 27.7]
[(114.0429896, 22.667316), (114.03970021776772, 22.66891770574646), (114.03902820000002, 22.667537600000003), (114.04231758223231, 22.665935894253543), (114.0429896, 22.667316), 27.7]
[(114.04056874917222, 22.67025353862598), (114.0390282, 22.66753760000001), (114.04212044228522, 22.66578360186204), (114.04366099145744, 22.668499540488007), (114.04056874917222, 22.67025353862598), 27.7]
[(114.03902819999998, 22.66753759999999), (114.04237682517396, 22.665926307591384), (114.04335789999998, 22.667965199999998), (114.04000927482599, 22.669576492408602), (114.03902819999998, 22.66753759999999), 27.7]
[(114.04331047863514, 22.667974980267424), (114.04002109640284, 22.669576686013883), (114.03902820000002, 22.667537600000003), (114.04231758223231, 22.665935894253543), (114.04331047863514, 22.667974980267424), 27.7]
[(114.04367623477546, 22.668626084408373), (114.04037341789166, 22.67021698511325), (114.03938679999999, 22.66816869999999), (114.04268961688379, 22.666577799295112), (114.04367623477546, 22.668626084408373), 27.7]
[(114.04335789999999, 22.667965200000005), (114.04005508311619, 22.66955610070488), (114.03938679999999, 22.66816869999999), (114.04268961688379, 22.666577799295112), (114.04335789999999, 22.667965200000005), 27.7]
[(114.04020474743595, 22.66961022891025), (114.03908343007637, 22.667634048876728), (114.04217491629353, 22.665879888272265), (114.04329623365308, 22.667856068305788), (114.04020474743595, 22.66961022891025), 27.7]
[(114.0397719, 22.66884660000001), (114.0430859935566, 22.667269619928888), (114.04372484009596, 22.668612184263388), (114.04041074653935, 22.67018916433451), (114.0397719, 22.66884660000001), 27.7]
[(114.04019549677628, 22.669610686464054), (114.038632, 22.666839999999993), (114.04016910322372, 22.665972613535942), (114.04173259999999, 22.668743300000003), (114.04019549677628, 22.669610686464054), 117.7]
[(114.04056089771584, 22.670253550783663), (114.03902819999999, 22.667537599999996), (114.04056330069773, 22.666671293678405), (114.04209599841357, 22.669387244462072), (114.04056089771584, 22.670253550783663), 117.3]
[(114.04055887932056, 22.670254639884377), (114.038632, 22.666839999999993), (114.04016910322372, 22.665972613535942), (114.04209598254428, 22.669387253420325), (114.04055887932056, 22.670254639884377), 117.3]
[(114.04060641615484, 22.666751203153517), (114.04242688387002, 22.665884835314607), (114.04372479999999, 22.66861210000001), (114.04190433228482, 22.66947846783892), (114.04060641615484, 22.666751203153517), 117.3]
[(114.04218318515315, 22.665880108499806), (114.04372479999998, 22.66861209999999), (114.04215751484682, 22.669496491500176), (114.04061589999998, 22.666764499999992), (114.04218318515315, 22.665880108499806), 117.3]
[(114.04373197064352, 22.664428557536446), (114.04528861833093, 22.6679135956837), (114.04372480000002, 22.66861210000001), (114.04216815231261, 22.665127061852758), (114.04373197064352, 22.664428557536446), 117.3]
[(114.0397719, 22.66884660000001), (114.0430859935566, 22.667269619928888), (114.04372484009596, 22.668612184263388), (114.04041074653935, 22.67018916433451), (114.0397719, 22.66884660000001), 207.6]
[(114.04372479999998, 22.668612100000004), (114.04037709631888, 22.670224621775617), (114.03938679999999, 22.66816869999999), (114.04273450368109, 22.666556178224376), (114.04372479999998, 22.668612100000004), 207.6]
[(114.04063288281094, 22.67036573180812), (114.0390833667725, 22.667633701485812), (114.04217528396156, 22.66588006967769), (114.04372479999999, 22.668612099999997), (114.04063288281094, 22.67036573180812), 207.6]
[(114.04592260031396, 22.657194389975984), (114.0439580267206, 22.65816977570892), (114.0424936, 22.655220200000002), (114.04445817359337, 22.654244814267066), (114.04592260031396, 22.657194389975984), 295.8]
[(114.04564638432892, 22.656638049430953), (114.04368181073556, 22.65761343516389), (114.0424936, 22.655220200000002), (114.04445817359337, 22.654244814267066), (114.04564638432892, 22.656638049430953), 295.8]
[(114.04338121878261, 22.660424249638382), (114.04515111878263, 22.65956254963838), (114.04637209999999, 22.662070399999998), (114.04460219999997, 22.6629321), (114.04338121878261, 22.660424249638382), 297.7]
[(114.04506439513324, 22.663320489356224), (114.04340987452079, 22.660411323576), (114.04493517877168, 22.659543842134923), (114.04658969938413, 22.662453007915147), (114.04506439513324, 22.663320489356224), 297.7]
[(114.04502331278727, 22.66324825371639), (114.04340987452079, 22.660411323576), (114.04493517877168, 22.659543842134923), (114.04654861703816, 22.662380772275313), (114.04502331278727, 22.66324825371639), 297.7]
[(114.04516537902884, 22.656027719344735), (114.04693710000001, 22.659143099999994), (114.04525220457877, 22.660101302185325), (114.04348048360762, 22.656985921530065), (114.04516537902884, 22.656027719344735), 297.0]
[(114.0409860221587, 22.656108899541906), (114.04422033696636, 22.65457246206914), (114.04474959999999, 22.65568660000001), (114.04151528519233, 22.657223037472775), (114.0409860221587, 22.656108899541906), 207.5]
[(114.04239794118293, 22.655103671951615), (114.0456722947444, 22.660825812433053), (114.04378901317529, 22.661903473796514), (114.0405146596138, 22.656181333315075), (114.04239794118293, 22.655103671951615), 297.6]
[(114.04239794118293, 22.655103671951615), (114.04606888885823, 22.661518885795722), (114.04418560728911, 22.662596547159183), (114.0405146596138, 22.656181333315075), (114.04239794118293, 22.655103671951615), 297.6]
[(114.04239794118293, 22.655103671951615), (114.04638142563675, 22.662065063634707), (114.04449814406763, 22.663142724998167), (114.0405146596138, 22.656181333315075), (114.04239794118293, 22.655103671951615), 297.6]
[(114.04238874617708, 22.65510398549226), (114.04567701454934, 22.660823082035293), (114.04386654487533, 22.6618640349416), (114.04057827650308, 22.65614493839857), (114.04238874617708, 22.65510398549226), 297.6]
[(114.04238874617708, 22.65510398549226), (114.04607503250392, 22.661515331830756), (114.04426456282992, 22.662556284737065), (114.04057827650308, 22.65614493839857), (114.04238874617708, 22.65510398549226), 297.6]
[(114.04238874617708, 22.65510398549226), (114.04638869131585, 22.66206086060882), (114.04457822164186, 22.663101813515127), (114.04057827650308, 22.65614493839857), (114.04238874617708, 22.65510398549226), 297.6]
[(114.04236746638534, 22.655050415310377), (114.0456722947444, 22.660825812433053), (114.04378901317529, 22.661903473796514), (114.04048418481622, 22.656128076673838), (114.04236746638534, 22.655050415310377), 297.3]
[(114.04236746638534, 22.655050415310377), (114.04606888885823, 22.661518885795722), (114.04418560728911, 22.662596547159183), (114.04048418481622, 22.656128076673838), (114.04236746638534, 22.655050415310377), 297.3]
[(114.04236746638534, 22.655050415310377), (114.04638142563675, 22.662065063634707), (114.04449814406763, 22.663142724998167), (114.04048418481622, 22.656128076673838), (114.04236746638534, 22.655050415310377), 297.3]
[(114.04235816272325, 22.65505079344547), (114.04567701454934, 22.660823082035293), (114.04386654487533, 22.6618640349416), (114.04054769304923, 22.656091746351777), (114.04235816272325, 22.65505079344547), 297.3]
[(114.04235816272325, 22.65505079344547), (114.04607503250392, 22.661515331830756), (114.04426456282992, 22.662556284737065), (114.04054769304923, 22.656091746351777), (114.04235816272325, 22.65505079344547), 297.3]
[(114.04235816272325, 22.65505079344547), (114.04638869131585, 22.66206086060882), (114.04457822164186, 22.663101813515127), (114.04054769304923, 22.656091746351777), (114.04235816272325, 22.65505079344547), 297.3]
[(114.04375585462437, 22.66190978334187), (114.04048517576803, 22.65612706926734), (114.04239552114365, 22.65504658592547), (114.04566619999999, 22.660829299999996), (114.04375585462437, 22.66190978334187), 297.3]
[(114.044150912822, 22.6626044053953), (114.04048512309235, 22.65612712231203), (114.04239521027034, 22.655046116916736), (114.04606099999998, 22.661523400000007), (114.044150912822, 22.6626044053953), 297.3]
[(114.04446217651758, 22.663151736013596), (114.04048508974003, 22.656127155927074), (114.04239501322243, 22.655045819913468), (114.04637209999999, 22.66207039999999), (114.04446217651758, 22.663151736013596), 297.3]
[(114.0438200584238, 22.66187346994186), (114.04054937956747, 22.656090755867332), (114.04239552114365, 22.65504658592547), (114.04566619999999, 22.660829299999996), (114.0438200584238, 22.66187346994186), 297.3]
[(114.04421510582625, 22.66256807564828), (114.04054931609662, 22.65609079256501), (114.04239521027034, 22.655046116916736), (114.04606099999998, 22.661523400000007), (114.04421510582625, 22.66256807564828), 297.3]
[(114.04452636267928, 22.6631153959147), (114.04054927590172, 22.65609081582818), (114.04239501322243, 22.655045819913468), (114.04637209999999, 22.66207039999999), (114.04452636267928, 22.6631153959147), 297.3]
[(114.04375595893447, 22.661909764032472), (114.04051538297912, 22.65618048376041), (114.04242562404464, 22.655100019727946), (114.04566619999999, 22.66082930000001), (114.04375595893447, 22.661909764032472), 297.2]
[(114.04415102879967, 22.662604379702366), (114.04051534436374, 22.65618052868016), (114.04242531556406, 22.655099548977788), (114.046061, 22.661523399999993), (114.04415102879967, 22.662604379702366), 297.2]
[(114.04446229961947, 22.66315170576857), (114.04051531995339, 22.656180557100626), (114.04242512033389, 22.655099251332054), (114.04637209999997, 22.662070399999998), (114.04446229961947, 22.66315170576857), 297.2]
[(114.04382016209283, 22.661873449661137), (114.04057958613748, 22.656144169389073), (114.04242562404464, 22.655100019727946), (114.04566619999999, 22.66082930000001), (114.04382016209283, 22.661873449661137), 297.2]
[(114.04421522115831, 22.662568048978265), (114.04057953672236, 22.65614419795606), (114.04242531556406, 22.655099548977788), (114.046061, 22.661523399999993), (114.04421522115831, 22.662568048978265), 297.2]
[(114.04452648514322, 22.663115364704964), (114.04057950547714, 22.65614421603702), (114.04242512033389, 22.655099251332054), (114.04637209999997, 22.662070399999998), (114.04452648514322, 22.663115364704964), 297.2]
[(114.04253605034833, 22.65525488773484), (114.04379250000001, 22.6575256), (114.0422438414861, 22.65838251678344), (114.04098739183442, 22.656111804518282), (114.04253605034833, 22.65525488773484), 297.3]
[(114.04254012041315, 22.655252569883707), (114.0441002, 22.658071799999995), (114.04254740647076, 22.658931070576585), (114.04098732688391, 22.656111840460298), (114.04254012041315, 22.655252569883707), 297.3]
[(114.04274389052725, 22.659258749091777), (114.04097505255473, 22.65611875562915), (114.04251226202749, 22.655252806537383), (114.0442811, 22.65839280000001), (114.04274389052725, 22.659258749091777), 297.3]
[(114.04279841491709, 22.659355202704198), (114.04097490938176, 22.656118837745076), (114.04251197718474, 22.65525278843286), (114.04433548272007, 22.658489153391983), (114.04279841491709, 22.659355202704198), 297.3]
[(114.04282052283207, 22.659394383865767), (114.04097488610103, 22.65611885110078), (114.04251196326896, 22.655252767234998), (114.04435760000001, 22.658528299999986), (114.04282052283207, 22.659394383865767), 297.3]
[(114.04312683461927, 22.65993491974003), (114.0409739191723, 22.656119406599977), (114.04251138455302, 22.655251886859944), (114.04466430000001, 22.659067399999998), (114.04312683461927, 22.65993491974003), 297.3]
[(114.043122280926, 22.659937489175967), (114.04096936547901, 22.656121976035912), (114.04251138455302, 22.655251886859944), (114.04466430000001, 22.659067399999998), (114.043122280926, 22.659937489175967), 297.3]
[(114.04344925697491, 22.6605146808041), (114.04096841648794, 22.65612252253375), (114.04251095951304, 22.655251241729644), (114.0449918, 22.659643399999993), (114.04344925697491, 22.6605146808041), 297.3]
[(114.04378542694712, 22.661107460955805), (114.04096763654894, 22.65612297251316), (114.04251060960186, 22.655250711557358), (114.04532840000005, 22.660235200000002), (114.04378542694712, 22.661107460955805), 297.3]
[(114.04378043191647, 22.661110284705835), (114.04096264151829, 22.65612579626319), (114.04251060960186, 22.655250711557358), (114.04532840000005, 22.660235200000002), (114.04378043191647, 22.661110284705835), 297.3]
[(114.04411776462237, 22.661705200070458), (114.04096191338562, 22.656126216957716), (114.04251034876324, 22.655250316887255), (114.0456662, 22.660829299999996), (114.04411776462237, 22.661705200070458), 297.3]
[(114.04273056253386, 22.655194500849767), (114.04606099999998, 22.6615234), (114.0443178374661, 22.662440699150224), (114.04098739999998, 22.65611179999999), (114.04273056253386, 22.655194500849767), 297.3]
[(114.04272570517861, 22.655190487805584), (114.04637210000001, 22.662070400000005), (114.04463379482141, 22.662991712194426), (114.0409874, 22.656111800000005), (114.04272570517861, 22.655190487805584), 297.3]
[(114.04588593037052, 22.660722909698258), (114.04332049620021, 22.66196505622024), (114.0405167658297, 22.656174446521987), (114.04308220000001, 22.654932300000006), (114.04588593037052, 22.660722909698258), 298.4]
[(114.04623867131158, 22.661451433787377), (114.04367323714128, 22.66269358030936), (114.0405167658297, 22.656174446521987), (114.04308220000001, 22.654932300000006), (114.04623867131158, 22.661451433787377), 298.4]
[(114.04650864886985, 22.662009024732505), (114.04394321469954, 22.663251171254487), (114.0405167658297, 22.656174446521987), (114.04308220000001, 22.654932300000006), (114.04650864886985, 22.662009024732505), 298.4]
[(114.04588593037052, 22.660722909698258), (114.04338503037053, 22.661933809698255), (114.04058130000001, 22.656143200000002), (114.04308220000001, 22.654932300000006), (114.04588593037052, 22.660722909698258), 298.4]
[(114.04623867131158, 22.661451433787377), (114.0437377713116, 22.662662333787374), (114.04058130000001, 22.656143200000002), (114.04308220000001, 22.654932300000006), (114.04623867131158, 22.661451433787377), 298.4]
[(114.04650864886985, 22.662009024732505), (114.04400774886986, 22.663219924732502), (114.04058130000001, 22.656143200000002), (114.04308220000001, 22.654932300000006), (114.04650864886985, 22.662009024732505), 298.4]
[(114.04332952304713, 22.661965496343548), (114.04048750604731, 22.65612066533273), (114.04282418300019, 22.654984468989177), (114.04566620000001, 22.660829299999996), (114.04332952304713, 22.661965496343548), 298.0]
[(114.04373254607206, 22.662676046255875), (114.04048769221323, 22.6561211360441), (114.04281614614116, 22.65496848978823), (114.046061, 22.661523400000007), (114.04373254607206, 22.662676046255875), 298.0]
[(114.04404907775437, 22.66323360292295), (114.04048781592333, 22.656121438490707), (114.04281083816898, 22.65495823556777), (114.04637210000001, 22.66207040000001), (114.04404907775437, 22.66323360292295), 298.0]
[(114.04339361699982, 22.661934331010826), (114.0405516, 22.656089500000007), (114.04282418300019, 22.654984468989177), (114.04566620000001, 22.660829299999996), (114.04339361699982, 22.661934331010826), 298.0]
[(114.04379645385885, 22.662644410211776), (114.04055160000001, 22.6560895), (114.04281614614116, 22.65496848978823), (114.046061, 22.661523400000007), (114.04379645385885, 22.662644410211776), 298.0]
[(114.04411286183102, 22.663201664432243), (114.04055159999999, 22.6560895), (114.04281083816898, 22.65495823556777), (114.04637210000001, 22.66207040000001), (114.04411286183102, 22.663201664432243), 298.0]
[(114.04332914016959, 22.661964476823385), (114.04051679765423, 22.65617453063477), (114.04285385748464, 22.655039353811375), (114.0456662, 22.66082929999999), (114.04332914016959, 22.661964476823385), 297.6]
[(114.04373220488313, 22.662675287977365), (114.04051698453009, 22.656175012251772), (114.04284577964698, 22.6550231242744), (114.04606100000002, 22.661523399999993), (114.04373220488313, 22.662675287977365), 297.6]
[(114.04404875909381, 22.66323299642947), (114.04051710864603, 22.656175321260676), (114.04284044955219, 22.655012724831202), (114.04637209999999, 22.662070399999998), (114.04404875909381, 22.66323299642947), 297.6]
[(114.04339364251535, 22.661933146188616), (114.0405813, 22.656143200000002), (114.04285385748464, 22.655039353811375), (114.0456662, 22.66082929999999), (114.04339364251535, 22.661933146188616), 297.6]
[(114.04379652035306, 22.662643475725595), (114.04058130000001, 22.656143200000002), (114.04284577964698, 22.6550231242744), (114.04606100000002, 22.661523399999993), (114.04379652035306, 22.662643475725595), 297.6]
[(114.04411295044778, 22.663200875168783), (114.04058129999999, 22.65614319999999), (114.04284044955219, 22.655012724831202), (114.04637209999999, 22.662070399999998), (114.04411295044778, 22.663200875168783), 297.6]
[(114.0458084267206, 22.65725107570892), (114.0439580267206, 22.65816977570892), (114.0424936, 22.655220200000002), (114.044344, 22.654301500000003), (114.0458084267206, 22.65725107570892), 298.4]
[(114.04553221073556, 22.65669473516389), (114.04368181073556, 22.65761343516389), (114.0424936, 22.655220200000002), (114.044344, 22.654301500000003), (114.04553221073556, 22.65669473516389), 298.4]
[(114.03912065261093, 22.65244787461151), (114.04112045261094, 22.651518374611506), (114.04224159999998, 22.653930499999994), (114.04024179999996, 22.65486), (114.03912065261093, 22.65244787461151), 116.7]
[(114.04080654424324, 22.655894307398498), (114.03953900000002, 22.653596899999997), (114.04146985575677, 22.652531592601505), (114.0427374, 22.654829000000007), (114.04080654424324, 22.655894307398498), 297.4]
[(114.04080654424324, 22.655894307398498), (114.03953900000002, 22.653596899999997), (114.04146985575677, 22.652531592601505), (114.0427374, 22.654829000000007), (114.04080654424324, 22.655894307398498), 297.4]
[(114.04161959180185, 22.657179642971144), (114.04485860862519, 22.655628052758004), (114.04566919999999, 22.6573202), (114.04243018317666, 22.65887179021314), (114.04161959180185, 22.657179642971144), 207.5]
[(114.04188620000002, 22.657736199999995), (114.0451252587707, 22.656184651858112), (114.04566921173243, 22.657320224492942), (114.04243015296176, 22.658871772634825), (114.04188620000002, 22.657736199999995), 207.5]
[(114.0466187, 22.658600199999995), (114.04477613515174, 22.659482846105753), (114.0441002, 22.658071800000002), (114.04594276484826, 22.657189153894244), (114.0466187, 22.658600199999995), 297.4]
[(114.04158419999999, 22.657190299999996), (114.04482671848453, 22.655648238735225), (114.04536409999997, 22.656778200000005), (114.04212158151546, 22.658320261264777), (114.04158419999999, 22.657190299999996), 207.4]
[(114.0454779978802, 22.656575841731183), (114.0466187, 22.658600199999995), (114.04493314345807, 22.65954999132402), (114.04379244133827, 22.657525633055208), (114.0454779978802, 22.656575841731183), 297.3]
[(114.04547354135337, 22.656569589628006), (114.04693710000001, 22.659143099999994), (114.04525220457877, 22.660101302185325), (114.04378864593214, 22.657527791813337), (114.04547354135337, 22.656569589628006), 297.3]
[(114.04547347585061, 22.656569585593076), (114.04693710000001, 22.65914310000001), (114.0452522241865, 22.660101332416623), (114.04378860003712, 22.65752781800969), (114.04547347585061, 22.656569585593076), 297.3]
[(114.04314019204551, 22.65632928008226), (114.0443354, 22.658489200000005), (114.042779348334, 22.659350252909213), (114.0415841403795, 22.65719033299147), (114.04314019204551, 22.65632928008226), 110.6]
[(114.04279819399292, 22.659355147139465), (114.04128018893476, 22.65666042550133), (114.04281739840752, 22.65579447640956), (114.04433540346568, 22.658489198047697), (114.04279819399292, 22.659355147139465), 110.6]
[(114.04279841491709, 22.659355202704198), (114.04097490938176, 22.656118837745076), (114.04251197718474, 22.65525278843286), (114.04433548272007, 22.658489153391983), (114.04279841491709, 22.659355202704198), 110.6]
[(114.04281634068982, 22.65939678505336), (114.04157570466899, 22.657195087038744), (114.0431169639792, 22.65632660198539), (114.04435760000004, 22.658528300000008), (114.04281634068982, 22.65939678505336), 110.8]
[(114.04282054258346, 22.659394388581923), (114.04128006984479, 22.65666049380794), (114.04281712726133, 22.655794405226004), (114.04435760000001, 22.658528299999986), (114.04282054258346, 22.659394388581923), 110.8]
[(114.04282052283207, 22.659394383865767), (114.04097488610103, 22.65611885110078), (114.04251196326896, 22.655252767234998), (114.04435760000001, 22.658528299999986), (114.04282052283207, 22.659394383865767), 110.8]
[(114.0443576, 22.658528299999986), (114.04255041133715, 22.659386856421868), (114.04152111331354, 22.657220271126377), (114.04332830197637, 22.656361714704495), (114.0443576, 22.658528299999986), 111.2]
[(114.04435760000001, 22.658528300000008), (114.04255245658717, 22.659390210199902), (114.04125455997985, 22.656671957751406), (114.04305970339269, 22.655810047551512), (114.04435760000001, 22.658528300000008), 111.2]
[(114.04279262678313, 22.65525002593529), (114.04435759999998, 22.658528300000008), (114.04255237321685, 22.659390074064717), (114.04098739999999, 22.656111799999998), (114.04279262678313, 22.65525002593529), 111.2]
[(114.04439410000002, 22.65859230000001), (114.0477198077627, 22.65700389313612), (114.04813610000002, 22.65787550000001), (114.04481039223734, 22.6594639068639), (114.04439410000002, 22.65859230000001), 27.7]
[(114.04439410000003, 22.658592299999995), (114.04769791014544, 22.656960322550518), (114.04841541678775, 22.65841285838364), (114.04511160664232, 22.66004483583312), (114.04439410000003, 22.658592299999995), 27.7]
[(114.04428110000002, 22.65839280000001), (114.04762123300715, 22.656797503427548), (114.04813610000002, 22.65787550000001), (114.0447959669929, 22.65947079657247), (114.04428110000002, 22.65839280000001), 27.5]
[(114.04435760000003, 22.658528300000008), (114.04768813846373, 22.65693758592237), (114.04813610000002, 22.65787550000001), (114.04480556153632, 22.659466214077646), (114.04435760000003, 22.658528300000008), 27.8]
[(114.0443576, 22.658528300000008), (114.04766533780708, 22.656894382410222), (114.04841541678775, 22.65841285838364), (114.04510767898067, 22.660046775973427), (114.0443576, 22.658528300000008), 27.8]
[(114.04433540000002, 22.658489200000005), (114.04766880893072, 22.65689711494518), (114.04813610000002, 22.65787550000001), (114.04480269106932, 22.659467585054834), (114.04433540000002, 22.658489200000005), 27.7]
[(114.0443354, 22.65848920000002), (114.04764545760531, 22.656854136503462), (114.04841541678775, 22.65841285838364), (114.04510535918243, 22.6600479218802), (114.0443354, 22.65848920000002), 27.7]
[(114.04452, 22.658813700000003), (114.0478105180567, 22.65718828842087), (114.04841541678775, 22.65841285838364), (114.04512489873105, 22.660038269962776), (114.04452, 22.658813700000003), 27.7]
[(114.04335789999999, 22.667965200000005), (114.04005508311619, 22.66955610070488), (114.03938679999999, 22.66816869999999), (114.04268961688379, 22.666577799295112), (114.04335789999999, 22.667965200000005), 207.6]
[(114.04335789999999, 22.667965199999998), (114.04006780426005, 22.6695672573943), (114.03906966647932, 22.667517412693407), (114.04235976221926, 22.665915355299106), (114.04335789999999, 22.667965199999998), 207.6]
[(114.04812638046887, 22.66614352785532), (114.04544655944169, 22.666034846334746), (114.04554399999999, 22.663632199999995), (114.04822382102718, 22.663740881520567), (114.04812638046887, 22.66614352785532), 267.5]
[(114.04683660000002, 22.665062500000005), (114.04689388691371, 22.663686049924095), (114.04822380000002, 22.663741400000003), (114.04816651308633, 22.665117850075912), (114.04683660000002, 22.665062500000005), 267.5]
[(114.04643419999998, 22.6660747), (114.04653729880238, 22.663669119624146), (114.04822380000002, 22.663741400000003), (114.04812070119762, 22.666146980375856), (114.04643419999998, 22.6660747), 267.5]
[(114.04556713031128, 22.662904157067686), (114.04825779999999, 22.663013799999998), (114.04822814358974, 22.663741576998284), (114.04553747390104, 22.663631934065975), (114.04556713031128, 22.662904157067686), 177.5]
[(114.04253605034833, 22.65525488773484), (114.04379250000001, 22.6575256), (114.0422438414861, 22.65838251678344), (114.04098739183442, 22.656111804518282), (114.04253605034833, 22.65525488773484), 117.3]
[(114.04188620000002, 22.657736199999995), (114.0451252587707, 22.656184651858112), (114.04566921173243, 22.657320224492942), (114.04243015296176, 22.658871772634825), (114.04188620000002, 22.657736199999995), 27.1]
[(114.04313945989838, 22.656329685221394), (114.04428110000002, 22.6583928), (114.04272578048113, 22.659253447770077), (114.0415841403795, 22.65719033299147), (114.04313945989838, 22.656329685221394), 297.2]
[(114.04314019204551, 22.65632928008226), (114.0443354, 22.658489200000005), (114.042779348334, 22.659350252909213), (114.0415841403795, 22.65719033299147), (114.04314019204551, 22.65632928008226), 297.2]
[(114.04281634068982, 22.65939678505336), (114.04157570466899, 22.657195087038744), (114.0431169639792, 22.65632660198539), (114.04435760000004, 22.658528300000008), (114.04281634068982, 22.65939678505336), 297.2]
[(114.04312294392432, 22.65993764967542), (114.0415747899171, 22.657195612933016), (114.04311614599277, 22.656325363257587), (114.0446643, 22.65906739999999), (114.04312294392432, 22.65993764967542), 297.2]
[(114.04344538756925, 22.66051760791828), (114.0415692067993, 22.657198775859698), (114.04311561923006, 22.656324567941418), (114.04499180000002, 22.6596434), (114.04344538756925, 22.66051760791828), 297.2]
[(114.04378171953178, 22.661110392420028), (114.04156854082098, 22.657199160779612), (114.04311522128921, 22.65632396835958), (114.04532840000002, 22.660235199999995), (114.04378171953178, 22.661110392420028), 297.2]
[(114.04205909234672, 22.65911971021457), (114.03854277817126, 22.652270673269385), (114.04058388582453, 22.651222763054804), (114.0441002, 22.658071799999988), (114.04205909234672, 22.65911971021457), 291.7]
[(114.04224218169554, 22.65944432131611), (114.03854259995163, 22.65227076732254), (114.04058151825609, 22.651219246006427), (114.0442811, 22.658392799999994), (114.04224218169554, 22.65944432131611), 291.7]
[(114.04262978287184, 22.66012609143504), (114.03854224592962, 22.65227095664728), (114.04057676305777, 22.651212265212237), (114.0446643, 22.659067399999998), (114.04262978287184, 22.66012609143504), 291.7]
[(114.0429605246278, 22.660707298536778), (114.03854198870187, 22.65227109630763), (114.04057326407408, 22.65120719777085), (114.04499180000002, 22.6596434), (114.0429605246278, 22.660707298536778), 291.7]
[(114.04329607649456, 22.661305818016253), (114.03853779588161, 22.65227331026049), (114.04057011938707, 22.651202692244247), (114.04532840000002, 22.66023520000001), (114.04329607649456, 22.661305818016253), 291.7]
[(114.04205909234672, 22.65911971021457), (114.03854277817126, 22.652270673269385), (114.04058388582453, 22.651222763054804), (114.0441002, 22.658071799999988), (114.04205909234672, 22.65911971021457), 291.7]
[(114.04224218169554, 22.65944432131611), (114.03854259995163, 22.65227076732254), (114.04058151825609, 22.651219246006427), (114.0442811, 22.658392799999994), (114.04224218169554, 22.65944432131611), 291.7]
[(114.04262978287184, 22.66012609143504), (114.03854224592962, 22.65227095664728), (114.04057676305777, 22.651212265212237), (114.0446643, 22.659067399999998), (114.04262978287184, 22.66012609143504), 291.7]
[(114.0429605246278, 22.660707298536778), (114.03854198870187, 22.65227109630763), (114.04057326407408, 22.65120719777085), (114.04499180000002, 22.6596434), (114.0429605246278, 22.660707298536778), 291.7]
[(114.04329607649456, 22.661305818016253), (114.03853779588161, 22.65227331026049), (114.04057011938707, 22.651202692244247), (114.04532840000002, 22.66023520000001), (114.04329607649456, 22.661305818016253), 291.7]
[(114.0436290049848, 22.66190788408388), (114.03853016803912, 22.652277364438156), (114.04056736305435, 22.651198780354285), (114.04566620000003, 22.66082930000001), (114.0436290049848, 22.66190788408388), 291.7]
[(114.03912065261093, 22.65244787461151), (114.04112045261094, 22.651518374611506), (114.04224159999998, 22.653930499999994), (114.04024179999996, 22.65486), (114.03912065261093, 22.65244787461151), 297.0]
[(114.04544743115993, 22.666031822575892), (114.0455228, 22.6643239), (114.04819465858493, 22.66444180632973), (114.04811928974486, 22.666149728905623), (114.04544743115993, 22.666031822575892), 87.6]
[(114.04812638046887, 22.66614352785532), (114.04544655944169, 22.666034846334746), (114.04554399999999, 22.663632199999995), (114.04822382102718, 22.663740881520567), (114.04812638046887, 22.66614352785532), 87.6]
[(114.0463035, 22.6660696), (114.04640662025912, 22.66366351897931), (114.04822380000002, 22.663741400000003), (114.04812067974089, 22.666147481020694), (114.0463035, 22.6660696), 87.6]
[(114.04556629050134, 22.662916083691453), (114.0482578, 22.6630138), (114.0481444186168, 22.666136790158006), (114.04545290911814, 22.666039073849458), (114.04556629050134, 22.662916083691453), 87.6]
[(114.04630350000001, 22.6660696), (114.04644201401214, 22.662933598569005), (114.0482578, 22.6630138), (114.04811928598787, 22.666149801430997), (114.04630350000001, 22.6660696), 87.6]
[(114.04643419999998, 22.6660747), (114.04653729880238, 22.663669119624146), (114.04822380000002, 22.663741400000003), (114.04812070119762, 22.666146980375856), (114.04643419999998, 22.6660747), 87.7]
[(114.04643420000001, 22.6660747), (114.04657268434929, 22.662939370145665), (114.0482578, 22.6630138), (114.04811931565072, 22.66614912985434), (114.04643420000001, 22.6660747), 87.7]
[(114.04825779999997, 22.663013799999998), (114.04817300203356, 22.665791885622763), (114.04548049999998, 22.665709699999997), (114.04556529796639, 22.662931614377232), (114.04825779999997, 22.663013799999998), 88.2]
[(114.04686730926751, 22.66436493964643), (114.04682500926751, 22.665750739646427), (114.04548049999998, 22.665709699999997), (114.04552279999999, 22.6643239), (114.04686730926751, 22.66436493964643), 88.2]
[(114.0469281, 22.6630048), (114.04684414330157, 22.665751383419703), (114.04548043935796, 22.665709698146312), (114.04556439605639, 22.662963114726608), (114.0469281, 22.6630048), 88.2]
[(114.04329963445662, 22.667147180093167), (114.03969319024017, 22.668903273492425), (114.03902820000002, 22.667537600000003), (114.04263464421646, 22.665781506600744), (114.04329963445662, 22.667147180093167), 207.5]
[(114.04218318515315, 22.665880108499806), (114.04372479999998, 22.66861209999999), (114.04215751484682, 22.669496491500176), (114.04061589999998, 22.666764499999992), (114.04218318515315, 22.665880108499806), 297.8]
[(114.04330820000001, 22.667164700000008), (114.03970172786458, 22.668920806993903), (114.03902820000002, 22.667537600000003), (114.04263467213543, 22.665781493006108), (114.04330820000001, 22.667164700000008), 204.3]
[(114.04019364133393, 22.669606754862244), (114.03908185909609, 22.667625195681154), (114.04249423741113, 22.66571063181869), (114.04360601964896, 22.66769219099978), (114.04019364133393, 22.669606754862244), 204.3]
[(114.04295520000002, 22.666536000000015), (114.03931321642676, 22.66827042947267), (114.03863200000005, 22.666840000000015), (114.04227398357331, 22.66510557052736), (114.04295520000002, 22.666536000000015), 207.2]
[(114.04304765169621, 22.65986301407758), (114.04481565169623, 22.65899291407758), (114.04606100000001, 22.6615234), (114.044293, 22.6623935), (114.04304765169621, 22.65986301407758), 118.1]
[(114.04239794118293, 22.655103671951615), (114.04606888885823, 22.661518885795722), (114.04418560728911, 22.662596547159183), (114.0405146596138, 22.656181333315075), (114.04239794118293, 22.655103671951615), 118.1]
[(114.04236746638534, 22.655050415310377), (114.04606888885823, 22.661518885795722), (114.04418560728911, 22.662596547159183), (114.04048418481622, 22.656128076673838), (114.04236746638534, 22.655050415310377), 118.1]
[(114.04238874617708, 22.65510398549226), (114.04607503250392, 22.661515331830756), (114.04426456282992, 22.662556284737065), (114.04057827650308, 22.65614493839857), (114.04238874617708, 22.65510398549226), 118.1]
[(114.04235816272325, 22.65505079344547), (114.04607503250392, 22.661515331830756), (114.04426456282992, 22.662556284737065), (114.04054769304923, 22.656091746351777), (114.04235816272325, 22.65505079344547), 118.1]
[(114.0423980722691, 22.655103596940783), (114.0460690199444, 22.66151881078489), (114.04418560728911, 22.662596547159183), (114.0405146596138, 22.656181333315075), (114.0423980722691, 22.655103596940783), 118.1]
[(114.04236759747153, 22.655050340299546), (114.0460690199444, 22.66151881078489), (114.04418560728911, 22.662596547159183), (114.04048418481622, 22.656128076673838), (114.04236759747153, 22.655050340299546), 118.1]
[(114.04238844704065, 22.655103880113813), (114.04607559179246, 22.661515008020956), (114.0442653999265, 22.662556079036086), (114.04057825517467, 22.656144951128944), (114.04238844704065, 22.655103880113813), 118.1]
[(114.04235785751041, 22.655050691697255), (114.04607559179246, 22.661515008020956), (114.0442653999265, 22.662556079036086), (114.04054766564443, 22.656091762712386), (114.04235785751041, 22.655050691697255), 118.1]
[(114.04055887932056, 22.670254639884377), (114.038632, 22.666839999999993), (114.04016910322372, 22.665972613535942), (114.04209598254428, 22.669387253420325), (114.04055887932056, 22.670254639884377), 297.0]
[(114.04019549677628, 22.669610686464054), (114.038632, 22.666839999999993), (114.04016910322372, 22.665972613535942), (114.04173259999999, 22.668743300000003), (114.04019549677628, 22.669610686464054), 297.0]
[(114.04622891863976, 22.65786603746161), (114.04702192882809, 22.65929607171693), (114.04379899580186, 22.66108331472641), (114.04300598561353, 22.65965328047109), (114.04622891863976, 22.65786603746161), 208.4]
[(114.04721330000004, 22.6596141), (114.04381930593912, 22.661235184625347), (114.04331453947704, 22.66017837713506), (114.04670853353795, 22.658557292509713), (114.04721330000004, 22.6596141), 208.4]
[(114.04658576819782, 22.65848340695195), (114.0473645908431, 22.659886697347225), (114.04413095001281, 22.66168135988739), (114.04335212736753, 22.660278069492115), (114.04658576819782, 22.65848340695195), 208.4]
[(114.04721330000001, 22.659614100000006), (114.04372795602282, 22.661198744316806), (114.04296501269374, 22.6595206895579), (114.0464503566709, 22.6579360452411), (114.04721330000001, 22.659614100000006), 208.4]
[(114.04334669331219, 22.660305787474265), (114.04656294915183, 22.658468714121632), (114.047359, 22.6598624), (114.04414274416035, 22.661699473352634), (114.04334669331219, 22.660305787474265), 208.4]
[(114.047359, 22.6598624), (114.04384646810108, 22.66145940556033), (114.04296501269374, 22.6595206895579), (114.04647754459265, 22.657923683997574), (114.047359, 22.6598624), 208.4]
[(114.0404281546374, 22.663681815132215), (114.03951674671973, 22.662054063992024), (114.04106539208234, 22.6611869488598), (114.04197680000001, 22.66281469999999), (114.0404281546374, 22.663681815132215), 27.6]
[(114.04556235364834, 22.662936931124978), (114.04825779999999, 22.663013799999998), (114.0481787240555, 22.665786638369408), (114.04548327770385, 22.665709769494388), (114.04556235364834, 22.662936931124978), 269.6]
[(114.04556629050134, 22.662916083691453), (114.0482578, 22.6630138), (114.0481444186168, 22.666136790158006), (114.04545290911814, 22.666039073849458), (114.04556629050134, 22.662916083691453), 269.6]
[(114.04686662102287, 22.66438668615587), (114.04692992102288, 22.66295508615587), (114.0482578, 22.6630138), (114.0481945, 22.6644454), (114.04686662102287, 22.66438668615587), 269.6]
[(114.04680647863206, 22.665747432758415), (114.04692989405169, 22.66295510907151), (114.0482578, 22.663013800000005), (114.04813438458038, 22.66580612368691), (114.04680647863206, 22.665747432758415), 269.6]
[(114.04643420000001, 22.6660747), (114.04657268434929, 22.662939370145665), (114.0482578, 22.6630138), (114.04811931565072, 22.66614912985434), (114.04643420000001, 22.6660747), 269.6]
[(114.04128782989874, 22.66790794548359), (114.04563395532843, 22.666092342574828), (114.04628019999998, 22.667639300000005), (114.04193407457029, 22.669454902908768), (114.04128782989874, 22.66790794548359), 221.1]
[(114.04816561129276, 22.66509247329949), (114.04814421129275, 22.66579127329949), (114.04548049999998, 22.665709699999994), (114.04550189999999, 22.6650109), (114.04816561129276, 22.66509247329949), 177.7]
[(114.04814009600815, 22.66578559638281), (114.04546031767958, 22.66567586712918), (114.04554402167143, 22.663631670746373), (114.0482238, 22.663741400000003), (114.04814009600815, 22.66578559638281), 177.7]
[(114.04549248090683, 22.665010484059138), (114.04552279999999, 22.6643239), (114.04819465511687, 22.66444188733617), (114.04816433602372, 22.66512847139531), (114.04549248090683, 22.665010484059138), 177.7]
[(114.0481679298224, 22.665119022211158), (114.04548810879521, 22.665010340690586), (114.04554399999999, 22.663632199999995), (114.04822382102718, 22.663740881520567), (114.0481679298224, 22.665119022211158), 177.7]
[(114.04680632702514, 22.665747426056353), (114.04686654946535, 22.664384893346533), (114.04819460643107, 22.664443591996964), (114.04813438399086, 22.665806124706783), (114.04680632702514, 22.665747426056353), 267.2]
[(114.04551479686552, 22.664333872582585), (114.04554409686553, 22.663629872582586), (114.04822380000002, 22.663741400000003), (114.04819450000001, 22.6644454), (114.04551479686552, 22.664333872582585), 177.8]
[(114.04550455873009, 22.66432646085331), (114.0455678587301, 22.662894860853307), (114.0482578, 22.6630138), (114.0481945, 22.6644454), (114.04550455873009, 22.66432646085331), 177.8]
[(114.05080999603364, 22.650209980369258), (114.05206299603365, 22.65024208036926), (114.05197620000001, 22.6536301), (114.0507232, 22.653598), (114.05080999603364, 22.650209980369258), 268.0]
[(114.06124718810722, 22.64719682919305), (114.06105687399075, 22.649389801535246), (114.05677840000003, 22.649018500000004), (114.0569687141165, 22.64682552765781), (114.06124718810722, 22.64719682919305), 354.8]
[(114.06091719430815, 22.647168191130866), (114.06072688019168, 22.64936116347306), (114.05677840000003, 22.649018500000004), (114.0569687141165, 22.64682552765781), (114.06091719430815, 22.647168191130866), 354.8]
[(114.05681957790776, 22.646823472783858), (114.06112283928188, 22.646886893644893), (114.06109186137412, 22.64898882086104), (114.0567886, 22.648925400000003), (114.05681957790776, 22.646823472783858), 354.8]
[(114.06091586889335, 22.647163716346686), (114.06073595360627, 22.649263603529718), (114.05678859999999, 22.648925399999996), (114.05696851528707, 22.646825512816967), (114.06091586889335, 22.647163716346686), 354.8]
[(114.05287798867106, 22.648828918019635), (114.05629807036888, 22.648921785232304), (114.05602923538893, 22.658822347208954), (114.05260915369111, 22.658729479996286), (114.05287798867106, 22.648828918019635), 88.3]
[(114.05261195373365, 22.658731503956048), (114.05287253792787, 22.64892065766579), (114.05629270000004, 22.649011500000007), (114.05603211580582, 22.658822346290265), (114.05261195373365, 22.658731503956048), 88.3]
[(114.0528718541453, 22.648828751445745), (114.05629193995937, 22.648921618770185), (114.05602310497942, 22.658822180746835), (114.05260301916535, 22.658729313422395), (114.0528718541453, 22.648828751445745), 88.3]
[(114.05260001540135, 22.658729064342236), (114.05287269589039, 22.648916462172416), (114.05629269999999, 22.649011499999997), (114.05602001951095, 22.658824102169817), (114.05260001540135, 22.658729064342236), 88.3]
[(114.04537499999996, 22.6603171), (114.04720112416335, 22.659428417913645), (114.04775089102738, 22.660558116115105), (114.04592476686399, 22.66144679820146), (114.04537499999996, 22.6603171), 208.4]
[(114.04692158445535, 22.659076459286908), (114.04772487266527, 22.66048894613627), (114.0460230511737, 22.661456780378543), (114.04521976296378, 22.660044293529182), (114.04692158445535, 22.659076459286908), 208.4]
[(114.04767190000004, 22.66039580000001), (114.04420850466138, 22.662050032987516), (114.04331453947704, 22.66017837713506), (114.04677793481568, 22.658524144147556), (114.04767190000004, 22.66039580000001), 208.4]
[(114.04506439513324, 22.663320489356224), (114.04340987452079, 22.660411323576), (114.04493517877168, 22.659543842134923), (114.04658969938413, 22.662453007915147), (114.04506439513324, 22.663320489356224), 112.0]
[(114.04506433856665, 22.66332047759436), (114.04309461580542, 22.659856911923917), (114.04461996831557, 22.65898944704984), (114.0465896910768, 22.662453012720285), (114.04506433856665, 22.66332047759436), 112.0]
[(114.04502331278727, 22.66324825371639), (114.04340987452079, 22.660411323576), (114.04493517877168, 22.659543842134923), (114.04654861703816, 22.662380772275313), (114.04502331278727, 22.66324825371639), 114.1]
[(114.0450232578095, 22.66324824108323), (114.04309461580542, 22.659856911923917), (114.04461996831557, 22.65898944704984), (114.04654861031966, 22.662380776209154), (114.0450232578095, 22.66324824108323), 114.1]
[(114.05044871018372, 22.65220721538849), (114.05094031018372, 22.649784215388493), (114.05324100000003, 22.65025100000001), (114.05274940000002, 22.652674000000008), (114.05044871018372, 22.65220721538849), 359.6]
[(114.05080999603364, 22.650209980369258), (114.05206299603365, 22.65024208036926), (114.05197620000001, 22.6536301), (114.0507232, 22.653598), (114.05080999603364, 22.650209980369258), 88.4]
[(114.05053577677609, 22.65020487613969), (114.0520426767761, 22.65023437613969), (114.05197620000003, 22.653630100000004), (114.05046930000002, 22.653600600000004), (114.05053577677609, 22.65020487613969), 90.6]
[(114.06090035360626, 22.64734480352972), (114.06073595360627, 22.649263603529718), (114.05678859999999, 22.648925399999996), (114.05695299999998, 22.647006599999997), (114.06090035360626, 22.64734480352972), 178.9]
[(114.05871790000002, 22.644407800000003), (114.05718251852402, 22.653365683263104), (114.05301990883524, 22.652652211830148), (114.05455529031124, 22.643694328567047), (114.05871790000002, 22.644407800000003), 269.4]
[(114.05871790000005, 22.644407800000007), (114.05718600662959, 22.65336499997144), (114.05302281900437, 22.65265299627125), (114.05455471237482, 22.643695796299816), (114.05871790000005, 22.644407800000007), 269.4]
[(114.0608748747801, 22.653305875325216), (114.06140391001523, 22.656628668271864), (114.05960644585406, 22.656914849773518), (114.05907741061893, 22.65359205682687), (114.0608748747801, 22.653305875325216), 93.5]
[(114.0591070940696, 22.6534274971332), (114.06112930000002, 22.653313800000003), (114.06131726054937, 22.656656847681976), (114.05929505461896, 22.656770544815174), (114.0591070940696, 22.6534274971332), 93.5]
[(114.06057767089504, 22.653353194351627), (114.06110316297772, 22.656653733275785), (114.0596029027016, 22.656892595751028), (114.05907741061893, 22.65359205682687), (114.06057767089504, 22.653353194351627), 93.5]
[(114.0591070686626, 22.653427660416614), (114.06112930000002, 22.6533138), (114.06131752358645, 22.65665676717198), (114.05929529224903, 22.656770627588596), (114.0591070686626, 22.653427660416614), 93.5]
[(114.06040313215216, 22.653380983367185), (114.06092524325085, 22.65666028682537), (114.05959952171762, 22.656871360285056), (114.05907741061893, 22.65359205682687), (114.06040313215216, 22.653380983367185), 93.5]
[(114.05908964893264, 22.65346050240065), (114.06034650000001, 22.65339), (114.06053223080326, 22.65670103559814), (114.0592753797359, 22.65677153799879), (114.05908964893264, 22.65346050240065), 93.5]
[(114.06123147399074, 22.647377901535243), (114.06105687399075, 22.649389801535246), (114.05677840000003, 22.649018500000004), (114.05695300000002, 22.647006600000005), (114.06123147399074, 22.647377901535243), 355.5]
[(114.06090148019167, 22.64734926347306), (114.06072688019168, 22.64936116347306), (114.05677840000003, 22.649018500000004), (114.05695300000002, 22.647006600000005), (114.06090148019167, 22.64734926347306), 355.5]
[(114.06123011177472, 22.64737305673114), (114.06106571177473, 22.649291856731143), (114.05678859999999, 22.648925399999996), (114.05695299999998, 22.647006599999997), (114.06123011177472, 22.64737305673114), 355.5]
[(114.06090035360626, 22.64734480352972), (114.06073595360627, 22.649263603529718), (114.05678859999999, 22.648925399999996), (114.05695299999998, 22.647006599999997), (114.06090035360626, 22.64734480352972), 355.5]
[(114.0612679945477, 22.647149040481754), (114.0610484945477, 22.649439040481756), (114.05664229999998, 22.649016699999997), (114.05686179999998, 22.646726699999995), (114.0612679945477, 22.647149040481754), 355.2]
[(114.06093610096488, 22.64711722797458), (114.06071660096488, 22.64940722797458), (114.05664229999998, 22.649016699999997), (114.05686179999998, 22.646726699999995), (114.06093610096488, 22.64711722797458), 355.2]
[(114.0532739275516, 22.65273186761261), (114.05414009430419, 22.644094883329934), (114.05713569999999, 22.644395299999996), (114.0562695332474, 22.65303228428267), (114.0532739275516, 22.65273186761261), 271.2]
[(114.05328160569596, 22.652732637621348), (114.05414777244854, 22.644095653338674), (114.05713569999999, 22.644395299999996), (114.0562695332474, 22.65303228428267), (114.05328160569596, 22.652732637621348), 271.2]
[(114.05309976794462, 22.652714401879635), (114.0539659346972, 22.64407741759696), (114.05713569999999, 22.644395299999996), (114.0562695332474, 22.65303228428267), (114.05309976794462, 22.652714401879635), 271.2]
[(114.05310572386705, 22.65271499917399), (114.05397189061964, 22.644078014891317), (114.05713569999999, 22.644395299999996), (114.0562695332474, 22.65303228428267), (114.05310572386705, 22.65271499917399), 271.2]
[(114.05339915418455, 22.65277509488506), (114.05356881859169, 22.64434934445725), (114.05673499999997, 22.644413099999998), (114.05656533559284, 22.65283885042781), (114.05339915418455, 22.65277509488506), 274.4]
[(114.05341989905799, 22.652776277808524), (114.0535722300558, 22.644355883215663), (114.05673500000003, 22.64441310000001), (114.05658266900221, 22.65283349459287), (114.05341989905799, 22.652776277808524), 274.4]
[(114.05776010000001, 22.644398500000005), (114.05625050516505, 22.653205936143753), (114.05301990883524, 22.652652211830148), (114.0545295036702, 22.6438447756864), (114.05776010000001, 22.644398500000005), 269.4]
[(114.05776010000002, 22.644398500000012), (114.0562538799766, 22.653205584233856), (114.05302281900437, 22.65265299627125), (114.0545290390278, 22.643845912037406), (114.05776010000002, 22.644398500000012), 269.4]
[(114.05285776598879, 22.65262687161249), (114.05437006222733, 22.6436649809539), (114.05774030000002, 22.644233700000004), (114.05622800376148, 22.653195590658594), (114.05285776598879, 22.65262687161249), 269.5]
[(114.05285798375311, 22.652626908359665), (114.05437027999166, 22.643665017701075), (114.05774030000002, 22.644233700000004), (114.05622800376148, 22.653195590658594), (114.05285798375311, 22.652626908359665), 269.5]
[(114.05686549380036, 22.64700309967066), (114.06116789380036, 22.64717519967066), (114.06109099999999, 22.6490975), (114.05678859999999, 22.6489254), (114.05686549380036, 22.64700309967066), 179.6]
[(114.06123011177472, 22.64737305673114), (114.06106571177473, 22.649291856731143), (114.05678859999999, 22.648925399999996), (114.05695299999998, 22.647006599999997), (114.06123011177472, 22.64737305673114), 179.6]
[(114.04283294925291, 22.65500256011088), (114.04055291130463, 22.656092243754344), (114.03939355026093, 22.653666413843737), (114.0416735882092, 22.652576730200273), (114.04283294925291, 22.65500256011088), 117.3]
[(114.03931699307108, 22.653704749579106), (114.04165399307108, 22.65256944957911), (114.04285659999998, 22.655045), (114.04051959999998, 22.656180299999995), (114.03931699307108, 22.653704749579106), 123.1]
[(114.03938757500582, 22.65366998703405), (114.04166287500581, 22.65257178703405), (114.04285659999996, 22.655044999999987), (114.04058129999997, 22.65614319999999), (114.03938757500582, 22.65366998703405), 117.6]
[(114.04352041152845, 22.656304303427284), (114.04435828635887, 22.6585301233168), (114.0423702636468, 22.65927848314618), (114.04153238881636, 22.657052663256664), (114.04352041152845, 22.656304303427284), 105.4]
[(114.04321315147565, 22.65575848706461), (114.04435759999998, 22.658528300000008), (114.04239683805349, 22.65933845980812), (114.04125238952916, 22.65656864687272), (114.04321315147565, 22.65575848706461), 105.4]
[(114.0443576, 22.658528300000008), (114.04245137593237, 22.659438118866078), (114.04088670164231, 22.65615986217022), (114.04279292570993, 22.65525004330415), (114.0443576, 22.658528300000008), 105.4]
[(114.07217318869783, 22.65514151793211), (114.06893129999997, 22.653039399999997), (114.06954372009456, 22.65209492502425), (114.07278560879242, 22.654197042956362), (114.07217318869783, 22.65514151793211), 128.3]
