[(114.05273890674623, 22.65391424658694), (114.05427993245276, 22.643937067560984), (114.05723439999998, 22.64439339999999), (114.05569337429345, 22.65437057902595), (114.05273890674623, 22.65391424658694), 271.2]
[(114.05273890674623, 22.65391424658694), (114.05427993245276, 22.643937067560984), (114.05723439999998, 22.64439339999999), (114.05569337429345, 22.65437057902595), (114.05273890674623, 22.65391424658694), 271.2]
[(114.05273990000002, 22.653914400000005), (114.05395020659333, 22.644034502293458), (114.05692810000001, 22.644399300000003), (114.0557177934067, 22.65427919770655), (114.05273990000002, 22.653914400000005), 274.4]
[(114.05273990000002, 22.653914400000005), (114.05395020659333, 22.644034502293458), (114.05692810000001, 22.644399300000003), (114.0557177934067, 22.65427919770655), (114.05273990000002, 22.653914400000005), 274.4]
[(114.05946306841093, 22.656729806277614), (114.05943349999997, 22.655023199999995), (114.06114867597663, 22.654993483111667), (114.06117824438759, 22.656700089389286), (114.05946306841093, 22.656729806277614), 180.9]
[(114.04212583229001, 22.644703433266884), (114.04471822579899, 22.64974412281127), (114.04263849254077, 22.650813715959494), (114.0400460990318, 22.645773026415107), (114.04212583229001, 22.644703433266884), 291.0]
[(114.04148802335601, 22.65702867030579), (114.04357066402207, 22.65629486553381), (114.04435933601174, 22.65853322704433), (114.04227669534568, 22.659267031816313), (114.04148802335601, 22.65702867030579), 105.4]
[(114.04330068421709, 22.655737005213005), (114.04435818422276, 22.658529842921396), (114.04229395681737, 22.659311456720985), (114.0412364568117, 22.656518619012594), (114.04330068421709, 22.655737005213005), 105.4]
[(114.04299027437662, 22.65518456346505), (114.04435759999998, 22.658528299999993), (114.04231681256827, 22.65936282177467), (114.04094948694491, 22.656019085239727), (114.04299027437662, 22.65518456346505), 105.4]
[(114.04246503274663, 22.655048759181867), (114.04435760000001, 22.6585283), (114.04244416725342, 22.65956904081814), (114.04055160000001, 22.656089500000007), (114.04246503274663, 22.655048759181867), 105.4]
[(114.04249489881326, 22.655102671792037), (114.04435760000001, 22.6585283), (114.04244400118674, 22.659568828207973), (114.04058129999999, 22.65614320000001), (114.04249489881326, 22.655102671792037), 105.4]
[(114.06026361738357, 22.656718516958335), (114.060159, 22.6550127), (114.06133723603831, 22.654940439039674), (114.06144185342188, 22.65664625599801), (114.06026361738357, 22.656718516958335), 183.2]
[(114.05994256737746, 22.656738206885482), (114.05983700000003, 22.655016900000003), (114.06133628604445, 22.65492494911253), (114.06144185342188, 22.65664625599801), (114.05994256737746, 22.656738206885482), 183.2]
[(114.0597271660575, 22.65675017695063), (114.05962130000002, 22.655024000000004), (114.0613359115729, 22.654918843244637), (114.06144177763038, 22.656645020195263), (114.0597271660575, 22.65675017695063), 183.2]
[(114.05954011867055, 22.656761648526246), (114.05943350000001, 22.655023200000002), (114.06133515895984, 22.65490657166902), (114.06144177763038, 22.656645020195263), (114.05954011867055, 22.656761648526246), 183.2]
[(114.05946306841093, 22.656729806277614), (114.05943349999997, 22.655023199999995), (114.06114867597663, 22.654993483111667), (114.06117824438759, 22.656700089389286), (114.05946306841093, 22.656729806277614), 180.9]
[(114.06124186428602, 22.64741239002001), (114.06105786428601, 22.649343390020015), (114.05665339999999, 22.648923699999997), (114.05683739999999, 22.6469927), (114.06124186428602, 22.64741239002001), 355.2]
[(114.05668153871872, 22.646923827512243), (114.0612424, 22.646987999999997), (114.06121426023996, 22.6489879464953), (114.05665339895869, 22.648923774007546), (114.05668153871872, 22.646923827512243), 355.2]
[(114.06124186428602, 22.64741239002001), (114.06105786428601, 22.649343390020015), (114.05665339999999, 22.648923699999997), (114.05683739999999, 22.6469927), (114.06124186428602, 22.64741239002001), 355.2]
[(114.05668153871872, 22.646923827512243), (114.0612424, 22.646987999999997), (114.06121426023996, 22.6489879464953), (114.05665339895869, 22.648923774007546), (114.05668153871872, 22.646923827512243), 355.2]
[(114.05664196726815, 22.649069421735174), (114.05665528602121, 22.64695905029141), (114.06124240000001, 22.646988), (114.06122908124695, 22.649098371443763), (114.05664196726815, 22.649069421735174), 355.2]
[(114.06125286158915, 22.64741832082811), (114.06105776158914, 22.64944232082811), (114.05664229999998, 22.649016699999997), (114.05683739999999, 22.6469927), (114.06125286158915, 22.64741832082811), 355.2]
[(114.05664196726815, 22.649069421735174), (114.05665528602121, 22.64695905029141), (114.06124240000001, 22.646988), (114.06122908124695, 22.649098371443763), (114.05664196726815, 22.649069421735174), 355.2]
[(114.06125286158915, 22.64741832082811), (114.06105776158914, 22.64944232082811), (114.05664229999998, 22.649016699999997), (114.05683739999999, 22.6469927), (114.06125286158915, 22.64741832082811), 355.2]
[(114.04385054518454, 22.657630314671266), (114.0425703, 22.655356300000008), (114.04408390255577, 22.654504158451473), (114.04536414774032, 22.65677817312273), (114.04385054518454, 22.657630314671266), 117.3]
[(114.0420833, 22.66494180000001), (114.04018808712432, 22.665857759028732), (114.0393345, 22.664091599999992), (114.04122971287568, 22.663175640971268), (114.0420833, 22.66494180000001), 206.9]
[(114.04313961881732, 22.656329707712445), (114.0442811, 22.658392799999987), (114.0427256811827, 22.65925339228754), (114.04158420000002, 22.657190299999996), (114.04313961881732, 22.656329707712445), 111.5]
[(114.04274389052725, 22.659258749091777), (114.04128018893476, 22.65666042550133), (114.04281739840752, 22.65579447640956), (114.0442811, 22.65839280000001), (114.04274389052725, 22.659258749091777), 111.5]
[(114.04274389052725, 22.659258749091777), (114.04097505255473, 22.65611875562915), (114.04251226202749, 22.655252806537383), (114.0442811, 22.65839280000001), (114.04274389052725, 22.659258749091777), 111.5]
[(114.04243533114163, 22.659432777249606), (114.04055159999999, 22.656089499999993), (114.04239743713869, 22.6550494842786), (114.04428116828035, 22.658392761528212), (114.04243533114163, 22.659432777249606), 111.5]
[(114.04243490862666, 22.65943301531081), (114.04058129999999, 22.65614319999999), (114.04242755965365, 22.65510294621739), (114.04428116828035, 22.658392761528212), (114.04243490862666, 22.65943301531081), 111.5]
[(114.04428109999998, 22.658392799999987), (114.04618416491316, 22.65746667474989), (114.04770053779212, 22.660582620482906), (114.04579747287895, 22.661508745733002), (114.04428109999998, 22.658392799999987), 290.7]
[(114.04347684027071, 22.656317384183083), (114.04428109999999, 22.658392799999994), (114.04234146424565, 22.659144442593245), (114.04153720451637, 22.657069026776334), (114.04347684027071, 22.656317384183083), 114.5]
[(114.04317182483565, 22.655772551668683), (114.04428109999999, 22.658392799999994), (114.0423668346547, 22.65920319914428), (114.04125755949036, 22.656582950812968), (114.04317182483565, 22.655772551668683), 114.5]
[(114.04286555843821, 22.655224388294812), (114.04428110000002, 22.65839280000001), (114.04238494850307, 22.65923993777791), (114.04096940694126, 22.656071526072715), (114.04286555843821, 22.655224388294812), 114.5]
[(114.04243533114163, 22.659432777249606), (114.04055159999999, 22.656089499999993), (114.04239743713869, 22.6550494842786), (114.04428116828035, 22.658392761528212), (114.04243533114163, 22.659432777249606), 114.5]
[(114.04243490862666, 22.65943301531081), (114.04058129999999, 22.65614319999999), (114.04242755965365, 22.65510294621739), (114.04428116828035, 22.658392761528212), (114.04243490862666, 22.65943301531081), 114.5]
[(114.04347684027071, 22.656317384183083), (114.04428109999999, 22.658392799999994), (114.04234146424565, 22.659144442593245), (114.04153720451637, 22.657069026776334), (114.04347684027071, 22.656317384183083), 114.5]
[(114.04317182483565, 22.655772551668683), (114.04428109999999, 22.658392799999994), (114.0423668346547, 22.65920319914428), (114.04125755949036, 22.656582950812968), (114.04317182483565, 22.655772551668683), 114.5]
[(114.04286555843821, 22.655224388294812), (114.04428110000002, 22.65839280000001), (114.04238494850307, 22.65923993777791), (114.04096940694126, 22.656071526072715), (114.04286555843821, 22.655224388294812), 114.5]
[(114.04243533114163, 22.659432777249606), (114.04055159999999, 22.656089499999993), (114.04239743713869, 22.6550494842786), (114.04428116828035, 22.658392761528212), (114.04243533114163, 22.659432777249606), 114.5]
[(114.04243490862666, 22.65943301531081), (114.04058129999999, 22.65614319999999), (114.04242755965365, 22.65510294621739), (114.04428116828035, 22.658392761528212), (114.04243490862666, 22.65943301531081), 114.5]
[(114.04098739999999, 22.656111799999998), (114.04432455795701, 22.654513197118874), (114.04566919999999, 22.6573202), (114.04233204204297, 22.658918802881125), (114.04098739999999, 22.656111799999998), 296.9]
[(114.04385053606309, 22.657630313990474), (114.0425703, 22.655356299999987), (114.04408390537228, 22.65450416268201), (114.04536414143537, 22.656778176672496), (114.04385053606309, 22.657630313990474), 296.9]
[(114.04439795085437, 22.654326610056287), (114.04629270000001, 22.657689700000006), (114.0444650491456, 22.65871938994372), (114.0425703, 22.6553563), (114.04439795085437, 22.654326610056287), 296.9]
[(114.04424230297136, 22.654414301345646), (114.04616410000001, 22.6578254), (114.04449209702865, 22.658767398654355), (114.0425703, 22.6553563), (114.04424230297136, 22.654414301345646), 296.9]
[(114.04424532099327, 22.654412445333975), (114.04627560000002, 22.658015500000005), (114.044600387456, 22.65895946260263), (114.04257010844927, 22.6553564079366), (114.04424532099327, 22.654412445333975), 296.9]
[(114.04423506917657, 22.654409414285958), (114.04661869999998, 22.658600200000002), (114.04494118673361, 22.659554334284422), (114.0425575559102, 22.655363548570378), (114.04423506917657, 22.654409414285958), 296.9]
[(114.04424255849958, 22.654405243375876), (114.04693710000001, 22.65914310000001), (114.0452522241865, 22.660101332416623), (114.04255768268608, 22.65536347579249), (114.04424255849958, 22.654405243375876), 296.9]
[(114.04424255849958, 22.654405243375876), (114.04693710000001, 22.65914310000001), (114.0452522241865, 22.660101332416623), (114.04255768268608, 22.65536347579249), (114.04424255849958, 22.654405243375876), 296.9]
[(114.04416934050704, 22.65444691226437), (114.0476678, 22.6605985), (114.04605618384497, 22.661515039612027), (114.04255772435201, 22.655363451876397), (114.04416934050704, 22.65444691226437), 296.9]
[(114.04284117802597, 22.65579655858418), (114.0441002, 22.65807180000001), (114.0425473856265, 22.658931061529024), (114.04128836365247, 22.656655820113194), (114.04284117802597, 22.65579655858418), 297.4]
[(114.04426778847258, 22.658308593715105), (114.0456662, 22.660829300000003), (114.04413078609537, 22.661681101146563), (114.04273237456795, 22.659160394861665), (114.04426778847258, 22.658308593715105), 117.5]
[(114.04424420311422, 22.658266079934364), (114.0456662, 22.660829300000003), (114.04413078609537, 22.661681101146563), (114.04270878920958, 22.659117881080924), (114.04424420311422, 22.658266079934364), 117.5]
[(114.04419171719917, 22.65817147146373), (114.0456662, 22.660829300000003), (114.04413078609537, 22.661681101146563), (114.04265630329454, 22.65902327261029), (114.04419171719917, 22.65817147146373), 117.5]
[(114.0441241013012, 22.66170506665906), (114.04249689999999, 22.658839800000003), (114.0440389986988, 22.657964033340953), (114.0456662, 22.66082930000001), (114.0441241013012, 22.66170506665906), 117.5]
[(114.04412772502033, 22.66170184913259), (114.04219109999998, 22.65828720000001), (114.04372957497964, 22.65741465086741), (114.0456662, 22.66082929999999), (114.04412772502033, 22.66170184913259), 117.5]
[(114.04413155546352, 22.661698870733133), (114.04188620000002, 22.657736199999988), (114.04342084453648, 22.656866629266865), (114.0456662, 22.66082930000001), (114.04413155546352, 22.661698870733133), 117.5]
[(114.04413545241744, 22.66169604342167), (114.04158420000002, 22.657190299999996), (114.04311494758258, 22.65632355657833), (114.0456662, 22.660829300000003), (114.04413545241744, 22.66169604342167), 117.5]
[(114.04413155546352, 22.661698870733133), (114.04188620000002, 22.657736199999988), (114.04342084453648, 22.656866629266865), (114.0456662, 22.66082930000001), (114.04413155546352, 22.661698870733133), 117.5]
[(114.04413545241744, 22.66169604342167), (114.04158420000002, 22.657190299999996), (114.04311494758258, 22.65632355657833), (114.0456662, 22.660829300000003), (114.04413545241744, 22.66169604342167), 117.5]
[(114.0428158018033, 22.655791579158354), (114.04566619999997, 22.660829299999982), (114.04413879819666, 22.66169352084163), (114.04128839999998, 22.656655800000003), (114.0428158018033, 22.655791579158354), 117.5]
[(114.04251570898047, 22.65524896261479), (114.0456662, 22.660829300000003), (114.04413789101955, 22.661692137385202), (114.04098740000002, 22.65611179999999), (114.04251570898047, 22.65524896261479), 117.5]
[(114.04382227885634, 22.661872214074528), (114.0405516, 22.6560895), (114.04239552114365, 22.65504658592547), (114.04566619999999, 22.660829299999996), (114.04382227885634, 22.661872214074528), 117.5]
[(114.04382187595535, 22.661872480272073), (114.0405813, 22.65614320000001), (114.04242562404464, 22.655100019727946), (114.04566619999999, 22.66082930000001), (114.04382187595535, 22.661872480272073), 117.5]
[(114.04413545241744, 22.66169604342167), (114.04158420000002, 22.657190299999996), (114.04311494758258, 22.65632355657833), (114.0456662, 22.660829300000003), (114.04413545241744, 22.66169604342167), 117.5]
[(114.0428158018033, 22.655791579158354), (114.04566619999997, 22.660829299999982), (114.04413879819666, 22.66169352084163), (114.04128839999998, 22.656655800000003), (114.0428158018033, 22.655791579158354), 117.5]
[(114.04251570898047, 22.65524896261479), (114.0456662, 22.660829300000003), (114.04413789101955, 22.661692137385202), (114.04098740000002, 22.65611179999999), (114.04251570898047, 22.65524896261479), 117.5]
[(114.04382227885634, 22.661872214074528), (114.0405516, 22.6560895), (114.04239552114365, 22.65504658592547), (114.04566619999999, 22.660829299999996), (114.04382227885634, 22.661872214074528), 117.5]
[(114.04382187595535, 22.661872480272073), (114.0405813, 22.65614320000001), (114.04242562404464, 22.655100019727946), (114.04566619999999, 22.66082930000001), (114.04382187595535, 22.661872480272073), 117.5]
[(114.04413545241744, 22.66169604342167), (114.04158420000002, 22.657190299999996), (114.04311494758258, 22.65632355657833), (114.0456662, 22.660829300000003), (114.04413545241744, 22.66169604342167), 117.5]
[(114.0428158018033, 22.655791579158354), (114.04566619999997, 22.660829299999982), (114.04413879819666, 22.66169352084163), (114.04128839999998, 22.656655800000003), (114.0428158018033, 22.655791579158354), 117.5]
[(114.04251570898047, 22.65524896261479), (114.0456662, 22.660829300000003), (114.04413789101955, 22.661692137385202), (114.04098740000002, 22.65611179999999), (114.04251570898047, 22.65524896261479), 117.5]
[(114.04382227885634, 22.661872214074528), (114.0405516, 22.6560895), (114.04239552114365, 22.65504658592547), (114.04566619999999, 22.660829299999996), (114.04382227885634, 22.661872214074528), 117.5]
[(114.04382187595535, 22.661872480272073), (114.0405813, 22.65614320000001), (114.04242562404464, 22.655100019727946), (114.04566619999999, 22.66082930000001), (114.04382187595535, 22.661872480272073), 117.5]
[(114.04411846706313, 22.661705186339717), (114.04126760119016, 22.656667570372647), (114.04281533412706, 22.655791684032934), (114.04566620000003, 22.660829300000003), (114.04411846706313, 22.661705186339717), 117.5]
[(114.04411776462237, 22.661705200070458), (114.04096191338562, 22.656126216957716), (114.04251034876324, 22.655250316887255), (114.0456662, 22.660829299999996), (114.04411776462237, 22.661705200070458), 117.5]
[(114.04382227885634, 22.661872214074528), (114.0405516, 22.6560895), (114.04239552114365, 22.65504658592547), (114.04566619999999, 22.660829299999996), (114.04382227885634, 22.661872214074528), 117.5]
[(114.04382187595535, 22.661872480272073), (114.0405813, 22.65614320000001), (114.04242562404464, 22.655100019727946), (114.04566619999999, 22.66082930000001), (114.04382187595535, 22.661872480272073), 117.5]
[(114.04338121878261, 22.660424249638382), (114.04515111878263, 22.65956254963838), (114.04637209999999, 22.662070399999998), (114.04460219999997, 22.6629321), (114.04338121878261, 22.660424249638382), 117.8]
[(114.0430930590284, 22.659832380137402), (114.0448629590284, 22.6589706801374), (114.04637209999999, 22.662070399999998), (114.04460219999997, 22.6629321), (114.0430930590284, 22.659832380137402), 117.8]
[(114.04275201375738, 22.6591318857366), (114.0445219137574, 22.658270185736598), (114.04637209999999, 22.662070399999998), (114.04460219999997, 22.6629321), (114.04275201375738, 22.6591318857366), 117.8]
[(114.04273057012142, 22.6590878412997), (114.04450047012143, 22.6582261412997), (114.04637209999999, 22.662070399999998), (114.04460219999997, 22.6629321), (114.04273057012142, 22.6590878412997), 117.8]
[(114.04268552301629, 22.658995316208163), (114.0444554230163, 22.65813361620816), (114.04637209999999, 22.662070399999998), (114.04460219999997, 22.6629321), (114.04268552301629, 22.658995316208163), 117.8]
[(114.04424693552649, 22.657939487267832), (114.04637210000001, 22.662070399999998), (114.04462206447354, 22.662970712732168), (114.04249690000002, 22.658839800000003), (114.04424693552649, 22.657939487267832), 117.8]
[(114.04393768036941, 22.65738057554551), (114.04637210000001, 22.662070399999998), (114.04462551963061, 22.662977024454484), (114.04219110000001, 22.658287199999997), (114.04393768036941, 22.65738057554551), 117.8]
[(114.04393768036941, 22.65738057554551), (114.04637210000001, 22.662070399999998), (114.04462551963061, 22.662977024454484), (114.04219110000001, 22.658287199999997), (114.04393768036941, 22.65738057554551), 117.8]
[(114.04363004610153, 22.65682465705042), (114.0463721, 22.662070400000005), (114.04462825389847, 22.662981942949592), (114.0418862, 22.65773620000001), (114.04363004610153, 22.65682465705042), 117.8]
[(114.04332585064166, 22.656274855080895), (114.04637210000001, 22.66207039999999), (114.04463044935838, 22.662985844919092), (114.04158420000002, 22.657190299999996), (114.04332585064166, 22.656274855080895), 117.8]
[(114.04363004610153, 22.65682465705042), (114.0463721, 22.662070400000005), (114.04462825389847, 22.662981942949592), (114.0418862, 22.65773620000001), (114.04363004610153, 22.65682465705042), 117.8]
[(114.04332585064166, 22.656274855080895), (114.04637210000001, 22.66207039999999), (114.04463044935838, 22.662985844919092), (114.04158420000002, 22.657190299999996), (114.04332585064166, 22.656274855080895), 117.8]
[(114.04302824897337, 22.655737183692935), (114.04637209999999, 22.662070400000005), (114.0446322510266, 22.66298901630706), (114.04128839999998, 22.65665579999999), (114.04302824897337, 22.655737183692935), 117.8]
[(114.04272570517861, 22.655190487805584), (114.04637210000001, 22.662070400000005), (114.04463379482141, 22.662991712194426), (114.0409874, 22.656111800000005), (114.04272570517861, 22.655190487805584), 117.8]
[(114.04452868677754, 22.663114080086523), (114.04055159999999, 22.6560895), (114.04239501322243, 22.655045819913468), (114.04637209999999, 22.66207039999999), (114.04452868677754, 22.663114080086523), 117.8]
[(114.04452827966605, 22.66311434866794), (114.04058129999997, 22.656143199999995), (114.04242512033389, 22.655099251332054), (114.04637209999997, 22.662070399999998), (114.04452827966605, 22.66311434866794), 117.8]
[(114.04284114621882, 22.655796555603594), (114.0441002, 22.658071799999995), (114.04254740647076, 22.658931070576585), (114.04128835268958, 22.656655826180184), (114.04284114621882, 22.655796555603594), 117.4]
[(114.04254012041315, 22.655252569883707), (114.0441002, 22.658071799999995), (114.04254740647076, 22.658931070576585), (114.04098732688391, 22.656111840460298), (114.04254012041315, 22.655252569883707), 117.4]
[(114.0422544586485, 22.659111761751177), (114.04055159999999, 22.656089499999993), (114.04239743713869, 22.6550494842786), (114.04410029578722, 22.658071746029783), (114.0422544586485, 22.659111761751177), 117.4]
[(114.04225403613353, 22.65911199981238), (114.04058129999999, 22.65614319999999), (114.04242755965365, 22.65510294621739), (114.04410029578722, 22.658071746029783), (114.04225403613353, 22.65911199981238), 117.4]
[(114.04433539999997, 22.65848919999999), (114.04623932579946, 22.657562655800156), (114.04770737122107, 22.66057929499935), (114.04580344542156, 22.661505839199187), (114.04433539999997, 22.65848919999999), 294.9]
[(114.0429896, 22.667316), (114.03970021776772, 22.66891770574646), (114.03902820000002, 22.667537600000003), (114.04231758223231, 22.665935894253543), (114.0429896, 22.667316), 207.6]
[(114.04311872169802, 22.659940526828166), (114.04187653850161, 22.657741657965744), (114.04342211680361, 22.65686853113757), (114.0446643, 22.65906739999999), (114.04311872169802, 22.659940526828166), 118.6]
[(114.04312294392432, 22.65993764967542), (114.0415747899171, 22.657195612933016), (114.04311614599277, 22.656325363257587), (114.0446643, 22.65906739999999), (114.04312294392432, 22.65993764967542), 118.6]
[(114.04312255593727, 22.65993755579585), (114.04127470508976, 22.656663529366895), (114.04281644915247, 22.655793373571036), (114.0446643, 22.65906739999999), (114.04312255593727, 22.65993755579585), 118.6]
[(114.043122280926, 22.659937489175967), (114.04096936547901, 22.656121976035912), (114.04251138455302, 22.655251886859944), (114.04466430000001, 22.659067399999998), (114.043122280926, 22.659937489175967), 118.6]
[(114.04281875378129, 22.660108709829736), (114.04058130000001, 22.65614320000001), (114.04242684621873, 22.65510189017028), (114.04466430000002, 22.659067400000005), (114.04281875378129, 22.660108709829736), 118.6]
[(114.04312683461927, 22.65993491974003), (114.0409739191723, 22.656119406599977), (114.04251138455302, 22.655251886859944), (114.04466430000001, 22.659067399999998), (114.04312683461927, 22.65993491974003), 118.6]
[(114.04281915217355, 22.66010845811597), (114.04055160000001, 22.656089499999993), (114.0423967478265, 22.655048441884027), (114.04466430000002, 22.659067400000005), (114.04281915217355, 22.66010845811597), 118.6]
[(114.04281875378129, 22.660108709829736), (114.04058130000001, 22.65614320000001), (114.04242684621873, 22.65510189017028), (114.04466430000002, 22.659067400000005), (114.04281875378129, 22.660108709829736), 118.6]
[(114.04345268785235, 22.66051499183999), (114.0421911, 22.658287200000004), (114.04373021214766, 22.657415608160022), (114.04499180000002, 22.659643400000007), (114.04345268785235, 22.66051499183999), 117.7]
[(114.04345647264924, 22.660511951340197), (114.04188619999996, 22.657736200000002), (114.04342152735074, 22.656867648659812), (114.04499179999999, 22.659643400000007), (114.04345647264924, 22.660511951340197), 117.7]
[(114.04345268785235, 22.66051499183999), (114.0421911, 22.658287200000004), (114.04373021214766, 22.657415608160022), (114.04499180000002, 22.659643400000007), (114.04345268785235, 22.66051499183999), 117.7]
[(114.04345647264924, 22.660511951340197), (114.04188619999996, 22.657736200000002), (114.04342152735074, 22.656867648659812), (114.04499179999999, 22.659643400000007), (114.04345647264924, 22.660511951340197), 117.7]
[(114.04345268785235, 22.66051499183999), (114.0421911, 22.658287200000004), (114.04373021214766, 22.657415608160022), (114.04499180000002, 22.659643400000007), (114.04345268785235, 22.66051499183999), 117.7]
[(114.04345647264924, 22.660511951340197), (114.04188619999996, 22.657736200000002), (114.04342152735074, 22.656867648659812), (114.04499179999999, 22.659643400000007), (114.04345647264924, 22.660511951340197), 117.7]
[(114.04344615583335, 22.66051778767487), (114.0418758831841, 22.657742036334675), (114.04342152735074, 22.656867648659812), (114.04499179999999, 22.659643400000007), (114.04344615583335, 22.66051778767487), 117.7]
[(114.04344538756925, 22.66051760791828), (114.0415692067993, 22.657198775859698), (114.04311561923006, 22.656324567941418), (114.04499180000002, 22.6596434), (114.04344538756925, 22.66051760791828), 117.7]
[(114.04344485805481, 22.66051748373971), (114.04126903559012, 22.65666674166195), (114.04281597753533, 22.655792657922255), (114.04499180000002, 22.659643400000014), (114.04344485805481, 22.66051748373971), 117.7]
[(114.04344974028803, 22.660514725083715), (114.04127391782333, 22.656663983005956), (114.04281597753533, 22.655792657922255), (114.04499180000002, 22.659643400000014), (114.04344974028803, 22.660514725083715), 117.7]
[(114.04344925697491, 22.6605146808041), (114.04096841648794, 22.65612252253375), (114.04251095951304, 22.655251241729644), (114.0449918, 22.659643399999993), (114.04344925697491, 22.6605146808041), 117.7]
[(114.04314715123553, 22.660685214211895), (114.04055160000003, 22.656089499999993), (114.04239624876453, 22.655047685788098), (114.04499180000002, 22.6596434), (114.04314715123553, 22.660685214211895), 117.7]
[(114.04314675200638, 22.660685473362655), (114.04058130000001, 22.656143199999995), (114.04242634799364, 22.65510112663734), (114.04499180000002, 22.6596434), (114.04314675200638, 22.660685473362655), 117.7]
[(114.04314715123553, 22.660685214211895), (114.04055160000003, 22.656089499999993), (114.04239624876453, 22.655047685788098), (114.04499180000002, 22.6596434), (114.04314715123553, 22.660685214211895), 117.7]
[(114.04378616133651, 22.66111075585031), (114.04249690000003, 22.658839800000003), (114.04403913866358, 22.657964244149703), (114.04532840000005, 22.66023520000001), (114.04378616133651, 22.66111075585031), 117.5]
[(114.04378969026175, 22.66110739674012), (114.04219110000003, 22.658287200000004), (114.04372980973831, 22.657415003259878), (114.04532840000003, 22.660235199999995), (114.04378969026175, 22.66110739674012), 117.5]
[(114.04379348789845, 22.66110437164197), (114.0418862, 22.657736200000002), (114.04342111210153, 22.656867028358022), (114.0453284, 22.66023519999999), (114.04379348789845, 22.66110437164197), 117.5]
[(114.04379737871079, 22.661101531640405), (114.04158419999999, 22.65719029999999), (114.04311522128921, 22.65632396835958), (114.04532840000002, 22.660235199999995), (114.04379737871079, 22.661101531640405), 117.5]
[(114.04379348789845, 22.66110437164197), (114.0418862, 22.657736200000002), (114.04342111210153, 22.656867028358022), (114.0453284, 22.66023519999999), (114.04379348789845, 22.66110437164197), 117.5]
[(114.04379737871079, 22.661101531640405), (114.04158419999999, 22.65719029999999), (114.04311522128921, 22.65632396835958), (114.04532840000002, 22.660235199999995), (114.04379737871079, 22.661101531640405), 117.5]
[(114.04380119657026, 22.661098908681353), (114.04128839999998, 22.65665579999998), (114.04281560342972, 22.655792091318624), (114.04532839999999, 22.660235199999995), (114.04380119657026, 22.661098908681353), 117.5]
[(114.04379348789845, 22.66110437164197), (114.0418862, 22.657736200000002), (114.04342111210153, 22.656867028358022), (114.0453284, 22.66023519999999), (114.04379348789845, 22.66110437164197), 117.5]
[(114.04379737871079, 22.661101531640405), (114.04158419999999, 22.65719029999999), (114.04311522128921, 22.65632396835958), (114.04532840000002, 22.660235199999995), (114.04379737871079, 22.661101531640405), 117.5]
[(114.04380119657026, 22.661098908681353), (114.04128839999998, 22.65665579999998), (114.04281560342972, 22.655792091318624), (114.04532839999999, 22.660235199999995), (114.04380119657026, 22.661098908681353), 117.5]
[(114.04378171953178, 22.661110392420028), (114.04156854082098, 22.657199160779612), (114.04311522128921, 22.65632396835958), (114.04532840000002, 22.660235199999995), (114.04378171953178, 22.661110392420028), 117.5]
[(114.0437809976533, 22.66111033216273), (114.04126820108303, 22.656667223481357), (114.04281560342972, 22.655792091318624), (114.04532839999999, 22.660235199999995), (114.0437809976533, 22.66111033216273), 117.5]
[(114.04378043191647, 22.661110284705835), (114.04096264151829, 22.65612579626319), (114.04251060960186, 22.655250711557358), (114.04532840000005, 22.660235200000002), (114.04378043191647, 22.661110284705835), 117.5]
[(114.04348416635597, 22.661277642066487), (114.04055160000001, 22.6560895), (114.04239583364404, 22.65504705793351), (114.04532839999999, 22.660235199999995), (114.04348416635597, 22.661277642066487), 117.5]
[(114.04348376545246, 22.66127790588544), (114.04058130000001, 22.656143200000002), (114.04242593454757, 22.655100494114578), (114.04532840000002, 22.660235200000017), (114.04348376545246, 22.66127790588544), 117.5]
[(114.04378542694712, 22.661107460955805), (114.04096763654894, 22.65612297251316), (114.04251060960186, 22.655250711557358), (114.04532840000005, 22.660235200000002), (114.04378542694712, 22.661107460955805), 117.5]
[(114.04348416635597, 22.661277642066487), (114.04055160000001, 22.6560895), (114.04239583364404, 22.65504705793351), (114.04532839999999, 22.660235199999995), (114.04348416635597, 22.661277642066487), 117.5]
[(114.04348376545246, 22.66127790588544), (114.04058130000001, 22.656143200000002), (114.04242593454757, 22.655100494114578), (114.04532840000002, 22.660235200000017), (114.04348376545246, 22.66127790588544), 117.5]
[(114.04626669892977, 22.66739886729323), (114.04563392537405, 22.66674934635917), (114.04603082644427, 22.666362679065934), (114.04666359999999, 22.667012199999995), (114.04626669892977, 22.66739886729323), 129.1]
[(114.04626669892977, 22.66739886729323), (114.04563392537405, 22.66674934635917), (114.04603082644427, 22.666362679065934), (114.04666359999999, 22.667012199999995), (114.04626669892977, 22.66739886729323), 129.1]
[(114.0463154, 22.6657335), (114.04643915825702, 22.66293341947861), (114.0482578, 22.663013800000005), (114.04813404174298, 22.665813880521398), (114.0463154, 22.6657335), 88.2]
[(114.04556628441267, 22.662916176052867), (114.04825780000002, 22.663013800000005), (114.0481445259305, 22.666136793206995), (114.04545301034315, 22.666039169259857), (114.04556628441267, 22.662916176052867), 87.8]
[(114.04545745743518, 22.66601846232561), (114.04550245743518, 22.66499826232561), (114.04816490000003, 22.665115700000005), (114.04811990000003, 22.666135900000004), (114.04545745743518, 22.66601846232561), 177.7]
[(114.04556713031128, 22.662904157067686), (114.04825779999999, 22.663013799999998), (114.04822814358974, 22.663741576998284), (114.04553747390104, 22.663631934065975), (114.04556713031128, 22.662904157067686), 358.4]
[(114.04550455873009, 22.66432646085331), (114.0455678587301, 22.662894860853307), (114.0482578, 22.6630138), (114.0481945, 22.6644454), (114.04550455873009, 22.66432646085331), 358.4]
[(114.0455634, 22.662995700000003), (114.04824913528431, 22.663102141937976), (114.04816929702402, 22.66511661515005), (114.04548356173972, 22.665010173212075), (114.0455634, 22.662995700000003), 358.4]
[(114.04551479686552, 22.664333872582585), (114.04554409686553, 22.663629872582586), (114.04822380000002, 22.663741400000003), (114.04819450000001, 22.6644454), (114.04551479686552, 22.664333872582585), 358.4]
[(114.0481679298224, 22.665119022211158), (114.04548810879521, 22.665010340690586), (114.04554399999999, 22.663632199999995), (114.04822382102718, 22.663740881520567), (114.0481679298224, 22.665119022211158), 358.4]
[(114.04550429178475, 22.664324287099177), (114.04556569178476, 22.662944187099175), (114.04692810000002, 22.6630048), (114.04686670000001, 22.6643849), (114.04550429178475, 22.664324287099177), 87.2]
[(114.04549248090683, 22.665010484059138), (114.04552279999999, 22.6643239), (114.04819465511687, 22.66444188733617), (114.04816433602372, 22.66512847139531), (114.04549248090683, 22.665010484059138), 358.4]
[(114.04684180879522, 22.66506524069059), (114.04548810879521, 22.665010340690586), (114.04554399999999, 22.663632199999995), (114.0468977, 22.663687099999997), (114.04684180879522, 22.66506524069059), 87.5]
[(114.04816561129276, 22.66509247329949), (114.04814421129275, 22.66579127329949), (114.04548049999998, 22.665709699999994), (114.04550189999999, 22.6650109), (114.04816561129276, 22.66509247329949), 358.4]
[(114.04834399999997, 22.663014399999998), (114.04828007166216, 22.664449212660895), (114.04686655000496, 22.664386232947603), (114.04693047834277, 22.662951420286706), (114.04834399999997, 22.663014399999998), 269.6]
[(114.04834399999997, 22.663014399999998), (114.0482194243258, 22.66581038626631), (114.0468059026686, 22.665747406553017), (114.04693047834277, 22.662951420286706), (114.04834399999997, 22.663014399999998), 269.6]
[(114.04550429178475, 22.664324287099177), (114.04556569178476, 22.662944187099175), (114.04692810000002, 22.6630048), (114.04686670000001, 22.6643849), (114.04550429178475, 22.664324287099177), 269.6]
[(114.0469281, 22.6630048), (114.04684414330157, 22.665751383419703), (114.04548043935796, 22.665709698146312), (114.04556439605639, 22.662963114726608), (114.0469281, 22.6630048), 269.6]
[(114.0469281, 22.6630048), (114.0468338868013, 22.666086917500476), (114.04547018285768, 22.666045232227084), (114.04556439605639, 22.662963114726608), (114.0469281, 22.6630048), 269.6]
[(114.04502325982156, 22.663248241545617), (114.0434098991693, 22.660411309210232), (114.04493524991332, 22.659543843729793), (114.04654861056557, 22.662380776065177), (114.04502325982156, 22.663248241545617), 112.8]
[(114.0450232578095, 22.66324824108323), (114.04309461580542, 22.659856911923917), (114.04461996831557, 22.65898944704984), (114.04654861031966, 22.662380776209154), (114.0450232578095, 22.66324824108323), 112.8]
[(114.0450232578095, 22.66324824108323), (114.04270845433626, 22.659177884583578), (114.04423380684642, 22.6583104197095), (114.04654861031966, 22.662380776209154), (114.0450232578095, 22.66324824108323), 112.8]
[(114.04680632702514, 22.665747426056353), (114.04686654946535, 22.664384893346533), (114.04819460643107, 22.664443591996964), (114.04813438399086, 22.665806124706783), (114.04680632702514, 22.665747426056353), 88.2]
[(114.04680647863206, 22.665747432758415), (114.04692989405169, 22.66295510907151), (114.0482578, 22.663013800000005), (114.04813438458038, 22.66580612368691), (114.04680647863206, 22.665747432758415), 88.2]
[(114.04684180879522, 22.66506524069059), (114.04548810879521, 22.665010340690586), (114.04554399999999, 22.663632199999995), (114.0468977, 22.663687099999997), (114.04684180879522, 22.66506524069059), 267.5]
[(114.0468000980205, 22.666093726587373), (114.04544639802049, 22.666038826587368), (114.04554399999999, 22.663632199999995), (114.0468977, 22.663687099999997), (114.0468000980205, 22.666093726587373), 267.5]
[(114.04686730926751, 22.66436493964643), (114.04682500926751, 22.665750739646427), (114.04548049999998, 22.665709699999997), (114.04552279999999, 22.6643239), (114.04686730926751, 22.66436493964643), 267.2]
[(114.04544662408571, 22.666038743838516), (114.0455228, 22.6643239), (114.0468667577212, 22.66438360060123), (114.04679058180692, 22.666098444439747), (114.04544662408571, 22.666038743838516), 267.2]
[(114.04686662102287, 22.66438668615587), (114.04692992102288, 22.66295508615587), (114.0482578, 22.6630138), (114.0481945, 22.6644454), (114.04686662102287, 22.66438668615587), 87.2]
[(114.04683660000002, 22.665062500000005), (114.04689388691371, 22.663686049924095), (114.04822380000002, 22.663741400000003), (114.04816651308633, 22.665117850075912), (114.04683660000002, 22.665062500000005), 87.5]
[(114.04136376768972, 22.66808973210692), (114.04466544605842, 22.666518466396177), (114.04530412315984, 22.66786050953752), (114.04200244479114, 22.669431775248263), (114.04136376768972, 22.66808973210692), 193.4]
[(114.04566576800312, 22.661555348094446), (114.04433539999998, 22.658489199999998), (114.04636963368912, 22.6576065683307), (114.04770000169225, 22.660672716425147), (114.04566576800312, 22.661555348094446), 297.6]
[(114.0443354, 22.658489200000005), (114.04253664203007, 22.65934375118119), (114.04152658697518, 22.657217670707574), (114.04332534494512, 22.65636311952639), (114.0443354, 22.658489200000005), 110.6]
[(114.0443354, 22.658489200000005), (114.04253869639138, 22.65934708040743), (114.04126012454523, 22.656669300812553), (114.04305682815387, 22.65581142040513), (114.0443354, 22.658489200000005), 110.6]
[(114.04278225243128, 22.655250944345752), (114.0443354, 22.65848919999999), (114.04254054756873, 22.659350055654237), (114.04098740000002, 22.656111799999998), (114.04278225243128, 22.655250944345752), 110.6]
[(114.04248964288547, 22.65952917063268), (114.04055159999999, 22.656089499999993), (114.04239743713869, 22.6550494842786), (114.04433548002417, 22.658489154911287), (114.04248964288547, 22.65952917063268), 110.6]
[(114.0424892203705, 22.659529408693885), (114.04058129999999, 22.65614319999999), (114.04242755965365, 22.65510294621739), (114.04433548002417, 22.658489154911287), (114.0424892203705, 22.659529408693885), 110.6]
[(114.04387865029389, 22.668537187360748), (114.0419389411959, 22.66948166867595), (114.04061589090202, 22.666764481315184), (114.04255560000001, 22.665819999999982), (114.04387865029389, 22.668537187360748), 297.8]
[(114.0434991881576, 22.66789755583173), (114.04155358815757, 22.66883285583173), (114.04023319999999, 22.66608620000001), (114.0421788, 22.665150900000008), (114.0434991881576, 22.66789755583173), 297.5]
[(114.04602028163569, 22.657530993695183), (114.04774109305876, 22.660556817623323), (114.04605618384497, 22.661515039612027), (114.04433537242193, 22.658489215683886), (114.04602028163569, 22.657530993695183), 291.6]
[(114.0405535922175, 22.670240638248302), (114.03902819999999, 22.667537600000003), (114.04056330568994, 22.66667130139175), (114.04208869790747, 22.66937433964005), (114.0405535922175, 22.670240638248302), 297.8]
[(114.04136376458658, 22.668089725585524), (114.04459441983337, 22.666552275606378), (114.04523309447688, 22.66789432745587), (114.04200243923009, 22.669431777435015), (114.04136376458658, 22.668089725585524), 27.5]
[(114.04056082577924, 22.67025355073595), (114.03902820000003, 22.667537600000003), (114.04056335970388, 22.666671301025502), (114.04209598548309, 22.66938725176145), (114.04056082577924, 22.67025355073595), 117.2]
[(114.04293849999999, 22.664532200000004), (114.04091999618602, 22.665507611321523), (114.04006509999999, 22.6637385), (114.04208360381396, 22.66276308867848), (114.04293849999999, 22.664532200000004), 27.5]
[(114.0429896, 22.667316), (114.03970021776772, 22.66891770574646), (114.03902820000002, 22.667537600000003), (114.04231758223231, 22.665935894253543), (114.0429896, 22.667316), 27.7]
[(114.03902819999998, 22.66753759999999), (114.04237682517396, 22.665926307591384), (114.04335789999998, 22.667965199999998), (114.04000927482599, 22.669576492408602), (114.03902819999998, 22.66753759999999), 27.7]
[(114.04335789999999, 22.667965200000005), (114.04005508311619, 22.66955610070488), (114.03938679999999, 22.66816869999999), (114.04268961688379, 22.666577799295112), (114.04335789999999, 22.667965200000005), 27.7]
[(114.0397719, 22.66884660000001), (114.04336949324878, 22.667134719281975), (114.04400833978812, 22.668477283616475), (114.04041074653935, 22.67018916433451), (114.0397719, 22.66884660000001), 27.7]
[(114.0397719, 22.66884660000001), (114.0430859935566, 22.667269619928888), (114.04372484009596, 22.668612184263388), (114.04041074653935, 22.67018916433451), (114.0397719, 22.66884660000001), 27.7]
[(114.0401993008011, 22.669608539855034), (114.03865052698609, 22.666863944080788), (114.04018382618497, 22.665998704225757), (114.04173259999999, 22.668743300000003), (114.0401993008011, 22.669608539855034), 117.7]
[(114.04056082577924, 22.67025355073595), (114.03902820000003, 22.667537600000003), (114.04056335970388, 22.666671301025502), (114.04209598548309, 22.66938725176145), (114.04056082577924, 22.67025355073595), 117.3]
[(114.04060641615484, 22.666751203153517), (114.04242688387002, 22.665884835314607), (114.04372479999999, 22.66861210000001), (114.04190433228482, 22.66947846783892), (114.04060641615484, 22.666751203153517), 117.3]
[(114.04218318515315, 22.665880108499806), (114.04372479999998, 22.66861209999999), (114.04215751484682, 22.669496491500176), (114.04061589999998, 22.666764499999992), (114.04218318515315, 22.665880108499806), 117.3]
[(114.03977190000003, 22.668846600000002), (114.04308606019428, 22.66726968099602), (114.04372485778583, 22.668612221446594), (114.0404106975916, 22.670189140450574), (114.03977190000003, 22.668846600000002), 207.6]
[(114.04372479999998, 22.668612100000004), (114.04037709631888, 22.670224621775617), (114.03938679999999, 22.66816869999999), (114.04273450368109, 22.666556178224376), (114.04372479999998, 22.668612100000004), 207.6]
[(114.04558503167505, 22.661578275944258), (114.0443354, 22.658489199999998), (114.04646587470148, 22.657627353700995), (114.04771550637653, 22.660716429645255), (114.04558503167505, 22.661578275944258), 295.3]
[(114.04564638432892, 22.656638049430953), (114.04368181073556, 22.65761343516389), (114.0424936, 22.655220200000002), (114.04445817359337, 22.654244814267066), (114.04564638432892, 22.656638049430953), 295.8]
[(114.04592260031396, 22.657194389975984), (114.0439580267206, 22.65816977570892), (114.0424936, 22.655220200000002), (114.04445817359337, 22.654244814267066), (114.04592260031396, 22.657194389975984), 295.8]
[(114.04435768177642, 22.658720262289755), (114.0424936, 22.655220199999995), (114.04442861822358, 22.654189637710232), (114.0462927, 22.65768969999999), (114.04435768177642, 22.658720262289755), 295.8]
[(114.0441841357493, 22.658768677803472), (114.04247917600205, 22.655189923659186), (114.04445914025273, 22.654246645855707), (114.04616409999998, 22.657825399999993), (114.0441841357493, 22.658768677803472), 295.8]
[(114.0442998167045, 22.658967768789104), (114.04248309375538, 22.65519840146699), (114.04445887705091, 22.654246132677898), (114.04627560000003, 22.658015500000012), (114.0442998167045, 22.658967768789104), 295.8]
[(114.04465378916615, 22.659574909945896), (114.0424932838786, 22.655219562733144), (114.04445819471245, 22.65424485278725), (114.0466187, 22.658600200000002), (114.04465378916615, 22.659574909945896), 295.8]
[(114.04465378916615, 22.659574909945896), (114.0424932838786, 22.655219562733144), (114.04445819471245, 22.65424485278725), (114.0466187, 22.658600200000002), (114.04465378916615, 22.659574909945896), 295.8]
[(114.04498016267729, 22.660133485600255), (114.0424936, 22.655220200000002), (114.04445053732272, 22.65422981439975), (114.04693710000001, 22.6591431), (114.04498016267729, 22.660133485600255), 295.8]
[(114.04498016267729, 22.660133485600255), (114.0424936, 22.655220200000002), (114.04445053732272, 22.65422981439975), (114.04693710000001, 22.6591431), (114.04498016267729, 22.660133485600255), 295.8]
[(114.04571012091895, 22.66158745323935), (114.04249359999999, 22.655220200000002), (114.04445127908103, 22.654231246760652), (114.0476678, 22.6605985), (114.04571012091895, 22.66158745323935), 295.8]
[(114.04586839861483, 22.661556834753178), (114.0424936, 22.655220199999995), (114.04442861822358, 22.654189637710232), (114.0478034168384, 22.660526272463414), (114.04586839861483, 22.661556834753178), 295.8]
[(114.04571012091895, 22.66158745323935), (114.04249359999999, 22.655220200000002), (114.04445127908103, 22.654231246760652), (114.0476678, 22.6605985), (114.04571012091895, 22.66158745323935), 295.8]
[(114.04571012091895, 22.66158745323935), (114.04249359999999, 22.655220200000002), (114.04445127908103, 22.654231246760652), (114.0476678, 22.6605985), (114.04571012091895, 22.66158745323935), 295.8]
[(114.0451618500737, 22.656038625640072), (114.04627559999997, 22.658015499999998), (114.04460024992625, 22.658959374359917), (114.04348649999997, 22.65698249999999), (114.0451618500737, 22.656038625640072), 297.0]
[(114.0451719747501, 22.656032754764723), (114.0466187, 22.658600199999995), (114.04493314345807, 22.65954999132402), (114.04348641820818, 22.65698254608875), (114.0451719747501, 22.656032754764723), 297.0]
[(114.04531415848128, 22.65595281670798), (114.04676061962745, 22.65852024399578), (114.04493296114615, 22.65954992728779), (114.04348649999997, 22.65698249999999), (114.04531415848128, 22.65595281670798), 297.0]
[(114.04531415848128, 22.65595281670798), (114.04706950402127, 22.65906850498679), (114.04524184553998, 22.660098188278802), (114.04348649999997, 22.65698249999999), (114.04531415848128, 22.65595281670798), 297.0]
[(114.0451653034927, 22.65602772106915), (114.04693710000001, 22.65914310000001), (114.0452522241865, 22.660101332416623), (114.04348042767921, 22.656985953485766), (114.0451653034927, 22.65602772106915), 297.0]
[(114.04516163075218, 22.656038583486122), (114.0477158373917, 22.660571431493707), (114.04604062484769, 22.661515394096334), (114.04348641820818, 22.65698254608875), (114.04516163075218, 22.656038583486122), 297.0]
[(114.04515806688039, 22.656031865908098), (114.04773380274011, 22.66056096368863), (114.04605618384497, 22.661515039612027), (114.04348044798527, 22.656985941831493), (114.04515806688039, 22.656031865908098), 297.0]
[(114.04500485791684, 22.655403817025984), (114.04629269999995, 22.65768969999999), (114.04446504151866, 22.658719383292002), (114.04317719943552, 22.656433500317995), (114.04500485791684, 22.655403817025984), 297.2]
[(114.04484920985334, 22.65549150748459), (114.04616409999997, 22.657825399999986), (114.04449208958215, 22.65876739283339), (114.04317719943552, 22.656433500317995), (114.04484920985334, 22.65549150748459), 297.2]
[(114.04485254950924, 22.655489625958076), (114.04627559999997, 22.658015499999998), (114.04460024992625, 22.658959374359917), (114.04317719943552, 22.656433500317995), (114.04485254950924, 22.655489625958076), 297.2]
[(114.04484634293968, 22.65548412658145), (114.04661869999998, 22.658600200000002), (114.04494118673361, 22.659554334284422), (114.0431688296733, 22.65643826086587), (114.04484634293968, 22.65548412658145), 297.2]
[(114.04485378921215, 22.655479980387724), (114.04693710000001, 22.65914310000001), (114.0452522241865, 22.660101332416623), (114.04316891339866, 22.65643821280434), (114.04485378921215, 22.655479980387724), 297.2]
[(114.04500485791684, 22.655403817025984), (114.04706950402127, 22.65906850498679), (114.04524184553998, 22.660098188278802), (114.04317719943552, 22.656433500317995), (114.04500485791684, 22.655403817025984), 297.2]
[(114.04485378921215, 22.655479980387724), (114.04693710000001, 22.65914310000001), (114.0452522241865, 22.660101332416623), (114.04316891339866, 22.65643821280434), (114.04485378921215, 22.655479980387724), 297.2]
[(114.04484896386586, 22.655491480687026), (114.04771251229234, 22.66057330514817), (114.04604062484769, 22.661515394096334), (114.04317707642122, 22.65643356963519), (114.04484896386586, 22.655491480687026), 297.2]
[(114.04485228896525, 22.655489607032564), (114.0477158373917, 22.660571431493707), (114.04604062484769, 22.661515394096334), (114.04317707642122, 22.65643356963519), (114.04485228896525, 22.655489607032564), 297.2]
[(114.0425360858876, 22.65525489105552), (114.04379249999997, 22.6575256), (114.04224381212819, 22.658382510042344), (114.04098739801583, 22.656111801097865), (114.0425360858876, 22.65525489105552), 297.3]
[(114.04254015774026, 22.655252569809427), (114.0441002, 22.65807180000001), (114.0425473856265, 22.658931061529024), (114.04098734336677, 22.656111831338443), (114.04254015774026, 22.655252569809427), 297.3]
[(114.04553221073556, 22.65669473516389), (114.04368181073556, 22.65761343516389), (114.0424936, 22.655220200000002), (114.044344, 22.654301500000003), (114.04553221073556, 22.65669473516389), 298.4]
[(114.0458084267206, 22.65725107570892), (114.0439580267206, 22.65816977570892), (114.0424936, 22.655220200000002), (114.044344, 22.654301500000003), (114.0458084267206, 22.65725107570892), 298.4]
[(114.0443212410782, 22.654190501530294), (114.04629270000001, 22.65768969999999), (114.04446505892182, 22.6587193984697), (114.04249360000001, 22.655220200000002), (114.0443212410782, 22.654190501530294), 298.4]
[(114.04432880010035, 22.658773335340754), (114.04249359999997, 22.655220199999988), (114.04432889989957, 22.654272264659227), (114.04616409999996, 22.657825399999993), (114.04432880010035, 22.658773335340754), 298.4]
[(114.04444307564926, 22.65896857055357), (114.0424936, 22.655220200000002), (114.04432612435076, 22.65426712944644), (114.04627560000002, 22.658015500000005), (114.04444307564926, 22.65896857055357), 298.4]
[(114.044793293358, 22.659566132139602), (114.0424936, 22.655220199999988), (114.04431900664201, 22.654254267860374), (114.0466187, 22.658600199999988), (114.044793293358, 22.659566132139602), 298.4]
[(114.044793293358, 22.659566132139602), (114.0424936, 22.655220199999988), (114.04431900664201, 22.654254267860374), (114.0466187, 22.658600199999988), (114.044793293358, 22.659566132139602), 298.4]
[(114.04511681239609, 22.660118023121655), (114.04249360000003, 22.655220200000002), (114.04431388760398, 22.654245276878356), (114.04693710000002, 22.65914310000001), (114.04511681239609, 22.660118023121655), 298.4]
[(114.04511681239609, 22.660118023121655), (114.04249360000003, 22.655220200000002), (114.04431388760398, 22.654245276878356), (114.04693710000002, 22.65914310000001), (114.04511681239609, 22.660118023121655), 298.4]
[(114.04584134884186, 22.661562571519674), (114.04249360000001, 22.655220199999995), (114.04432005115815, 22.65425612848032), (114.0476678, 22.6605985), (114.04584134884186, 22.661562571519674), 298.4]
[(114.04432094799576, 22.65419051085629), (114.04786815737515, 22.660485600971178), (114.04604062484769, 22.661515394096334), (114.0424934154683, 22.655220303981444), (114.04432094799576, 22.65419051085629), 298.4]
[(114.04584134884186, 22.661562571519674), (114.04249360000001, 22.655220199999995), (114.04432005115815, 22.65425612848032), (114.0476678, 22.6605985), (114.04584134884186, 22.661562571519674), 298.4]
[(114.04080675166023, 22.655894348299192), (114.03953899999999, 22.653596900000004), (114.04146964833973, 22.652531551700797), (114.04273739999996, 22.654828999999985), (114.04080675166023, 22.655894348299192), 297.4]
[(114.04080675166023, 22.655894348299192), (114.03953899999999, 22.653596900000004), (114.04146964833973, 22.652531551700797), (114.04273739999996, 22.654828999999985), (114.04080675166023, 22.655894348299192), 297.4]
[(114.0466187, 22.658600199999995), (114.04477613515174, 22.659482846105753), (114.0441002, 22.658071800000002), (114.04594276484826, 22.657189153894244), (114.0466187, 22.658600199999995), 297.4]
[(114.04577614492932, 22.657118676074994), (114.04773380274011, 22.66056096368863), (114.04605618384497, 22.661515039612027), (114.04409852603419, 22.65807275199839), (114.04577614492932, 22.657118676074994), 297.4]
[(114.04578343524797, 22.657114530009686), (114.04774109305876, 22.660556817623323), (114.04605618384497, 22.661515039612027), (114.04409852603419, 22.65807275199839), (114.04578343524797, 22.657114530009686), 297.4]
[(114.04158419999999, 22.657190299999996), (114.04482671848453, 22.655648238735225), (114.04536409999997, 22.656778200000005), (114.04212158151546, 22.658320261264777), (114.04158419999999, 22.657190299999996), 207.4]
[(114.04379250000002, 22.657525600000007), (114.04576445192025, 22.65658373007259), (114.0467073590291, 22.658557853494273), (114.04473540710887, 22.65949972342169), (114.04379250000002, 22.657525600000007), 297.3]
[(114.0454779978802, 22.656575841731183), (114.0466187, 22.658600199999995), (114.04493314345807, 22.65954999132402), (114.04379244133827, 22.657525633055208), (114.0454779978802, 22.656575841731183), 297.3]
[(114.04547347585061, 22.656569585593076), (114.04693710000001, 22.65914310000001), (114.0452522241865, 22.660101332416623), (114.04378860003712, 22.65752781800969), (114.04547347585061, 22.656569585593076), 297.3]
[(114.04546623210457, 22.656573734526965), (114.04773380274011, 22.66056096368863), (114.04605618384497, 22.661515039612027), (114.04378861320944, 22.65752781045036), (114.04546623210457, 22.656573734526965), 297.3]
[(114.0431403562485, 22.656329299701703), (114.0443354, 22.658489199999998), (114.04277924375151, 22.65935020029829), (114.04158420000002, 22.657190299999996), (114.0431403562485, 22.656329299701703), 110.6]
[(114.04279819399292, 22.659355147139465), (114.04128018893476, 22.65666042550133), (114.04281739840752, 22.65579447640956), (114.04433540346568, 22.658489198047697), (114.04279819399292, 22.659355147139465), 110.6]
[(114.04279840740168, 22.659355200814694), (114.04097491425185, 22.656118834951293), (114.04251198687433, 22.655252789047886), (114.04433548002417, 22.658489154911287), (114.04279840740168, 22.659355200814694), 110.6]
[(114.04281634068982, 22.65939678505336), (114.04157570466899, 22.657195087038744), (114.0431169639792, 22.65632660198539), (114.04435760000004, 22.658528300000008), (114.04281634068982, 22.65939678505336), 110.8]
[(114.0428205264086, 22.659394384719796), (114.04128007670757, 22.65666048987068), (114.04281715029896, 22.655794405150893), (114.04435759999998, 22.658528300000008), (114.0428205264086, 22.659394384719796), 110.8]
[(114.04282052283207, 22.659394383865767), (114.04097488610103, 22.65611885110078), (114.04251196326896, 22.655252767234998), (114.04435760000001, 22.658528299999986), (114.04282052283207, 22.659394383865767), 110.8]
[(114.04251178255842, 22.659568341416595), (114.04055159999997, 22.6560895), (114.04239741744155, 22.655049458583406), (114.04435759999998, 22.6585283), (114.04251178255842, 22.659568341416595), 110.8]
[(114.04251136973971, 22.65956857974281), (114.0405813, 22.656143200000002), (114.0424275302603, 22.65510292025718), (114.04435760000001, 22.658528299999986), (114.04251136973971, 22.65956857974281), 110.8]
[(114.0443576, 22.658528299999986), (114.04255041133715, 22.659386856421868), (114.04152111331354, 22.657220271126377), (114.04332830197637, 22.656361714704495), (114.0443576, 22.658528299999986), 111.2]
[(114.04435760000001, 22.658528300000008), (114.04255245658717, 22.659390210199902), (114.04125455997985, 22.656671957751406), (114.04305970339269, 22.655810047551512), (114.04435760000001, 22.658528300000008), 111.2]
[(114.04279262678313, 22.65525002593529), (114.04435759999998, 22.658528300000008), (114.04255237321685, 22.659390074064717), (114.04098739999999, 22.656111799999998), (114.04279262678313, 22.65525002593529), 111.2]
[(114.04251178255842, 22.659568341416595), (114.04055159999997, 22.6560895), (114.04239741744155, 22.655049458583406), (114.04435759999998, 22.6585283), (114.04251178255842, 22.659568341416595), 111.2]
[(114.04251136973971, 22.65956857974281), (114.0405813, 22.656143200000002), (114.0424275302603, 22.65510292025718), (114.04435760000001, 22.658528299999986), (114.04251136973971, 22.65956857974281), 111.2]
[(114.04439410000002, 22.65859230000001), (114.0477198077627, 22.65700389313612), (114.04813610000002, 22.65787550000001), (114.04481039223734, 22.6594639068639), (114.04439410000002, 22.65859230000001), 27.7]
[(114.04620495801345, 22.657855566709962), (114.04774102140352, 22.660556863434742), (114.04605606339008, 22.661514996724776), (114.04452, 22.658813699999996), (114.04620495801345, 22.657855566709962), 296.2]
[(114.04335789999999, 22.667965200000005), (114.04005508311619, 22.66955610070488), (114.03938679999999, 22.66816869999999), (114.04268961688379, 22.666577799295112), (114.04335789999999, 22.667965200000005), 207.6]
[(114.04683660000002, 22.665062500000005), (114.04689388691371, 22.663686049924095), (114.04822380000002, 22.663741400000003), (114.04816651308633, 22.665117850075912), (114.04683660000002, 22.665062500000005), 267.5]
[(114.04556713031128, 22.662904157067686), (114.04825779999999, 22.663013799999998), (114.04822814358974, 22.663741576998284), (114.04553747390104, 22.663631934065975), (114.04556713031128, 22.662904157067686), 177.5]
[(114.0425360620882, 22.655254888831678), (114.0437925, 22.657525600000014), (114.04224383791177, 22.658382511168334), (114.04098739999999, 22.656111799999998), (114.0425360620882, 22.655254888831678), 117.3]
[(114.0419466452108, 22.65856557351689), (114.04055159999999, 22.656089499999986), (114.04239747881212, 22.655049512948295), (114.04379252402293, 22.657525586465198), (114.0419466452108, 22.65856557351689), 117.3]
[(114.04194622383721, 22.6585658109231), (114.04058129999999, 22.656143199999995), (114.0424276001857, 22.655102975542093), (114.04379252402293, 22.657525586465198), (114.04194622383721, 22.6585658109231), 117.3]
[(114.04618960000002, 22.65786890000001), (114.04775166989322, 22.657097269302547), (114.04840425859268, 22.658418353551042), (114.04684218869949, 22.659189984248506), (114.04618960000002, 22.65786890000001), 296.4]
[(114.04616410000003, 22.657825400000007), (114.04772939484113, 22.657052176243987), (114.04840425859268, 22.658418353551042), (114.04683896375157, 22.659191577307062), (114.04616410000003, 22.657825400000007), 296.5]
[(114.04630350000001, 22.666069600000004), (114.04640977360624, 22.663661348909223), (114.0482255633511, 22.663741477814842), (114.04811928974486, 22.666149728905623), (114.04630350000001, 22.666069600000004), 87.6]
[(114.04630350000001, 22.6660696), (114.04644201401214, 22.662933598569005), (114.0482578, 22.6630138), (114.04811928598787, 22.666149801430997), (114.04630350000001, 22.6660696), 87.6]
[(114.0464342, 22.666074700000003), (114.0465404442006, 22.663667115266122), (114.0482255633511, 22.663741477814842), (114.04811931915049, 22.666149062548723), (114.0464342, 22.666074700000003), 87.7]
[(114.04643420000001, 22.6660747), (114.04657268434929, 22.662939370145665), (114.0482578, 22.6630138), (114.04811931565072, 22.66614912985434), (114.04643420000001, 22.6660747), 87.7]
[(114.04825779999997, 22.663013799999998), (114.04817300203356, 22.665791885622763), (114.04548049999998, 22.665709699999997), (114.04556529796639, 22.662931614377232), (114.04825779999997, 22.663013799999998), 88.2]
[(114.04686730926751, 22.66436493964643), (114.04682500926751, 22.665750739646427), (114.04548049999998, 22.665709699999997), (114.04552279999999, 22.6643239), (114.04686730926751, 22.66436493964643), 88.2]
[(114.0469281, 22.6630048), (114.04684414330157, 22.665751383419703), (114.04548043935796, 22.665709698146312), (114.04556439605639, 22.662963114726608), (114.0469281, 22.6630048), 88.2]
[(114.04329963445662, 22.667147180093167), (114.03969319024017, 22.668903273492425), (114.03902820000002, 22.667537600000003), (114.04263464421646, 22.665781506600744), (114.04329963445662, 22.667147180093167), 207.5]
[(114.04218318515315, 22.665880108499806), (114.04372479999998, 22.66861209999999), (114.04215751484682, 22.669496491500176), (114.04061589999998, 22.666764499999992), (114.04218318515315, 22.665880108499806), 297.8]
[(114.04330820000001, 22.667164700000008), (114.03970172786458, 22.668920806993903), (114.03902820000002, 22.667537600000003), (114.04263467213543, 22.665781493006108), (114.04330820000001, 22.667164700000008), 204.3]
[(114.04295520000002, 22.666536000000015), (114.03931321642676, 22.66827042947267), (114.03863200000005, 22.666840000000015), (114.04227398357331, 22.66510557052736), (114.04295520000002, 22.666536000000015), 207.2]
[(114.04304765169621, 22.65986301407758), (114.04481565169623, 22.65899291407758), (114.04606100000001, 22.6615234), (114.044293, 22.6623935), (114.04304765169621, 22.65986301407758), 118.1]
[(114.04270089088973, 22.65915841333532), (114.04446889088975, 22.65828831333532), (114.04606100000001, 22.6615234), (114.044293, 22.6623935), (114.04270089088973, 22.65915841333532), 118.1]
[(114.04267927078158, 22.65911448234896), (114.04444727078159, 22.65824438234896), (114.04606100000001, 22.6615234), (114.044293, 22.6623935), (114.04267927078158, 22.65911448234896), 118.1]
[(114.04263363971728, 22.659021762291857), (114.04440163971728, 22.658151662291857), (114.04606100000001, 22.6615234), (114.044293, 22.6623935), (114.04263363971728, 22.659021762291857), 118.1]
[(114.04425544861719, 22.65795099982796), (114.04606099999997, 22.661523399999993), (114.04430245138276, 22.662412200172028), (114.04249689999999, 22.658839799999996), (114.04425544861719, 22.65795099982796), 118.1]
[(114.04394494875064, 22.65738945392961), (114.04606100000002, 22.661523400000007), (114.04430715124943, 22.662421146070407), (114.04219110000004, 22.65828720000001), (114.04394494875064, 22.65738945392961), 118.1]
[(114.04363643079486, 22.656831715539674), (114.046061, 22.6615234), (114.04431076920515, 22.66242788446032), (114.04188620000002, 22.657736199999995), (114.04363643079486, 22.656831715539674), 118.1]
[(114.04363643079486, 22.656831715539674), (114.046061, 22.6615234), (114.04431076920515, 22.66242788446032), (114.04188620000002, 22.657736199999995), (114.04363643079486, 22.656831715539674), 118.1]
[(114.04333158703764, 22.65628060557973), (114.04606099999998, 22.6615234), (114.04431361296233, 22.66243309442028), (114.04158419999999, 22.65719030000001), (114.04333158703764, 22.65628060557973), 118.1]
[(114.04303349706898, 22.655741963679958), (114.04606099999998, 22.661523400000007), (114.04431590293098, 22.662437236320052), (114.04128839999997, 22.656655800000003), (114.04303349706898, 22.655741963679958), 118.1]
[(114.04333158703764, 22.65628060557973), (114.04606099999998, 22.6615234), (114.04431361296233, 22.66243309442028), (114.04158419999999, 22.65719030000001), (114.04333158703764, 22.65628060557973), 118.1]
[(114.04303349706898, 22.655741963679958), (114.04606099999998, 22.661523400000007), (114.04431590293098, 22.662437236320052), (114.04128839999997, 22.656655800000003), (114.04303349706898, 22.655741963679958), 118.1]
[(114.04273056253386, 22.655194500849767), (114.04606099999998, 22.6615234), (114.0443178374661, 22.662440699150224), (114.04098739999998, 22.65611179999999), (114.04273056253386, 22.655194500849767), 118.1]
[(114.04421738972962, 22.662566783083264), (114.04055159999999, 22.656089499999993), (114.04239521027034, 22.655046116916736), (114.04606099999998, 22.661523400000007), (114.04421738972962, 22.662566783083264), 118.1]
[(114.04421698443595, 22.6625670510222), (114.04058130000001, 22.656143199999995), (114.04242531556406, 22.655099548977788), (114.046061, 22.661523399999993), (114.04421698443595, 22.6625670510222), 118.1]
[(114.04333158703764, 22.65628060557973), (114.04606099999998, 22.6615234), (114.04431361296233, 22.66243309442028), (114.04158419999999, 22.65719030000001), (114.04333158703764, 22.65628060557973), 118.1]
[(114.04303349706898, 22.655741963679958), (114.04606099999998, 22.661523400000007), (114.04431590293098, 22.662437236320052), (114.04128839999997, 22.656655800000003), (114.04303349706898, 22.655741963679958), 118.1]
[(114.04273056253386, 22.655194500849767), (114.04606099999998, 22.6615234), (114.0443178374661, 22.662440699150224), (114.04098739999998, 22.65611179999999), (114.04273056253386, 22.655194500849767), 118.1]
[(114.04421738972962, 22.662566783083264), (114.04055159999999, 22.656089499999993), (114.04239521027034, 22.655046116916736), (114.04606099999998, 22.661523400000007), (114.04421738972962, 22.662566783083264), 118.1]
[(114.04421698443595, 22.6625670510222), (114.04058130000001, 22.656143199999995), (114.04242531556406, 22.655099548977788), (114.046061, 22.661523399999993), (114.04421698443595, 22.6625670510222), 118.1]
[(114.04303349706898, 22.655741963679958), (114.04606099999998, 22.661523400000007), (114.04431590293098, 22.662437236320052), (114.04128839999997, 22.656655800000003), (114.04303349706898, 22.655741963679958), 118.1]
[(114.04273056253386, 22.655194500849767), (114.04606099999998, 22.6615234), (114.0443178374661, 22.662440699150224), (114.04098739999998, 22.65611179999999), (114.04273056253386, 22.655194500849767), 118.1]
[(114.04421738972962, 22.662566783083264), (114.04055159999999, 22.656089499999993), (114.04239521027034, 22.655046116916736), (114.04606099999998, 22.661523400000007), (114.04421738972962, 22.662566783083264), 118.1]
[(114.04421698443595, 22.6625670510222), (114.04058130000001, 22.656143199999995), (114.04242531556406, 22.655099548977788), (114.046061, 22.661523399999993), (114.04421698443595, 22.6625670510222), 118.1]
[(114.04055157540218, 22.670241733434032), (114.038632, 22.666839999999986), (114.04016910777665, 22.665972620372578), (114.04208868317883, 22.669374353806624), (114.04055157540218, 22.670241733434032), 297.0]
[(114.04019549677628, 22.669610686464054), (114.038632, 22.666839999999993), (114.04016910322372, 22.665972613535942), (114.04173259999999, 22.668743300000003), (114.04019549677628, 22.669610686464054), 297.0]
[(114.0404281546374, 22.663681815132215), (114.03951674671973, 22.662054063992024), (114.04106539208234, 22.6611869488598), (114.04197680000001, 22.66281469999999), (114.0404281546374, 22.663681815132215), 27.6]
[(114.04686662102287, 22.66438668615587), (114.04692992102288, 22.66295508615587), (114.0482578, 22.6630138), (114.0481945, 22.6644454), (114.04686662102287, 22.66438668615587), 269.6]
[(114.0468063274339, 22.665747426075427), (114.04692974339568, 22.662955102159753), (114.0482578, 22.6630138), (114.04813438403822, 22.665806123915676), (114.0468063274339, 22.665747426075427), 269.6]
[(114.04128782989874, 22.66790794548359), (114.04563395532843, 22.666092342574828), (114.04628019999998, 22.667639300000005), (114.04193407457029, 22.669454902908768), (114.04128782989874, 22.66790794548359), 221.1]
[(114.04816561129276, 22.66509247329949), (114.04814421129275, 22.66579127329949), (114.04548049999998, 22.665709699999994), (114.04550189999999, 22.6650109), (114.04816561129276, 22.66509247329949), 177.7]
[(114.04813530000003, 22.665785400000008), (114.045461758584, 22.6656635825157), (114.04552281062091, 22.664323666902074), (114.04819635203694, 22.664445484386384), (114.04813530000003, 22.665785400000008), 177.7]
[(114.04814009600815, 22.66578559638281), (114.04546031767958, 22.66567586712918), (114.04554402167143, 22.663631670746373), (114.0482238, 22.663741400000003), (114.04814009600815, 22.66578559638281), 177.7]
[(114.04549248090683, 22.665010484059138), (114.04552279999999, 22.6643239), (114.04819465511687, 22.66444188733617), (114.04816433602372, 22.66512847139531), (114.04549248090683, 22.665010484059138), 177.7]
[(114.0481679298224, 22.665119022211158), (114.04548810879521, 22.665010340690586), (114.04554399999999, 22.663632199999995), (114.04822382102718, 22.663740881520567), (114.0481679298224, 22.665119022211158), 177.7]
[(114.04680632702514, 22.665747426056353), (114.04686654946535, 22.664384893346533), (114.04819460643107, 22.664443591996964), (114.04813438399086, 22.665806124706783), (114.04680632702514, 22.665747426056353), 267.2]
[(114.04551479686552, 22.664333872582585), (114.04554409686553, 22.663629872582586), (114.04822380000002, 22.663741400000003), (114.04819450000001, 22.6644454), (114.04551479686552, 22.664333872582585), 177.8]
[(114.04550455873009, 22.66432646085331), (114.0455678587301, 22.662894860853307), (114.0482578, 22.6630138), (114.0481945, 22.6644454), (114.04550455873009, 22.66432646085331), 177.8]
[(114.05064657098039, 22.649228843739294), (114.05343299999998, 22.649214199999996), (114.05343844332327, 22.650249962360594), (114.05065201430368, 22.65026460609989), (114.05064657098039, 22.649228843739294), 359.2]
[(114.05349040000002, 22.6488792), (114.05352311484042, 22.646676290594907), (114.0612453260245, 22.646790971165018), (114.0612126111841, 22.64899388057011), (114.05349040000002, 22.6488792), 350.0]
[(114.05366780000001, 22.648881700000004), (114.05370774094499, 22.64672917793285), (114.05895290440658, 22.646826504129113), (114.05891296346161, 22.648979026196265), (114.05366780000001, 22.648881700000004), 350.1]
[(114.0536678, 22.6488817), (114.05372377543935, 22.646726865960485), (114.05902893603869, 22.64686467643217), (114.05897296059933, 22.649019510471685), (114.0536678, 22.6488817), 350.1]
[(114.0536678, 22.6488817), (114.05369974808623, 22.646730421290147), (114.06124456126764, 22.646842467368188), (114.06121261318141, 22.64899374607804), (114.0536678, 22.6488817), 350.1]
[(114.05366780000001, 22.648881700000004), (114.05371009940202, 22.646602074509453), (114.05895526286362, 22.646699400705714), (114.05891296346161, 22.648979026196265), (114.05366780000001, 22.648881700000004), 350.0]
[(114.05370270254828, 22.646397731896315), (114.05904520000001, 22.6464728), (114.0590102955765, 22.64895690156304), (114.05366779812476, 22.648881833459352), (114.05370270254828, 22.646397731896315), 350.0]
[(114.0536678, 22.6488817), (114.05370163457438, 22.646603391403), (114.06124644775579, 22.646715437481042), (114.06121261318141, 22.64899374607804), (114.0536678, 22.6488817), 350.0]
[(114.05682240932964, 22.646822727846), (114.06127286281654, 22.646911927207697), (114.0612288534869, 22.649107699361696), (114.0567784, 22.6490185), (114.05682240932964, 22.646822727846), 354.8]
[(114.0612558816515, 22.647197583650446), (114.06106556753504, 22.64939055599264), (114.05677840000003, 22.649018500000004), (114.0569687141165, 22.64682552765781), (114.0612558816515, 22.647197583650446), 354.8]
[(114.05682240932964, 22.646822727846), (114.06127286281654, 22.646911927207697), (114.0612288534869, 22.649107699361696), (114.0567784, 22.6490185), (114.05682240932964, 22.646822727846), 354.8]
[(114.0612558816515, 22.647197583650446), (114.06106556753504, 22.64939055599264), (114.05677840000003, 22.649018500000004), (114.0569687141165, 22.64682552765781), (114.0612558816515, 22.647197583650446), 354.8]
[(114.05681957790776, 22.646823472783858), (114.06112283928188, 22.646886893644893), (114.06109186137412, 22.64898882086104), (114.0567886, 22.648925400000003), (114.05681957790776, 22.646823472783858), 354.8]
[(114.0567886, 22.6489254), (114.05681981538089, 22.64682345925137), (114.06124386785162, 22.646889159715577), (114.06121265247073, 22.648991100464208), (114.0567886, 22.6489254), 354.8]
[(114.05681957790776, 22.646823472783858), (114.06112283928188, 22.646886893644893), (114.06109186137412, 22.64898882086104), (114.0567886, 22.648925400000003), (114.05681957790776, 22.646823472783858), 354.8]
[(114.0567886, 22.6489254), (114.05681981538089, 22.64682345925137), (114.06124386785162, 22.646889159715577), (114.06121265247073, 22.648991100464208), (114.0567886, 22.6489254), 354.8]
[(114.04506434063686, 22.663320478024872), (114.0434098991693, 22.660411309210232), (114.04493524991332, 22.659543843729793), (114.04658969138086, 22.662453012544432), (114.04506434063686, 22.663320478024872), 112.0]
[(114.04506433856665, 22.66332047759436), (114.04309461580542, 22.659856911923917), (114.04461996831557, 22.65898944704984), (114.0465896910768, 22.662453012720285), (114.04506433856665, 22.66332047759436), 112.0]
[(114.04506433856665, 22.66332047759436), (114.04270845433626, 22.659177884583578), (114.04423380684642, 22.6583104197095), (114.0465896910768, 22.662453012720285), (114.04506433856665, 22.66332047759436), 112.0]
[(114.04506433856665, 22.66332047759436), (114.04268446454962, 22.659135700879823), (114.04420981705978, 22.658268236005746), (114.0465896910768, 22.662453012720285), (114.04506433856665, 22.66332047759436), 112.0]
[(114.04654470000001, 22.662383), (114.04471220770014, 22.66326473299759), (114.04394000910199, 22.661659884376824), (114.04577250140187, 22.660778151379233), (114.04654470000001, 22.662383), 114.1]
[(114.04502325982156, 22.663248241545617), (114.0434098991693, 22.660411309210232), (114.04493524991332, 22.659543843729793), (114.04654861056557, 22.662380776065177), (114.04502325982156, 22.663248241545617), 114.1]
[(114.0450232578095, 22.66324824108323), (114.04309461580542, 22.659856911923917), (114.04461996831557, 22.65898944704984), (114.04654861031966, 22.662380776209154), (114.0450232578095, 22.66324824108323), 114.1]
[(114.0450232578095, 22.66324824108323), (114.04270845433626, 22.659177884583578), (114.04423380684642, 22.6583104197095), (114.04654861031966, 22.662380776209154), (114.0450232578095, 22.66324824108323), 114.1]
[(114.0450294412682, 22.66324472456283), (114.04271463779497, 22.659174368063177), (114.04423380684642, 22.6583104197095), (114.04654861031966, 22.662380776209154), (114.0450294412682, 22.66324472456283), 114.1]
[(114.0450294412682, 22.66324472456283), (114.04269064800832, 22.65913218435942), (114.04420981705978, 22.658268236005746), (114.04654861031966, 22.662380776209154), (114.0450294412682, 22.66324472456283), 114.1]
[(114.04502915759593, 22.663244703058233), (114.04263683048737, 22.659037136260302), (114.04415625511862, 22.6581732258557), (114.04654858222719, 22.66238079265363), (114.04502915759593, 22.663244703058233), 114.1]
[(114.04500658898455, 22.66325691447406), (114.0424969, 22.65883980000001), (114.04403879924295, 22.657963733154098), (114.0465484882275, 22.66238084762815), (114.04500658898455, 22.66325691447406), 114.1]
[(114.0450102068028, 22.663253968722827), (114.0421911, 22.658287200000004), (114.04372924615252, 22.657414157882627), (114.04654835295533, 22.66238092660545), (114.0450102068028, 22.663253968722827), 114.1]
[(114.0382347, 22.669973900000002), (114.03829417278075, 22.669951623609997), (114.03833605606559, 22.67006344224024), (114.03827658328484, 22.670085718630247), (114.0382347, 22.669973900000002), 112.1]
[(114.03699552928506, 22.6670877339305), (114.03697592928506, 22.666932533930506), (114.03733490000003, 22.666887200000005), (114.03735450000003, 22.6670424), (114.03699552928506, 22.6670877339305), 186.6]
[(114.05365140000002, 22.648967900000002), (114.05424185682485, 22.644306943287454), (114.05567740000001, 22.644488800000005), (114.05508694317518, 22.649149756712557), (114.05365140000002, 22.648967900000002), 273.6]
[(114.05366780000003, 22.648881700000004), (114.0542606454515, 22.644305269098307), (114.05567740000001, 22.644488800000005), (114.05508455454853, 22.649065230901705), (114.05366780000003, 22.648881700000004), 273.6]
[(114.05400183660043, 22.644096297514672), (114.06135013660042, 22.644402497514672), (114.06124239999998, 22.646988000000004), (114.0538941, 22.646681800000003), (114.05400183660043, 22.644096297514672), 179.1]
[(114.053890913417, 22.646838572612143), (114.05394351341701, 22.644250772612143), (114.06129499999999, 22.644400199999996), (114.06124239999998, 22.646987999999997), (114.053890913417, 22.646838572612143), 179.1]
[(114.05080999603364, 22.650209980369258), (114.05206299603365, 22.65024208036926), (114.05197620000001, 22.6536301), (114.0507232, 22.653598), (114.05080999603364, 22.650209980369258), 88.4]
[(114.05053577677609, 22.65020487613969), (114.0520426767761, 22.65023437613969), (114.05197620000003, 22.653630100000004), (114.05046930000002, 22.653600600000004), (114.05053577677609, 22.65020487613969), 90.6]
[(114.05425460701825, 22.643611143990434), (114.06146390701825, 22.644457543990434), (114.06110340000002, 22.647528200000004), (114.05389410000002, 22.646681800000003), (114.05425460701825, 22.643611143990434), 179.7]
[(114.05425460701825, 22.643611143990434), (114.06146390701825, 22.644457543990434), (114.06110340000002, 22.647528200000004), (114.05389410000002, 22.646681800000003), (114.05425460701825, 22.643611143990434), 179.7]
[(114.06031809650374, 22.647513925869116), (114.06024494444405, 22.650328323424944), (114.05893979999998, 22.650294399999993), (114.05901295205966, 22.647480002444166), (114.06031809650374, 22.647513925869116), 269.1]
[(114.06040314489692, 22.647516136454158), (114.06032999283724, 22.650330534009985), (114.05893979999998, 22.650294399999993), (114.05901295205966, 22.647480002444166), (114.06040314489692, 22.647516136454158), 269.1]
[(114.06078360140467, 22.64898610445657), (114.05897460000001, 22.648956400000003), (114.05899869859536, 22.647488795543435), (114.06080770000001, 22.6475185), (114.06078360140467, 22.64898610445657), 178.9]
[(114.05913324733537, 22.648680429021056), (114.05915794733536, 22.647484429021056), (114.06080769999996, 22.647518499999993), (114.06078299999996, 22.648714499999993), (114.05913324733537, 22.648680429021056), 178.9]
[(114.05677807320706, 22.649070280712582), (114.05679139196012, 22.64695990926882), (114.06124240000001, 22.646988), (114.06122908124695, 22.649098371443763), (114.05677807320706, 22.649070280712582), 355.5]
[(114.06124016753503, 22.64737865599264), (114.06106556753504, 22.64939055599264), (114.05677840000003, 22.649018500000004), (114.05695300000002, 22.647006600000005), (114.06124016753503, 22.64737865599264), 355.5]
[(114.05677807320706, 22.649070280712582), (114.05679139196012, 22.64695990926882), (114.06124240000001, 22.646988), (114.06122908124695, 22.649098371443763), (114.05677807320706, 22.649070280712582), 355.5]
[(114.06124016753503, 22.64737865599264), (114.06106556753504, 22.64939055599264), (114.05677840000003, 22.649018500000004), (114.05695300000002, 22.647006600000005), (114.06124016753503, 22.64737865599264), 355.5]
[(114.06123011177472, 22.64737305673114), (114.06106571177473, 22.649291856731143), (114.05678859999999, 22.648925399999996), (114.05695299999998, 22.647006599999997), (114.06123011177472, 22.64737305673114), 355.5]
[(114.0568167358729, 22.64692572977087), (114.0612424, 22.646987999999997), (114.06121426023996, 22.6489879464953), (114.05678859611287, 22.648925676266174), (114.0568167358729, 22.64692572977087), 355.5]
[(114.06123011177472, 22.64737305673114), (114.06106571177473, 22.649291856731143), (114.05678859999999, 22.648925399999996), (114.05695299999998, 22.647006599999997), (114.06123011177472, 22.64737305673114), 355.5]
[(114.0568167358729, 22.64692572977087), (114.0612424, 22.646987999999997), (114.06121426023996, 22.6489879464953), (114.05678859611287, 22.648925676266174), (114.0568167358729, 22.64692572977087), 355.5]
[(114.0566534, 22.6489237), (114.05668606583858, 22.646724090217216), (114.06124531373895, 22.646791798433945), (114.06121264790038, 22.64899140821673), (114.0566534, 22.6489237), 355.2]
[(114.05668835138178, 22.64643963853558), (114.06124921266306, 22.646503811023333), (114.06121426023996, 22.6489879464953), (114.05665339895869, 22.648923774007546), (114.05668835138178, 22.64643963853558), 355.2]
[(114.05668555501319, 22.64672337579524), (114.06127220770465, 22.64680988590241), (114.06122895269144, 22.64910321010717), (114.05664229999998, 22.6490167), (114.05668555501319, 22.64672337579524), 355.2]
[(114.06127767389368, 22.647149968261857), (114.06105817389368, 22.64943996826186), (114.05664229999998, 22.649016699999997), (114.05686179999998, 22.646726699999995), (114.06127767389368, 22.647149968261857), 355.2]
[(114.05668555501319, 22.64672337579524), (114.06127220770465, 22.64680988590241), (114.06122895269144, 22.64910321010717), (114.05664229999998, 22.6490167), (114.05668555501319, 22.64672337579524), 355.2]
[(114.06127767389368, 22.647149968261857), (114.06105817389368, 22.64943996826186), (114.05664229999998, 22.649016699999997), (114.05686179999998, 22.646726699999995), (114.06127767389368, 22.647149968261857), 355.2]
[(114.05273989999999, 22.653914399999994), (114.05417375981166, 22.643968297850144), (114.05713569999999, 22.6443953), (114.05570184018832, 22.65434140214985), (114.05273989999999, 22.653914399999994), 271.2]
[(114.05273989999999, 22.653914399999994), (114.05417375981166, 22.643968297850144), (114.05713569999999, 22.6443953), (114.05570184018832, 22.65434140214985), (114.05273989999999, 22.653914399999994), 271.2]
[(114.0577601, 22.644398500000005), (114.05595531398544, 22.654489481257592), (114.05273407543575, 22.653913358268593), (114.05453886145031, 22.643822377011006), (114.0577601, 22.644398500000005), 269.4]
[(114.0577601, 22.644398500000005), (114.05595531398544, 22.654489481257592), (114.05273407543575, 22.653913358268593), (114.05453886145031, 22.643822377011006), (114.0577601, 22.644398500000005), 269.4]
[(114.04283293705242, 22.65500253391373), (114.04055297711325, 22.65609238092098), (114.03939342354793, 22.653666594862337), (114.04167338348711, 22.652576747855086), (114.04283293705242, 22.65500253391373), 117.3]
[(114.03931768811506, 22.65370618031791), (114.04165468811506, 22.652570880317917), (114.04285659999998, 22.655045), (114.04051959999998, 22.656180299999995), (114.03931768811506, 22.65370618031791), 123.1]
[(114.03938800561393, 22.653670879187246), (114.04166330561392, 22.652572679187244), (114.04285659999996, 22.655044999999987), (114.04058129999997, 22.65614319999999), (114.03938800561393, 22.653670879187246), 117.6]
[(114.04352041152845, 22.656304303427284), (114.04435828635887, 22.6585301233168), (114.0423702636468, 22.65927848314618), (114.04153238881636, 22.657052663256664), (114.04352041152845, 22.656304303427284), 105.4]
[(114.04321315147565, 22.65575848706461), (114.04435759999998, 22.658528300000008), (114.04239683805349, 22.65933845980812), (114.04125238952916, 22.65656864687272), (114.04321315147565, 22.65575848706461), 105.4]
[(114.0443576, 22.658528300000008), (114.04245137593237, 22.659438118866078), (114.04088670164231, 22.65615986217022), (114.04279292570993, 22.65525004330415), (114.0443576, 22.658528300000008), 105.4]
[(114.04251178255842, 22.659568341416595), (114.04055159999997, 22.6560895), (114.04239741744155, 22.655049458583406), (114.04435759999998, 22.6585283), (114.04251178255842, 22.659568341416595), 105.4]
[(114.04251136973971, 22.65956857974281), (114.0405813, 22.656143200000002), (114.0424275302603, 22.65510292025718), (114.04435760000001, 22.658528299999986), (114.04251136973971, 22.65956857974281), 105.4]
[(114.03818750330731, 22.669983136323353), (114.0382319033073, 22.670107936323355), (114.03814739999996, 22.670137999999994), (114.03810299999996, 22.670013199999993), (114.03818750330731, 22.669983136323353), 287.2]
[(114.03823524259332, 22.669966152154295), (114.03827964259331, 22.670090952154297), (114.03814739999996, 22.670137999999994), (114.03810299999996, 22.670013199999993), (114.03823524259332, 22.669966152154295), 288.9]
[(114.03818827231838, 22.669982862732873), (114.03823267231837, 22.670107662732875), (114.03814739999996, 22.670137999999994), (114.03810299999996, 22.670013199999993), (114.03818827231838, 22.669982862732873), 289.0]
[(114.07217318869783, 22.65514151793211), (114.06893129999997, 22.653039399999997), (114.06954372009456, 22.65209492502425), (114.07278560879242, 22.654197042956362), (114.07217318869783, 22.65514151793211), 128.3]
