[[595706811, 9221078641, 595706812, 9221078637, 595706789, 9221078641], 24.8]
[[664958807, 6796972960, 6796972961, 6796972921, 6796972922, 6796972960], 96.4]
[[664958842, 6796972921, 6796972922, 6796972960, 6796972961, 6796972921], 275.2]
[[803710597, 803711119, 7288208723, 7288208724, 7288208725, 7288208726, 7288208701, 803711119], 295.8]
[[803710601, 803709657, 9810950342, 9810950379, 9810950378, 1992846435, 1992846452, 1992846375, 803709657], 126.2]
[[1755866336, 8486054632, 6796972929, 6796972953, 8486054631, 8486054632], 301.5]
[[2309773393, 6737633446, 6737633445, 6737633444, 6737626332, 6737633446], 16.2]
[[2362296663, 2362283898, 2362283923, 2362283983, 2362283910, 2362283898], 144.2]
[[2368698893, 6327148610, 6327148609, 2368698899, 2368698843, 5185101623, 6327148610], 286.5]
[[2370829127, 9221078630, 9221078631, 4987922378, 4987922379, 4987922381, 4987922386, 4987922384, 4987922361, 4923800291, 4987922359, 4987984451, 4923807089, 4923807632, 4923799047, 4923807633, 4923799420, 4923802073, 4987922428, 4987922453, 4987922455, 4923807082, 4987922445, 4923807083, 9221078638, 2660964898, 9221077150, 9221077148, 9221077149, 9221078632, 9221078630], 27.5]
[[2370829127, 9221078630, 9221078631, 4987922378, 4987922379, 4987922381, 4987922386, 4987922384, 4987922361, 4923800291, 4987922359, 4987984451, 4923807089, 4923807632, 4923799047, 4923807633, 4923799420, 4923802073, 4987922428, 4987922453, 4987922455, 4987922454, 4923807663, 4987922446, 4987922448, 9221078639, 2660964898, 9221077150, 9221077148, 9221077149, 9221078632, 9221078630], 27.5]
[[2370829144, 9221078632, 9221078633, 4987922377, 4987922381, 4987922386, 4987922384, 4987922361, 4923800291, 4987922359, 4987984451, 4923807089, 4923807632, 4923799047, 4923807633, 4923799420, 4923802073, 4987922428, 4987922453, 4987922455, 4923807082, 4987922445, 4923807083, 9221078638, 2660964898, 9221077150, 9221077148, 9221077149, 9221078632], 27.5]
[[2370829144, 9221078632, 9221078633, 4987922377, 4987922381, 4987922386, 4987922384, 4987922361, 4923800291, 4987922359, 4987984451, 4923807089, 4923807632, 4923799047, 4923807633, 4923799420, 4923802073, 4987922428, 4987922453, 4987922455, 4987922454, 4923807663, 4987922446, 4987922448, 9221078639, 2660964898, 9221077150, 9221077148, 9221077149, 9221078632], 27.5]
[[3730742574, 2274887273, 3730461049, 1755866361, 3730449783, 2362306055, 3730453554, 3730447405, 3730447408, 3730447406, 8635018129, 8635018143, 8635018145, 8635018128, 3730447407, 3889198611, 3889198612, 2274887274, 3730453555, 3730453553, 3730449784, 2274887273], 273.5]
[[3730742574, 2274887273, 3730461049, 1755866361, 3730449783, 2362306055, 3730453554, 3730447405, 3730447408, 3730447406, 3730447407, 3889198611, 3889198612, 2274887274, 3730453555, 3730453553, 3730449784, 2274887273], 273.5]
[[3730742574, 2274887273, 3730461049, 1755866361, 3730449783, 2362306055, 3730453554, 3730447405, 3730447408, 3889198611, 3889198612, 2274887274, 3730453555, 3730453553, 3730449784, 2274887273], 273.5]
[[3730742574, 2274887273, 3730461049, 1755866361, 3730449783, 2362306055, 3730453554, 3730447405, 2274887274, 3730453555, 3730453553, 3730449784, 2274887273], 273.5]
[[4923799375, 4987984503, 4923799380, 4987984505, 4987883403, 4923807055, 4987922416, 4923806996, 4987922415, 4987984503], 207.5]
[[4923799375, 4987984503, 4923799380, 4987984505, 4987984506, 4987883408, 4987883403, 4923807055, 4987922416, 4923806996, 4987922415, 4987984503], 207.1]
[[4923800281, 4987922366, 4987922365, 4987922422, 4987922421, 4923802073, 4923802724, 4987984448, 4987984449, 4923800293, 4987984451, 4987922366], 297.4]
[[4923800281, 4987922366, 4987922365, 4987922422, 4987922421, 4923802073, 4923799420, 4923807633, 4923799047, 4923807632, 4923807089, 4987984451, 4987922366], 297.4]
[[4923800281, 4987922366, 4987922365, 4987922422, 4923799047, 4923807632, 4923807089, 4987984451, 4987922366], 297.3]
[[4923800285, 4987922384, 4923800281, 4987922366, 4987922365, 4987922422, 4987922421, 4923802073, 4923799420, 4923807633, 4923799047, 4923807632, 4923807089, 4987984451, 4987922359, 4923800291, 4987922361, 4987922384], 27.5]
[[4923800285, 4987922384, 4923800281, 4987922366, 4987922365, 4987922422, 4923799047, 4923807632, 4923807089, 4987984451, 4987922359, 4923800291, 4987922361, 4987922384], 27.5]
[[4923800285, 4987922384, 4923800281, 4987922366, 4987922365, 4923807089, 4987984451, 4987922359, 4923800291, 4987922361, 4987922384], 27.5]
[[4923800285, 4987922384, 4923800281, 4987922366, 4987984451, 4987922359, 4923800291, 4987922361, 4987922384], 27.5]
[[4923800293, 4987984451, 4987922366, 4987922365, 4987922422, 4987922421, 4923802073, 4923799420, 4923807633, 4923799047, 4923807632, 4923807089, 4987984451], 27.5]
[[4923800293, 4987984451, 4987922366, 4987922365, 4987922422, 4923799047, 4923807632, 4923807089, 4987984451], 27.5]
[[4923800305, 4923805575, 4923805069, 4923805066, 4923805067, 4987910569, 4987910570, 4923804453, 4987883381, 4923805575], 118.6]
[[4923802724, 4987984448, 4987984449, 4923800293, 4987984451, 4923807089, 4923807632, 4923799047, 4987984448], 117.2]
[[4923803736, 4923807081, 4987884226, 4987884228, 4987884229, 4923807081], 27.2]
[[4923803770, 4987983335, 4987910569, 4923805067, 4987922456, 4987922452, 4987922454, 4987922455, 4987922449, 4923807662, 4923804068, 4987983337, 4987983336, 4987983335], 207.7]
[[4923804237, 4923804243, 4987883412, 4987883411, 4987883410, 4923806633, 4987984508, 4923808772, 4923804243], 207.7]
[[4923804237, 4923804239, 4987984431, 4987884221, 4987883418, 4923808216, 4923808802, 4923804239], 297.3]
[[4923804239, 4923808802, 4987883413, 4987883412, 4987883411, 4923808772, 4923804243, 4923808802], 207.7]
[[4923804239, 4923808802, 4987883413, 4987883412, 4987883411, 4987883410, 4923806633, 4987984508, 4923808772, 4923804243, 4923808802], 207.7]
[[4923804243, 4923808802, 4923808216, 4987883418, 4987883417, 4987883415, 4923808813, 4987883414, 4987883413, 4923808802], 297.3]
[[4923804453, 4987984434, 4987984514, 4987984515, 4987883393, 4987984434], 28.4]
[[4923806633, 4987984508, 4923807575, 4923807099, 4987984499, 4987984486, 4987984498, 4923804239, 4923808802, 4923804243, 4923808772, 4987984508], 27.5]
[[4923806671, 4923806698, 4987994226, 4987984438, 4923806794, 4923806698], 357.5]
[[4923806671, 4923806698, 4987994226, 4987984438, 4987994240, 4923806834, 4923806794, 4923806698], 357.5]
[[4923806671, 4923806698, 4987994226, 4987984438, 4987994240, 4987994239, 4923806844, 4923806834, 4923806794, 4923806698], 357.5]
[[4923806672, 4923806794, 4987984438, 4987994240, 4923806834, 4923806794], 357.8]
[[4923806672, 4923806794, 4987984438, 4987994240, 4987994239, 4923806844, 4923806834, 4923806794], 357.8]
[[4923806672, 4923806794, 4987984438, 4987994240, 4987994239, 4987994238, 4923806788, 4923806785, 4923806844, 4923806834, 4923806794], 357.8]
[[4923806674, 4923806834, 4987994240, 4987994239, 4923806844, 4923806834], 357.7]
[[4923806674, 4923806834, 4987994240, 4987994239, 4987994238, 4923806788, 4923806785, 4923806844, 4923806834], 357.7]
[[4923806674, 4923806672, 4923806671, 4923806698, 4923806794, 4923806672], 89.6]
[[4923806676, 4987994228, 4923806844, 4923806785, 4923806788, 4923806652, 4923806846, 4987994228], 357.8]
[[4923806676, 4923806674, 4923806672, 4923806794, 4923806834, 4923806674], 87.5]
[[4923806676, 4923806674, 4923806672, 4923806671, 4923806698, 4987994226, 4987984438, 4987994240, 4923806834, 4923806674], 89.6]
[[4923806676, 4923806674, 4923806672, 4923806671, 4923806698, 4923806794, 4923806834, 4923806674], 89.6]
[[4923806678, 4923806676, 4923806674, 4923806834, 4923806844, 4987994228, 4923806676], 87.2]
[[4923806698, 4923806794, 4923806834, 4923806674, 4923806672, 4923806794], 267.2]
[[4923806785, 4923806844, 4923806834, 4987994240, 4987994239, 4923806844], 87.2]
[[4923806788, 4923806652, 4987984480, 4923806678, 4923806676, 4987994228, 4923806846, 4923806652], 178.4]
[[4923806794, 4923806834, 4923806844, 4987994228, 4923806676, 4923806674, 4923806834], 267.7]
[[4923806794, 4923806834, 4923806844, 4923806785, 4923806788, 4923806652, 4987984480, 4923806678, 4923806676, 4923806674, 4923806834], 268.2]
[[4923806834, 4923806794, 4923806698, 4987994226, 4987984438, 4923806794], 89.6]
[[4923806834, 4923806844, 4923806785, 4923806788, 4923806652, 4987984480, 4923806678, 4923806676, 4987994228, 4923806844], 268.2]
[[4923806834, 4923806844, 4923806785, 4923806788, 4923806652, 4923806846, 4987994228, 4923806844], 268.2]
[[4923806844, 4923806834, 4923806794, 4987984438, 4987994240, 4923806834], 87.5]
[[4923806970, 5960541503, 4987984437, 4923806965, 5960541502, 5960541503], 208.5]
[[4923807089, 4987984451, 4987922359, 4923800291, 4987922361, 4987922384, 4923800281, 4987922366, 4987984451], 116.9]
[[4923807677, 4923806965, 5960541502, 5960541503, 4987984437, 4923806965], 16.8]
[[4987883408, 4987883403, 4923807055, 4987922416, 4923799380, 4987984505, 4987883403], 26.9]
[[4987883411, 4923808772, 4987984496, 4923807099, 4987984499, 4987984486, 4987984498, 4923804239, 4923808802, 4923804243, 4923808772], 27.2]
[[4987883411, 4923808772, 4987984496, 4923804237, 4923804239, 4923808802, 4923804243, 4923808772], 27.6]
[[4987883411, 4923808772, 4987984496, 4923804237, 4923804239, 4987984431, 4923808204, 4923808216, 4923808802, 4923804243, 4923808772], 27.6]
[[4987883411, 4923808772, 4987984496, 4923804237, 4923804239, 4987984431, 4987884221, 4987883418, 4923808216, 4923808802, 4923804243, 4923808772], 27.6]
[[4987883412, 4923804243, 4923804237, 4923804239, 4987984431, 4923808204, 4923808216, 4923808802, 4923804243], 27.6]
[[4987883412, 4923804243, 4923804237, 4923804239, 4987984431, 4987884221, 4987883418, 4923808216, 4923808802, 4923804243], 27.6]
[[4987883413, 4923808802, 4923804239, 4987984431, 4987884221, 4987883418, 4923808216, 4923808802], 27.6]
[[4987883413, 4987883412, 4987883411, 4987883410, 4923806633, 4987984508, 4923808772, 4923804243, 4987883412], 117.2]
[[4987883414, 4987883413, 4987883412, 4987883411, 4923808772, 4923804243, 4923808802, 4987883413], 117.8]
[[4987884221, 4987883418, 4987883417, 4987883415, 4923808813, 4987883414, 4987883413, 4923808802, 4923808216, 4987883418], 207.7]
[[4987884221, 4987883418, 4987883417, 4987883415, 4923808813, 4987883414, 4987883413, 4987883412, 4923804243, 4923808802, 4923808216, 4987883418], 207.7]
[[4987884221, 4987883418, 4987883417, 4987883415, 4923808813, 4987883414, 4987883413, 4987883412, 4987883411, 4923808772, 4923804243, 4923808802, 4923808216, 4987883418], 207.7]
[[4987922365, 4923807089, 4987984449, 4923800293, 4923800287, 4923800291, 4987922359, 4987984451, 4923807089], 207.0]
[[4987922365, 4923807089, 4987984449, 4923800293, 4923800287, 4923800285, 4987922384, 4987922361, 4923800291, 4987922359, 4987984451, 4923807089], 207.0]
[[4987922366, 4987922365, 4987922422, 4987922421, 4923802073, 4923799420, 4923807633, 4923799047, 4923807632, 4923807089, 4987922365], 297.4]
[[4987922366, 4987984451, 4923800293, 4923800287, 4923800285, 4987922384, 4987922361, 4923800291, 4987922359, 4987984451], 207.1]
[[4987922412, 4987922415, 4987984503, 4923799380, 4987984505, 4987883403, 4923807055, 4987922416, 4923806996, 4987922415], 297.4]
[[4987922412, 4987922415, 4987984503, 4923799380, 4987984505, 4987984506, 4987883408, 4987883403, 4923807055, 4987922416, 4923806996, 4987922415], 297.4]
[[4987922415, 4987922412, 4987922431, 4987922433, 4987922437, 4987994233, 4987922409, 4987922410, 4923807044, 4987922412], 117.6]
[[4987922415, 4987922412, 4987922431, 4987922433, 4987922437, 4987922439, 4987984440, 4987984442, 4923807022, 4987922409, 4987922410, 4923807044, 4987922412], 117.6]
[[4987922421, 4923802073, 4923802724, 4987984448, 4987984449, 4923807089, 4923807632, 4923799047, 4923807633, 4923799420, 4923802073], 207.1]
[[4987922421, 4923802073, 4923802724, 4987984448, 4987984449, 4923800293, 4987984451, 4923807089, 4923807632, 4923799047, 4923807633, 4923799420, 4923802073], 207.1]
[[4987922421, 4923802073, 4923802724, 4987984448, 4987984449, 4923800293, 4923800287, 4923800291, 4987922359, 4987984451, 4923807089, 4923807632, 4923799047, 4923807633, 4923799420, 4923802073], 207.1]
[[4987922421, 4923802073, 4923802724, 4987984448, 4987984449, 4923800293, 4923800287, 4923800285, 4987922384, 4987922361, 4923800291, 4987922359, 4987984451, 4923807089, 4923807632, 4923799047, 4923807633, 4923799420, 4923802073], 207.1]
[[4987922422, 4923799047, 4987984448, 4987984449, 4923800293, 4987984451, 4923807089, 4923807632, 4923799047], 207.1]
[[4987922422, 4923799047, 4987984448, 4987984449, 4923800293, 4923800287, 4923800291, 4987922359, 4987984451, 4923807089, 4923807632, 4923799047], 207.1]
[[4987922422, 4923799047, 4987984448, 4987984449, 4923800293, 4923800287, 4923800285, 4987922384, 4987922361, 4923800291, 4987922359, 4987984451, 4923807089, 4923807632, 4923799047], 207.1]
[[4987922449, 4923807662, 4923803736, 4923807081, 4987884226, 4987984455, 4987984454, 4987984457, 4923803770, 4987983335, 4987983336, 4987983337, 4923804068, 4923807662], 27.2]
[[4987922450, 4923804068, 4987884229, 4987884228, 4987984454, 4987984457, 4923803770, 4987983335, 4987983336, 4987983337, 4923804068], 27.2]
[[4987983335, 4987984514, 4987984515, 4987883393, 4987984434, 4987984514], 297.1]
[[4987984434, 4987984514, 4987984626, 4987984624, 4923803753, 4987984519, 4987984515, 4987984514], 28.4]
[[4987984438, 4923806794, 4923806672, 4923806671, 4923806698, 4923806794], 178.4]
[[4987984438, 4987994240, 4987994239, 4923806844, 4923806834, 4987994240], 267.5]
[[4987984438, 4987994240, 4987994239, 4987994238, 4923806788, 4923806652, 4987984480, 4923806678, 4923806676, 4923806674, 4923806834, 4987994240], 268.2]
[[4987984438, 4987994240, 4987994239, 4987994238, 4923806788, 4923806785, 4923806844, 4923806834, 4987994240], 268.2]
[[4987984448, 4987984449, 4923800293, 4923800287, 4923800291, 4987922359, 4987984451, 4923807089, 4987984449], 117.4]
[[4987984449, 4923807089, 4987922365, 4987922422, 4987922421, 4923802073, 4923799420, 4923807633, 4923799047, 4923807632, 4923807089], 27.4]
[[4987984449, 4923800293, 4923800287, 4923800285, 4987922384, 4987922361, 4923800291, 4987922359, 4987984451, 4923800293], 117.3]
[[4987984451, 4923807089, 4923807632, 4923799047, 4923807633, 4923799420, 4923802073, 4923802724, 4987984448, 4987984449, 4923807089], 297.4]
[[4987984503, 4923799380, 4987984505, 4987883403, 4923807055, 4987922416, 4923799380], 207.5]
[[4987984508, 4923808772, 4923804243, 4923808802, 4987883413, 4987883412, 4987883411, 4923808772], 297.3]
[[4987984514, 4987983335, 4987983336, 4987983337, 4923804068, 4987884229, 4987884228, 4987984454, 4987984457, 4923803770, 4987983335], 115.4]
[[4987984514, 4987983335, 4987983336, 4987983337, 4923804068, 4923807662, 4923803736, 4923807081, 4987884226, 4987984455, 4987984454, 4987984457, 4923803770, 4987983335], 114.9]
[[4987994226, 4987984438, 4987994240, 4923806834, 4923806794, 4987984438], 267.2]
[[4987994226, 4987984438, 4987994240, 4987994239, 4923806844, 4987994228, 4923806676, 4923806674, 4923806672, 4923806794, 4987984438], 267.5]
[[4987994226, 4987984438, 4987994240, 4987994239, 4923806844, 4923806834, 4923806794, 4987984438], 267.5]
[[4987994228, 4923806846, 4923806652, 4987984476, 4923806658, 4987984480, 4923806678, 4923806846], 267.8]
[[4987994234, 4987984498, 4923804239, 4923808802, 4923804243, 4923808772, 4987984496, 4923807099, 4987984499, 4987984486, 4987984498], 207.5]
[[4987994234, 4987984498, 4923804239, 4923808802, 4923804243, 4923808772, 4987984508, 4923807575, 4923807099, 4987984499, 4987984486, 4987984498], 207.5]
[[4987994238, 4923806788, 4923806652, 4987984480, 4923806678, 4923806676, 4987994228, 4923806844, 4923806785, 4923806788], 178.4]
[[4987994238, 4923806788, 4923806652, 4987984480, 4923806678, 4923806676, 4923806674, 4923806834, 4923806844, 4923806785, 4923806788], 178.4]
[[4987994238, 4923806788, 4923806652, 4987984480, 4923806678, 4923806676, 4923806674, 4923806672, 4923806794, 4923806834, 4923806844, 4923806785, 4923806788], 178.4]
[[4987994239, 4923806844, 4987994228, 4923806676, 4923806674, 4923806834, 4923806844], 178.4]
[[4987994239, 4923806844, 4987994228, 4923806676, 4923806674, 4923806672, 4923806794, 4923806834, 4923806844], 178.4]
[[4987994239, 4923806844, 4987994228, 4923806676, 4923806674, 4923806672, 4923806671, 4923806698, 4923806794, 4923806834, 4923806844], 178.4]
[[4987994240, 4923806834, 4923806674, 4923806672, 4923806794, 4923806834], 178.4]
[[4987994240, 4923806834, 4923806674, 4923806672, 4923806671, 4923806698, 4923806794, 4923806834], 178.4]
[[4987994240, 4987994239, 4987994238, 4923806788, 4923806785, 4923806844, 4987994239], 268.2]
[[4987994240, 4987994239, 4987994238, 4923806661, 4987984478, 4987984476, 4923806652, 4923806846, 4987994228, 4923806844, 4987994239], 267.7]
[[5960541486, 4987984519, 4987984515, 4987984514, 4987984626, 4987984624, 4923803753, 4987984519], 118.2]
[[5960541506, 5960541502, 5960541503, 4987984437, 4923806965, 5960541502], 287.8]
[[6327148609, 2368698899, 9748284591, 9748293234, 9748284589, 9748293229, 9748293230, 5185101623, 2368698843, 2368698899], 190.1]
[[6549291940, 1992846384, 9810950418, 3960021424, 9810950431, 1992846384], 234.0]
[[6549291940, 1992846384, 9810950418, 3960021424, 9810950431, 1992846384], 234.0]
[[6549291941, 3960021424, 9810950431, 1992846384, 9810950418, 3960021424], 53.5]
[[6549291942, 9810950418, 3960021424, 9810950431, 1992846384, 9810950418], 140.8]
[[6549291943, 9810950431, 1992846384, 9810950418, 3960021424, 9810950431], 326.3]
[[6549291945, 6796972947, 9810950359, 6796972936, 9810950364, 6796972947], 133.2]
[[6549291946, 6796972936, 9810950364, 6796972947, 9810950359, 6796972936], 311.9]
[[6549291947, 9810950359, 6796972936, 9810950364, 6796972947, 9810950359], 46.8]
[[6549291951, 5925615252, 5185025291, 5925615242, 5185025307, 5925615252], 223.1]
[[6549291953, 5185025291, 5925615242, 5185025307, 5925615252, 5185025291], 132.6]
[[6549291954, 5185025307, 5925615252, 5185025291, 5925615242, 5185025307], 311.8]
[[6760840114, 6760840115, 6760840120, 6760840118, 6760840117, 6760840119, 6760840116, 6760840115], 308.7]
[[6796972943, 7288208701, 803711119, 7288208723, 7288208724, 7288208725, 7288208726, 7288208701], 32.5]
[[6796972954, 6796972953, 8486054631, 8486054632, 6796972929, 6796972953], 119.9]
[[6842596375, 2749938308, 2749938179, 2749938044, 2749938239, 2749938308], 219.7]
[[6842596376, 2749938179, 2749938044, 2749938239, 2749938308, 2749938179], 126.0]
[[6842596377, 2749938239, 2749938308, 2749938179, 2749938044, 2749938239], 305.8]
[[6842596378, 2749938044, 2749938239, 2749938308, 2749938179, 2749938044], 39.3]
[[7213240276, 4987884255, 2564071661, 4923808183, 4923808182, 2309763624, 4987884252, 2564071662, 4987884255], 204.9]
[[7213240276, 4987884255, 2564071661, 4923808175, 4923808177, 4987884252, 2564071662, 4987884255], 205.6]
[[7213240285, 9221078637, 595706789, 9221078641, 595706812, 9221078637], 205.4]
[[7597888654, 2309763624, 4987884252, 2564071662, 4987884255, 2564071661, 4923808183, 4923808182, 2309763624], 25.8]
[[8486054576, 8486054673, 8486054572, 8486054678, 8486054672, 8486054673], 89.1]
[[8635018125, 8635018153, 8776681973, 8635018124, 8635008713, 8486054572, 8486054678, 8486054573, 8610737910, 8776665397, 8486054549, 8776681974, 8776681966, 8486054670, 8635018153], 87.9]
[[8653556896, 5185101623, 2368698843, 2368698899, 9748284591, 9748293234, 9748284589, 9748293229, 9748293230, 5185101623], 288.9]
[[8776681864, 8486054631, 8486054632, 6796972929, 6796972953, 8486054631], 18.9]
[[8776681873, 8486054549, 8776681974, 8776681966, 8486054670, 8635018153, 8776681973, 8635018124, 8635008713, 8486054572, 8486054678, 8486054573, 8610737910, 8776665397, 8486054549], 268.9]
[[8776681873, 8486054549, 8776681974, 8776665398, 8776681973, 8635018124, 8635008713, 8486054572, 8486054678, 8486054573, 8610737910, 8776665397, 8486054549], 269.1]
[[8776681987, 8776681935, 8776681970, 8776681971, 664958891, 8776681935], 89.2]
[[9187240768, 9187240808, 9187240810, 9187255219, 9187255218, 9187240808], 309.6]
[[9221077152, 595706789, 9221078641, 595706812, 9221078637, 595706789], 121.6]
[[9221077155, 9221078623, 9221078621, 2309763600, 9221078622, 9221078624, 2309763580, 9221078623], 109.9]
[[9221077167, 9221078631, 9221078633, 9221078632, 9221078630, 9221078631], 303.1]
[[9221077169, 595706812, 9221078637, 595706789, 9221078641, 595706812], 302.0]
[[9221077172, 9221078622, 9221078624, 2309763580, 9221078623, 9221078621, 2309763600, 9221078622], 292.5]
[[9645871564, 9645864973, 9645864971, 9645864972, 9645864974, 9645864973], 89.1]
[[9645871565, 9645864974, 9645864973, 9645864971, 9645864972, 9645864974], 174.9]
[[9645871584, 9645864972, 9645864974, 9645864973, 9645864971, 9645864972], 268.8]
[[9645871586, 9645864971, 9645864972, 9645864974, 9645864973, 9645864971], 355.7]
[[9748293230, 5185101623, 6327148610, 6327148609, 2368698899, 2368698843, 5185101623], 6.6]
[[9810950391, 9810950364, 6796972947, 9810950359, 6796972936, 9810950364], 223.2]
