[[595706783, 595706784, 595706785, 7213240281, 4987884249, 4987884248, 7213240282, 4923808172, 4923808173, 2564071661, 4987884255, 2564071662, 4987884252], 119.5]
[[595706783, 595706784, 595706785, 7213240281, 4987884249, 4987884250, 4987884251, 4923808184, 4923808183, 2564071661, 4987884255, 2564071662, 4987884252], 119.5]
[[595706788, 7213240253, 595706787, 4987984462, 4987984463, 4987984464, 4923799975, 4987922403, 4987922405, 4987922407, 4987922396, 4987922395, 4987984458], 291.6]
[[664958886, 8776681968, 5253301572, 5253301599, 8776682036, 2240236696, 2274887224, 2240236693, 8776682061, 8776681949, 664958831, 664958832, 664958815, 8776681948, 5253301651, 8776681906, 8776681993, 8776681971, 8776681997, 8776681972, 8776681973, 8776665398, 8776681974, 8486054549, 8776681873], 351.0]
[[664958886, 8776681968, 5253301572, 5253301599, 8776682036, 2240236696, 2274887224, 2240236693, 8776682061, 8776681949, 664958831, 664958832, 664958815, 8776681948, 5253301651, 8776681906, 8776681993, 8776681971, 8776681997, 8776681972, 8776681973, 8776665398, 8776681974, 6796972925, 6796972959, 8776681865], 351.0]
[[2240236693, 8776682061, 8776681949, 664958831, 664958832, 664958815, 8776681948, 5253301651, 8776681906, 8776681993, 8776681971, 664958891, 8776681935, 8776681992, 8776681967, 664958868, 9645871546, 9645871545, 664958870, 8776681896, 8776681899, 9651855956, 9645871583], 274.7]
[[2240236693, 8776682061, 8776681949, 664958831, 664958832, 664958815, 8776681948, 5253301651, 8776681906, 8776681993, 8776681971, 8776681970, 8776681976, 6737646318, 8776681969, 664958868, 9645871546, 9645871545, 664958870, 8776681896, 8776681899, 9651855956, 9645871583], 274.7]
[[2240236699, 664958886, 8776681968, 5253301572, 5253301599, 8776682036, 2240236696, 2274887224, 2240236693, 8776682061, 8776681949, 664958831, 664958832, 664958815, 8776681948, 5253301651, 8776681906, 8776681993, 8776681971, 8776681997, 8776681972, 8776681973, 8776665398, 8776681974, 8486054549, 8776681873], 351.0]
[[2240236699, 664958886, 8776681968, 5253301572, 5253301599, 8776682036, 2240236696, 2274887224, 2240236693, 8776682061, 8776681949, 664958831, 664958832, 664958815, 8776681948, 5253301651, 8776681906, 8776681993, 8776681971, 8776681997, 8776681972, 8776681973, 8776665398, 8776681974, 6796972925, 6796972959, 8776681865], 351.0]
[[2274887224, 2240236693, 8776682061, 8776681949, 664958831, 664958832, 664958815, 8776681948, 5253301651, 8776681906, 8776681993, 8776681971, 664958891, 8776681935, 8776681992, 8776681967, 664958868, 9645871546, 9645871545, 664958870, 8776681896, 8776681899, 9651855956, 9645871583], 274.7]
[[2274887224, 2240236693, 8776682061, 8776681949, 664958831, 664958832, 664958815, 8776681948, 5253301651, 8776681906, 8776681993, 8776681971, 8776681970, 8776681976, 6737646318, 8776681969, 664958868, 9645871546, 9645871545, 664958870, 8776681896, 8776681899, 9651855956, 9645871583], 274.7]
[[2274887240, 6796972963, 6796972962, 2240236692, 8776681886, 6796972961, 6796972960, 8776681880, 664958808, 664958811, 8635018161, 8635018119, 8635018123, 8776681943, 664958815, 664958832, 8776681954, 2361706393, 2361706198, 8522945716, 8776682055], 168.8]
[[2274887273, 3730461049, 1755866361, 3730449783, 2362306055, 3730453554, 3730447405, 2274887274, 3889198612, 3889198611, 3730447407, 8635018128, 8635018145], 180.9]
[[2362306091, 2274887224, 2240236693, 8776682061, 8776681949, 664958831, 664958832, 664958815, 8776681948, 5253301651, 8776681906, 8776681993, 8776681971, 664958891, 8776681935, 8776681992, 8776681967, 664958868, 9645871546, 9645871545, 664958870, 8776681896, 8776681899, 9651855956, 9645871583], 274.1]
[[2362306091, 2274887224, 2240236693, 8776682061, 8776681949, 664958831, 664958832, 664958815, 8776681948, 5253301651, 8776681906, 8776681993, 8776681971, 8776681970, 8776681976, 6737646318, 8776681969, 664958868, 9645871546, 9645871545, 664958870, 8776681896, 8776681899, 9651855956, 9645871583], 274.1]
[[2660964898, 9221078639, 4987922448, 4987922446, 4923807663, 4987922454, 4987922452, 4987922456, 4923805067, 4987910569, 4987910570, 4923805069, 4923805575, 4923800305, 4923800306], 285.4]
[[3960223222, 8776682042, 6737646316, 8776681942, 664958816, 8776681931, 8776681938, 8776681930, 3807006870, 8776681981, 8776681929, 8776681970, 8776681976, 6737646318, 8776681969, 664958868, 9645871546, 9645871545, 664958870, 8776681896, 8776681899, 9651855956, 9645871583], 273.6]
[[3960223222, 8776682042, 6737646316, 8776681942, 664958816, 8776681931, 8776681938, 8776681930, 3807006870, 8776681981, 8776681929, 8776681970, 8776681935, 8776681992, 8776681967, 664958868, 9645871546, 9645871545, 664958870, 8776681896, 8776681899, 9651855956, 9645871583], 273.6]
[[3960223222, 8776682042, 6737646316, 8776681942, 664958816, 8776681931, 664958815, 8776681948, 5253301651, 8776681906, 8776681993, 8776681971, 664958891, 8776681935, 8776681992, 8776681967, 664958868, 9645871546, 9645871545, 664958870, 8776681896, 8776681899, 9651855956, 9645871583], 273.6]
[[3960223222, 8776682042, 6737646316, 8776681942, 664958816, 8776681931, 664958815, 8776681948, 5253301651, 8776681906, 8776681993, 8776681971, 8776681970, 8776681976, 6737646318, 8776681969, 664958868, 9645871546, 9645871545, 664958870, 8776681896, 8776681899, 9651855956, 9645871583], 273.6]
[[4871911956, 2240236696, 3960223222, 8776682042, 6737646316, 8776681942, 664958816, 8776681931, 8776681938, 8776681930, 3807006870, 8776681981, 8776681929, 8776681970, 8776681976, 6737646318, 8776681969, 664958868, 9645871546, 9645871545, 664958870, 8776681896, 8776681899, 9651855956, 9645871583], 274.8]
[[4871911956, 2240236696, 3960223222, 8776682042, 6737646316, 8776681942, 664958816, 8776681931, 8776681938, 8776681930, 3807006870, 8776681981, 8776681929, 8776681970, 8776681935, 8776681992, 8776681967, 664958868, 9645871546, 9645871545, 664958870, 8776681896, 8776681899, 9651855956, 9645871583], 274.8]
[[4871911956, 2240236696, 3960223222, 8776682042, 6737646316, 8776681942, 664958816, 8776681931, 664958815, 8776681948, 5253301651, 8776681906, 8776681993, 8776681971, 664958891, 8776681935, 8776681992, 8776681967, 664958868, 9645871546, 9645871545, 664958870, 8776681896, 8776681899, 9651855956, 9645871583], 274.8]
[[4871911956, 2240236696, 3960223222, 8776682042, 6737646316, 8776681942, 664958816, 8776681931, 664958815, 8776681948, 5253301651, 8776681906, 8776681993, 8776681971, 8776681970, 8776681976, 6737646318, 8776681969, 664958868, 9645871546, 9645871545, 664958870, 8776681896, 8776681899, 9651855956, 9645871583], 274.8]
[[4871911957, 6227520133, 6227520136, 4871911956, 2240236696, 3960223222, 8776682042, 6737646316, 8776681942, 664958816, 8776681931, 8776681938, 8776681930, 3807006870, 8776681981, 8776681929, 8776681970, 8776681976, 6737646318, 8776681969, 664958868, 9645871546, 9645871545, 664958870, 8776681896, 8776681899, 9651855956, 9645871583], 272.2]
[[4871911957, 6227520133, 6227520136, 4871911956, 2240236696, 3960223222, 8776682042, 6737646316, 8776681942, 664958816, 8776681931, 8776681938, 8776681930, 3807006870, 8776681981, 8776681929, 8776681970, 8776681935, 8776681992, 8776681967, 664958868, 9645871546, 9645871545, 664958870, 8776681896, 8776681899, 9651855956, 9645871583], 272.2]
[[4871911957, 6227520133, 6227520136, 4871911956, 2240236696, 3960223222, 8776682042, 6737646316, 8776681942, 664958816, 8776681931, 664958815, 8776681948, 5253301651, 8776681906, 8776681993, 8776681971, 664958891, 8776681935, 8776681992, 8776681967, 664958868, 9645871546, 9645871545, 664958870, 8776681896, 8776681899, 9651855956, 9645871583], 272.2]
[[4871911957, 6227520133, 6227520136, 4871911956, 2240236696, 3960223222, 8776682042, 6737646316, 8776681942, 664958816, 8776681931, 664958815, 8776681948, 5253301651, 8776681906, 8776681993, 8776681971, 8776681970, 8776681976, 6737646318, 8776681969, 664958868, 9645871546, 9645871545, 664958870, 8776681896, 8776681899, 9651855956, 9645871583], 272.2]
[[4871911981, 4871911982, 2362306091, 2274887224, 2240236693, 8776682061, 8776681949, 664958831, 664958832, 664958815, 8776681948, 5253301651, 8776681906, 8776681993, 8776681971, 664958891, 8776681935, 8776681992, 8776681967, 664958868, 9645871546, 9645871545, 664958870, 8776681896, 8776681899, 9651855956, 9645871583], 271.7]
[[4871911981, 4871911982, 2362306091, 2274887224, 2240236693, 8776682061, 8776681949, 664958831, 664958832, 664958815, 8776681948, 5253301651, 8776681906, 8776681993, 8776681971, 8776681970, 8776681976, 6737646318, 8776681969, 664958868, 9645871546, 9645871545, 664958870, 8776681896, 8776681899, 9651855956, 9645871583], 271.7]
[[4871911982, 2362306091, 2274887224, 2240236693, 8776682061, 8776681949, 664958831, 664958832, 664958815, 8776681948, 5253301651, 8776681906, 8776681993, 8776681971, 664958891, 8776681935, 8776681992, 8776681967, 664958868, 9645871546, 9645871545, 664958870, 8776681896, 8776681899, 9651855956, 9645871583], 277.5]
[[4871911982, 2362306091, 2274887224, 2240236693, 8776682061, 8776681949, 664958831, 664958832, 664958815, 8776681948, 5253301651, 8776681906, 8776681993, 8776681971, 8776681970, 8776681976, 6737646318, 8776681969, 664958868, 9645871546, 9645871545, 664958870, 8776681896, 8776681899, 9651855956, 9645871583], 277.5]
[[4923799047, 4987984448, 4987984449, 4923800293, 4987984451, 4987922359, 4923800291, 4987922361, 4987922384, 4923800285], 117.30000000000001]
[[4923799047, 4987984448, 4987984449, 4923800293, 4987984451, 4987922359, 4923800291, 4987922361, 4987922384, 4987922386, 4987922381, 4987922379, 4987922378, 9221078631], 117.30000000000001]
[[4923799047, 4987984448, 4987984449, 4923800293, 4987984451, 4987922359, 4923800291, 4987922361, 4987922384, 4987922386, 4987922381, 4987922377, 9221078633], 117.30000000000001]
[[4923799936, 4987922453, 4987922455, 4987922454, 4987922452, 4987922456, 4923805067, 4923805066, 4923805069, 4987910570], 291.5]
[[4923799936, 4987922453, 4987922455, 4987922454, 4987922452, 4987922456, 4923805067, 4987910569, 4987910570, 4923805069, 4923805575, 4923800305, 4923800306], 291.5]
[[4923799938, 4987922453, 4987922428, 4923802073, 4923799420, 4923807633, 4923799047, 4923807632, 4923807089, 4987922365, 4987922366, 4923800281, 4987922384], 110.69999999999999]
[[4923799944, 4923804232, 4987884226, 4923807081, 4923803736, 4923807662, 4987922449, 4987922455, 4987922453, 4987922428, 4923802073, 4923799420, 4923807633, 4923799047, 4923807632, 4923807089, 4987984449, 4987984448, 4923802724], 207.2]
[[4923799986, 4987984463, 4987984464, 4923799975, 4987922403, 4987922405, 4987922407, 4987922396, 4987922395, 4987984458], 297.0]
[[4923800274, 4923799936, 4987922453, 4987922455, 4987922454, 4987922452, 4987922456, 4923805067, 4987910569, 4987910570, 4923805069, 4923805575, 4923800305, 4923800306], 294.5]
[[4923800274, 4923799936, 4987922453, 4987922455, 4987922454, 4987922452, 4987922456, 4923805067, 4987910569, 4987910570, 4923805069, 4923805575, 4923800305, 4923800306], 294.5]
[[4923800281, 4987922366, 4987922365, 4987922422, 4987922421, 4923802073, 4923799420, 4923807633, 4923799047, 4923807632, 4923807089, 4987984451, 4987922359, 4923800291, 4987922361, 4987922384, 4987922386, 4987922381, 4987922377, 9221078633, 9221078632, 9221077149, 9221077148], 207.5]
[[4923800281, 4987922366, 4987922365, 4987922422, 4987922421, 4923802073, 4923799420, 4923807633, 4923799047, 4923807632, 4923807089, 4987984451, 4987922359, 4923800291, 4987922361, 4987922384, 4987922386, 4987922381, 4987922377, 9221078633, 9221077164, 9221077165], 207.5]
[[4923800281, 4987922366, 4987922365, 4987922422, 4923799047, 4923807632, 4923807089, 4987984451, 4987922359, 4923800291, 4987922361, 4987922384, 4987922386, 4987922381, 4987922377, 9221078633, 9221078632, 9221077149, 9221077148], 207.5]
[[4923800281, 4987922366, 4987922365, 4987922422, 4923799047, 4923807632, 4923807089, 4987984451, 4987922359, 4923800291, 4987922361, 4987922384, 4987922386, 4987922381, 4987922377, 9221078633, 9221077164, 9221077165], 207.5]
[[4923800281, 4987922366, 4987984451, 4987922359, 4923800291, 4987922361, 4987922384, 4923800285, 4923800287, 4923800293], 207.5]
[[4923800285, 4987922384, 4923800281, 4987922366, 4987922365, 4923807089, 4987984449, 4987984448, 4923802724, 4923802073, 4987922421], 297.3]
[[4923800285, 4987922384, 4987922361, 4923800291, 4987922359, 4987984451, 4923800293, 4987984449, 4987984448, 4923799047], 297.3]
[[4923800285, 4987922384, 4987922361, 4923800291, 4987922359, 4987984451, 4923807089, 4987984449, 4987984448, 4923802724, 4923802073], 297.3]
[[4923800287, 4923800291, 4987922359, 4987984451, 4923807089, 4987984449, 4987984448, 4923802724, 4923802073], 297.4]
[[4923800293, 4923800287, 4923800285, 4987922384, 4987922361, 4923800291, 4987922359, 4987984451, 4987922366, 4923800281], 27.099999999999994]
[[4923800306, 4923800305, 4923805575, 4923805069, 4987910570, 4987910569, 4923805067, 4987922456, 4987922452, 4987922454, 4923807663, 4987922446], 117.5]
[[4923800306, 4923800305, 4923805575, 4923805069, 4987910570, 4987910569, 4923805067, 4987922456, 4987922452, 4987922454, 4987922455, 4923807082, 4987922445], 117.5]
[[4923800306, 4923800305, 4923805575, 4923805069, 4987910570, 4987910569, 4923805067, 4987922456, 4987922452, 4987922454, 4987922455, 4987922453, 4923799936], 117.5]
[[4923800306, 4923800305, 4923805575, 4923805069, 4987910570, 4987910569, 4923805067, 4987922456, 4987922452, 4987922454, 4987922455, 4987922453, 4987922428, 4923802073, 4923802724], 117.5]
[[4923800306, 4923800305, 4923805575, 4923805069, 4923805066, 4923805067, 4987922456, 4987922452, 4987922454, 4987922455, 4987922453, 4987922428, 4923802073, 4923799420, 4923807633, 4923799047, 4987984448], 117.5]
[[4923800306, 4923800305, 4923805575, 4923805069, 4923805066, 4923805067, 4987922456, 4987922452, 4987922454, 4987922455, 4987922453, 4987922428, 4923802073, 4923799420, 4923807633, 4923799047, 4923807632, 4923807089, 4987984449], 117.5]
[[4923802073, 4923802724, 4987984448, 4987984449, 4923807089, 4987984451, 4987922359, 4923800291, 4923800287], 117.39999999999998]
[[4923802073, 4923802724, 4987984448, 4987984449, 4923807089, 4987984451, 4987922359, 4923800291, 4987922361, 4987922384, 4923800285], 117.39999999999998]
[[4923802073, 4923802724, 4987984448, 4987984449, 4923800293, 4987984451, 4987922359, 4923800291, 4987922361, 4987922384, 4987922386, 4987922381, 4987922379, 4987922378, 9221078631], 117.39999999999998]
[[4923802073, 4923802724, 4987984448, 4987984449, 4923800293, 4987984451, 4987922359, 4923800291, 4987922361, 4987922384, 4987922386, 4987922381, 4987922377, 9221078633], 117.39999999999998]
[[4923802724, 4923802073, 4987922428, 4987922453, 4987922455, 4987922454, 4987922452, 4987922456, 4923805067, 4923805066, 4923805069, 4923805575, 4987883381], 297.4]
[[4923802724, 4923802073, 4987922428, 4987922453, 4987922455, 4987922454, 4987922452, 4987922456, 4923805067, 4987910569, 4987910570, 4923805069, 4923805575, 4923800305, 4923800306], 297.4]
[[4923802724, 4987984448, 4987984449, 4923807089, 4923807632, 4923799047, 4923807633, 4923799420, 4923802073, 4987922421, 4987922422, 4987922365], 27.099999999999994]
[[4923802724, 4987984448, 4987984449, 4923807089, 4923807632, 4923799047, 4923807633, 4923799420, 4923802073, 4987922428, 4987922453, 4923799938, 4923803735, 4923803733], 27.099999999999994]
[[4923802724, 4987984448, 4987984449, 4923807089, 4923807632, 4923799047, 4923807633, 4923799420, 4923802073, 4987922428, 4987922453, 4987922455, 4987922449, 4923807662, 4923803736, 4923807081, 4987884230, 4923804230], 27.099999999999994]
[[4923802724, 4987984448, 4987984449, 4923807089, 4923807632, 4923799047, 4923807633, 4923799420, 4923802073, 4987922428, 4987922453, 4987922455, 4987922449, 4923807662, 4923803736, 4923807081, 4987884226, 4923804232, 4923799944], 27.099999999999994]
[[4923802724, 4987984448, 4987984449, 4923800293, 4987984451, 4923807089, 4923807632, 4923799047, 4923807633, 4923799420, 4923802073, 4987922428, 4987922453, 4923799938, 4923803735, 4923803733], 27.099999999999994]
[[4923802724, 4987984448, 4987984449, 4923800293, 4987984451, 4923807089, 4923807632, 4923799047, 4923807633, 4923799420, 4923802073, 4987922428, 4987922453, 4987922455, 4987922449, 4923807662, 4923803736, 4923807081, 4987884230, 4923804230], 27.099999999999994]
[[4923802724, 4987984448, 4987984449, 4923800293, 4987984451, 4923807089, 4923807632, 4923799047, 4923807633, 4923799420, 4923802073, 4987922428, 4987922453, 4987922455, 4987922449, 4923807662, 4923803736, 4923807081, 4987884226, 4923804232, 4923799944], 27.099999999999994]
[[4923802724, 4987984448, 4987984449, 4923800293, 4923800287, 4923800291, 4987922359, 4987984451, 4923807089, 4923807632, 4923799047, 4987922422, 4987922365, 4987922366], 27.099999999999994]
[[4923802724, 4987984448, 4987984449, 4923800293, 4923800287, 4923800291, 4987922359, 4987984451, 4923807089, 4923807632, 4923799047, 4923807633, 4923799420, 4923802073, 4987922428, 4987922453, 4923799938, 4923803735, 4923803733], 27.099999999999994]
[[4923803732, 4923803733, 4923803735, 4923799938, 4987922453, 4987922428, 4923802073, 4923799420, 4923807633, 4923799047, 4923807632, 4923807089, 4987984451, 4987922359, 4923800291, 4987922361, 4987922384, 4987922386, 4987922381, 4987922377, 9221078633, 9221078632, 9221077149, 9221077148], 207.6]
[[4923803732, 4923803733, 4923803735, 4923799938, 4987922453, 4987922428, 4923802073, 4923799420, 4923807633, 4923799047, 4923807632, 4923807089, 4987984451, 4987922359, 4923800291, 4987922361, 4987922384, 4987922386, 4987922381, 4987922377, 9221078633, 9221077164, 9221077165], 207.6]
[[4923803732, 4923803733, 4923803735, 4923799938, 4923803736, 4923807662, 4987922449, 4987922455, 4987922453, 4987922428, 4923802073, 4923799420, 4923807633, 4923799047, 4923807632, 4923807089, 4987984451, 4987922359, 4923800291, 4987922361, 4987922384, 4987922386, 4987922381, 4987922377, 9221078633, 9221078632, 9221077149, 9221077148], 207.6]
[[4923803732, 4923803733, 4923803735, 4923799938, 4923803736, 4923807662, 4987922449, 4987922455, 4987922453, 4987922428, 4923802073, 4923799420, 4923807633, 4923799047, 4923807632, 4923807089, 4987984451, 4987922359, 4923800291, 4987922361, 4987922384, 4987922386, 4987922381, 4987922377, 9221078633, 9221077164, 9221077165], 207.6]
[[4923803732, 4923803733, 4923803735, 4923799938, 4987922453, 4987922428, 4923802073, 4923799420, 4923807633, 4923799047, 4923807632, 4923807089, 4987984451, 4987922359, 4923800291, 4987922361, 4987922384, 4987922386, 4987922381, 4987922377, 9221078633, 9221078632, 9221077149, 9221077148], 207.6]
[[4923803732, 4923803733, 4923803735, 4923799938, 4987922453, 4987922428, 4923802073, 4923799420, 4923807633, 4923799047, 4923807632, 4923807089, 4987984451, 4987922359, 4923800291, 4987922361, 4987922384, 4987922386, 4987922381, 4987922377, 9221078633, 9221077164, 9221077165], 207.6]
[[4923803732, 4923803733, 4923803735, 4923799938, 4923803736, 4923807662, 4987922449, 4987922455, 4987922453, 4987922428, 4923802073, 4923799420, 4923807633, 4923799047, 4923807632, 4923807089, 4987984451, 4987922359, 4923800291, 4987922361, 4987922384, 4987922386, 4987922381, 4987922377, 9221078633, 9221078632, 9221077149, 9221077148], 207.6]
[[4923803732, 4923803733, 4923803735, 4923799938, 4923803736, 4923807662, 4987922449, 4987922455, 4987922453, 4987922428, 4923802073, 4923799420, 4923807633, 4923799047, 4923807632, 4923807089, 4987984451, 4987922359, 4923800291, 4987922361, 4987922384, 4987922386, 4987922381, 4987922377, 9221078633, 9221077164, 9221077165], 207.6]
[[4923803733, 4923803735, 4923799938, 4987922453, 4987922428, 4923802073, 4923799420, 4923807633, 4923799047, 4923807632, 4923807089, 4987984449, 4987984448, 4923802724], 206.2]
[[4923803733, 4923803735, 4923799938, 4923803736, 4923807662, 4987922449, 4987922455, 4987922453, 4987922428, 4923802073, 4923799420, 4923807633, 4923799047, 4923807632, 4923807089, 4987984449, 4987984448, 4923802724], 206.2]
[[4923803736, 4923807081, 4987884226, 4987984455, 4987984454, 4987984457, 4923803770, 4987983335, 4987984514, 4987984626, 4923803781], 297.6]
[[4923803736, 4923807662, 4987922449, 4987922455, 4987922453, 4987922428, 4923802073, 4923799420, 4923807633, 4923799047, 4987922422, 4987922365, 4987922366, 4987984451], 114.89999999999998]
[[4923803736, 4923807662, 4987922449, 4987922455, 4987922453, 4987922428, 4923802073, 4923799420, 4923807633, 4923799047, 4923807632, 4923807089, 4987922365, 4987922366, 4923800281, 4987922384], 114.89999999999998]
[[4923804068, 4987884229, 4987884228, 4987984454, 4987984457, 4923803770, 4987983335, 4987984514, 4987984626, 4923803781], 295.4]
[[4923804068, 4987983337, 4987983336, 4987983335, 4987984514, 4987984434, 4923804453, 4987910570, 4987910569, 4923805067, 4923805066, 4923805069, 4923805575], 208.4]
[[4923804229, 4987884231, 4923799944, 4923804232, 4987884226, 4923807081, 4923803736, 4923807662, 4987922449, 4987922455, 4987922453, 4987922428, 4923802073, 4923799420, 4923807633, 4923799047, 4923807632, 4923807089, 4987984451, 4987922359, 4923800291, 4987922361, 4987922384, 4987922386, 4987922381, 4987922377, 9221078633, 9221078632, 9221077149, 9221077148], 207.2]
[[4923804229, 4987884231, 4923799944, 4923804232, 4987884226, 4923807081, 4923803736, 4923807662, 4987922449, 4987922455, 4987922453, 4987922428, 4923802073, 4923799420, 4923807633, 4923799047, 4923807632, 4923807089, 4987984451, 4987922359, 4923800291, 4987922361, 4987922384, 4987922386, 4987922381, 4987922377, 9221078633, 9221077164, 9221077165], 207.2]
[[4923804230, 4987884230, 4923807081, 4923803736, 4923807662, 4987922449, 4987922455, 4987922453, 4987922428, 4923802073, 4923799420, 4923807633, 4923799047, 4923807632, 4923807089, 4987984449, 4987984448, 4923802724], 207.2]
[[4923804237, 4923804239, 4987984431, 4923808204, 4923808216, 4923808802, 4923804243, 4987883412, 4987883413, 4987883414], 207.6]
[[4923804237, 4923804239, 4987984431, 4987884221, 4987883418, 4923808216, 4923808802, 4923804243, 4987883412, 4987883413, 4987883414], 207.6]
[[4923804239, 4987984431, 4987884221, 4987883418, 4923808216, 4923808802, 4987883413, 4987883414, 4923808813], 207.6]
[[4923804583, 4987883389, 4987883393, 4987984434, 4987984514, 4987983335, 4987983336, 4987983337, 4923804068, 4987922450], 117.80000000000001]
[[4923804583, 4987883389, 4987883393, 4987984434, 4987984514, 4987983335, 4987983336, 4987983337, 4923804068, 4923807662, 4987922449], 117.80000000000001]
[[4923804583, 4987883389, 4987883388, 4923800306, 4923864480, 4987883381, 4923804453, 4987984434, 4987984514, 4987983335, 4987983336, 4987983337, 4987922456], 117.80000000000001]
[[4923804583, 4987883389, 4987883388, 4923800306, 4923864480, 4987883381, 4923804453, 4987984434, 4987984514, 4987983335, 4987983336, 4987983337, 4923804068, 4987922450], 117.80000000000001]
[[4923804583, 4987883389, 4987883388, 4923800306, 4923864480, 4987883381, 4923804453, 4987984434, 4987984514, 4987983335, 4987983336, 4987983337, 4923804068, 4923807662, 4987922449], 117.80000000000001]
[[4923805575, 4923805069, 4923805066, 4923805067, 4987910569, 4987910570, 4923804453, 4987984434, 4987984514, 4987983335, 4987983336], 27.099999999999994]
[[4923806633, 4987984508, 4923808772, 4987883411, 4987883412, 4923804243], 297.0]
[[4923806633, 4987984508, 4923808772, 4923804243, 4987883412, 4987883413, 4987883414, 4923808216], 297.0]
[[4923806658, 4987984480, 4923806678, 4923806676, 4923806674, 4923806834, 4923806844, 4923806785, 4923806788, 4987994238, 4987994239, 4987994240], 358.4]
[[4923806661, 4987984478, 4987984476, 4923806652, 4923806846, 4987994228, 4923806844, 4987994239, 4987994240, 4987984438, 4923806794], 87.69999999999999]
[[4923806661, 4987984478, 4987984476, 4923806658, 4987984480, 4923806678, 4923806676, 4923806674, 4923806834, 4987994240, 4987984438, 4987994226, 4923806698, 4923806671], 87.69999999999999]
[[4923806671, 4923806698, 4923806794, 4923806672, 4923806674, 4923806834], 269.6]
[[4923806671, 4923806698, 4923806794, 4923806834, 4923806674, 4923806676, 4923806678, 4987984480, 4923806652, 4923806788], 269.6]
[[4923806671, 4923806698, 4923806794, 4923806834, 4923806674, 4923806676, 4923806678, 4987984480, 4923806658, 4987984476, 4987984478], 269.6]
[[4923806672, 4923806794, 4987984438, 4987994240, 4987994239, 4923806844, 4987994228, 4923806846, 4923806652, 4987984476, 4987984478, 4923806661], 267.5]
[[4923806672, 4923806794, 4923806834, 4923806674, 4923806676, 4987994228, 4923806844], 267.5]
[[4923806672, 4923806794, 4923806834, 4923806844, 4987994228, 4923806676, 4923806678, 4987984480, 4923806658, 4987984476, 4987984478], 267.5]
[[4923806672, 4923806671, 4923806698, 4923806794, 4987984438, 4987994226], 358.4]
[[4923806674, 4923806834, 4923806844, 4987994228, 4923806676, 4923806678, 4987984480, 4923806652, 4923806788], 267.2]
[[4923806674, 4923806672, 4923806794, 4923806834, 4987994240, 4987984438], 358.4]
[[4923806674, 4923806672, 4923806671, 4923806698, 4923806794, 4923806834, 4987994240, 4987984438, 4987994226], 358.4]
[[4923806676, 4923806674, 4923806834, 4923806844, 4987994239, 4987994240], 358.4]
[[4923806676, 4923806674, 4923806672, 4923806794, 4923806834, 4923806844, 4987994239, 4987994240, 4987984438], 358.4]
[[4923806676, 4923806674, 4923806672, 4923806671, 4923806698, 4923806794, 4923806834, 4987994240, 4987984438, 4987994226], 358.4]
[[4923806678, 4923806676, 4923806674, 4923806834, 4923806844, 4923806785, 4923806788, 4987994238, 4987994239, 4987994240], 358.4]
[[4923806678, 4923806676, 4923806674, 4923806672, 4923806794, 4923806834, 4923806844, 4987994239, 4987994240, 4987984438], 358.4]
[[4923806698, 4987994226, 4987984438, 4923806794, 4923806834, 4987994240], 269.6]
[[4923806698, 4987994226, 4987984438, 4987994240, 4923806834, 4923806844, 4923806785, 4923806788, 4987994238], 269.6]
[[4923806788, 4923806652, 4987984480, 4923806678, 4923806676, 4987994228, 4923806844, 4923806834, 4923806674], 88.19999999999999]
[[4923806788, 4923806652, 4987984480, 4923806678, 4923806676, 4923806674, 4923806834, 4923806794, 4923806698, 4923806671], 88.19999999999999]
[[4923806794, 4987984438, 4987994240, 4923806834, 4923806844, 4987994239], 267.5]
[[4923806794, 4987984438, 4987994240, 4987994239, 4923806844, 4987994228, 4923806846, 4923806652, 4987984476, 4987984478, 4923806661], 267.5]
[[4923806834, 4923806674, 4923806672, 4923806794, 4923806698, 4923806671], 87.19999999999999]
[[4923806834, 4987994240, 4987994239, 4923806844, 4987994228, 4923806846, 4923806652, 4923806788, 4987994238], 267.2]
[[4923806834, 4987994240, 4987994239, 4923806844, 4923806785, 4923806788, 4987994238], 267.2]
[[4923806844, 4987994228, 4923806676, 4923806674, 4923806834, 4923806794, 4923806672], 87.69999999999999]
[[4923806999, 4987922419, 2565693923, 4987922431, 4987922412, 4987922415, 4923806996, 4987922416, 4923799380, 4987984503], 296.7]
[[4923807068, 4987884221, 4987883418, 4923808216, 4923808802, 4923804239, 4987984498, 4987984486, 4987984499, 4923807099, 4987984496, 4923808772], 117.30000000000001]
[[4923807068, 4987884221, 4987883418, 4923808216, 4923808802, 4923804239, 4923804237, 4987984496, 4923808772], 117.30000000000001]
[[4923807069, 4923807078, 4923807068, 4987884221, 4987883418, 4923808216, 4923808802, 4987883413, 4987883414, 4923808813], 207.9]
[[4923807081, 4923803736, 4923807662, 4987922449, 4987922455, 4987922453, 4987922428, 4923802073, 4923799420, 4923807633, 4923799047, 4987922422, 4987922365, 4987922366, 4987984451], 117.60000000000002]
[[4923807081, 4923803736, 4923807662, 4987922449, 4987922455, 4987922453, 4987922428, 4923802073, 4923799420, 4923807633, 4923799047, 4923807632, 4923807089, 4987922365, 4987922366, 4923800281, 4987922384], 117.60000000000002]
[[4923807081, 4987884226, 4987984455, 4987984454, 4987984457, 4923803770, 4987983335, 4987984514, 4987984626, 4923803781], 295.3]
[[4923807082, 4987922455, 4987922449, 4923807662, 4923804068, 4987983337, 4987983336, 4987983335, 4987984514, 4987984434, 4923804453, 4987883381, 4923864480, 4923800306, 4987883388, 4987883389, 4923804583], 292.8]
[[4923807083, 4987922445, 4923807082, 4987922455, 4987922454, 4987922452, 4987922456, 4923805067, 4987910569, 4987910570, 4923805069, 4923805575, 4923800305, 4923800306], 290.6]
[[4923807089, 4987984449, 4923800293, 4923800287, 4923800291, 4987922361, 4987922384, 4987922386, 4987922381, 4987922379, 4987922378, 9221078631], 117.0]
[[4923807089, 4987922365, 4987922422, 4987922421, 4923802073, 4987922428, 4987922453, 4987922455, 4987922454, 4987922452, 4987922456, 4987983337], 297.0]
[[4923807089, 4987922365, 4987922422, 4987922421, 4923802073, 4987922428, 4987922453, 4987922455, 4987922454, 4987922452, 4987922456, 4923805067, 4987910569, 4987983335], 297.0]
[[4923807099, 4987984499, 4987984486, 4987984498, 4923804239, 4923808802, 4923804243, 4923808772, 4987883411, 4987883412, 4987883413], 207.2]
[[4923807638, 4923807827, 4987884232, 4923804230, 4987884230, 4923807081, 4923803736, 4923807662, 4987922449, 4987922455, 4987922453, 4987922428, 4923802073, 4923799420, 4923807633, 4923799047, 4923807632, 4923807089, 4987984451, 4987922359, 4923800291, 4987922361, 4987922384, 4987922386, 4987922381, 4987922377, 9221078633, 9221078632, 9221077149, 9221077148], 207.2]
[[4923807638, 4923807827, 4987884232, 4923804230, 4987884230, 4923807081, 4923803736, 4923807662, 4987922449, 4987922455, 4987922453, 4987922428, 4923802073, 4923799420, 4923807633, 4923799047, 4923807632, 4923807089, 4987984451, 4987922359, 4923800291, 4987922361, 4987922384, 4987922386, 4987922381, 4987922377, 9221078633, 9221077164, 9221077165], 207.2]
[[4923807641, 4987884235, 4923804229, 4987884231, 4923799944, 4923804232, 4987884226, 4923807081, 4923803736, 4923807662, 4987922449, 4987922455, 4987922453, 4987922428, 4923802073, 4923799420, 4923807633, 4923799047, 4923807632, 4923807089, 4987984451, 4987922359, 4923800291, 4987922361, 4987922384, 4987922386, 4987922381, 4987922377, 9221078633, 9221078632, 9221077149, 9221077148], 207.2]
[[4923807641, 4987884235, 4923804229, 4987884231, 4923799944, 4923804232, 4987884226, 4923807081, 4923803736, 4923807662, 4987922449, 4987922455, 4987922453, 4987922428, 4923802073, 4923799420, 4923807633, 4923799047, 4923807632, 4923807089, 4987984451, 4987922359, 4923800291, 4987922361, 4987922384, 4987922386, 4987922381, 4987922377, 9221078633, 9221077164, 9221077165], 207.2]
[[4923807662, 4923803736, 4923807081, 4987884226, 4987984455, 4987984454, 4987984457, 4923803770, 4987983335, 4987984514, 4987984626, 4923803781], 294.9]
[[4923807662, 4987922449, 4987922455, 4987922453, 4987922428, 4923802073, 4923799420, 4923807633, 4923799047, 4987922422, 4987922365, 4987922366, 4987984451], 111.60000000000002]
[[4923807662, 4987922449, 4987922455, 4987922453, 4987922428, 4923802073, 4923799420, 4923807633, 4923799047, 4923807632, 4923807089, 4987922365, 4987922366, 4923800281, 4987922384], 111.60000000000002]
[[4923807662, 4923804068, 4987983337, 4987983336, 4987983335, 4987984514, 4987984434, 4923804453, 4987910570, 4987910569, 4923805067, 4923805066, 4923805069, 4923805575], 208.4]
[[4923807663, 4987922446, 4987922448, 9221078639, 2660964898, 9221077150, 9221077148, 9221077149, 9221078632, 9221078633, 4987922377, 4987922381, 4987922390, 4987922389, 4923802722, 4923800013, 4987984458, 4987922397, 4987922402, 4987922403, 4987922405], 110.80000000000001]
[[4923807663, 4987922446, 4987922448, 9221078639, 2660964898, 9221077150, 9221077148, 9221077149, 9221078632, 9221078630, 9221078631, 4987922378, 4987922379, 4987922389, 4923802722, 4923800013, 4987984458, 4987922397, 4987922402, 4987922403, 4987922405], 110.80000000000001]
[[4923807663, 4987922446, 4987922448, 9221078639, 9221078638, 9221077166, 9221077165, 9221077164, 9221078633, 4987922377, 4987922381, 4987922390, 4987922389, 4923802722, 4923800013, 4987984458, 4987922397, 4987922402, 4987922403, 4987922405], 110.80000000000001]
[[4923807663, 4987922446, 4987922448, 9221078639, 9221078638, 9221077166, 9221077165, 9221077164, 9221078633, 9221078631, 4987922378, 4987922379, 4987922389, 4923802722, 4923800013, 4987984458, 4987922397, 4987922402, 4987922403, 4987922405], 110.80000000000001]
[[4923807670, 4987922450, 4923804068, 4987983337, 4987983336, 4987983335, 4987984514, 4987984434, 4923804453, 4987883381, 4923864480, 4923800306, 4987883388, 4987883389, 4923804583], 291.5]
[[4923807827, 4987884232, 4923804230, 4987884230, 4923807081, 4923803736, 4923807662, 4987922449, 4987922455, 4987922453, 4987922428, 4923802073, 4923799420, 4923807633, 4923799047, 4923807632, 4923807089, 4987984451, 4987922359, 4923800291, 4987922361, 4987922384, 4987922386, 4987922381, 4987922377, 9221078633, 9221078632, 9221077149, 9221077148], 207.2]
[[4923807827, 4987884232, 4923804230, 4987884230, 4923807081, 4923803736, 4923807662, 4987922449, 4987922455, 4987922453, 4987922428, 4923802073, 4923799420, 4923807633, 4923799047, 4923807632, 4923807089, 4987984451, 4987922359, 4923800291, 4987922361, 4987922384, 4987922386, 4987922381, 4987922377, 9221078633, 9221077164, 9221077165], 207.2]
[[4923808204, 4923808216, 4987883414, 4987883413, 4987883412, 4923804243, 4923808772, 4987984508, 4923806633], 113.0]
[[4923808216, 4987883414, 4987883413, 4987883412, 4923804243, 4923808772, 4987984508, 4923806633], 117.69999999999999]
[[4923808772, 4987984496, 4923807099, 4987984499, 4987984486, 4987984498, 4923804239, 4923808802, 4923808216, 4987883418, 4987884221], 297.8]
[[4923808772, 4987984496, 4923804237, 4923804239, 4923808802, 4923808216, 4987883418, 4987884221], 297.8]
[[4923808813, 4987883414, 4987883413, 4923808802, 4923808216, 4987883418, 4987884221, 4923807068, 4923807078, 4923807069], 27.69999999999999]
[[4923808813, 4987883414, 4987883413, 4923808802, 4923808216, 4987883418, 4987884221, 4987984431, 4923804239], 27.69999999999999]
[[4923808813, 4987883414, 4987883413, 4987883412, 4923804243, 4923808802, 4923808216, 4923808204, 4987984431, 4923804239, 4923804237], 27.69999999999999]
[[4923808813, 4987883414, 4987883413, 4987883412, 4987883411, 4923808772, 4923804243, 4923808802, 4923808216, 4923808204, 4987984431, 4923804239, 4923804237], 27.69999999999999]
[[4987883381, 4923805575, 4923805069, 4923805066, 4923805067, 4987922456, 4987922452, 4987922454, 4987922455, 4987922453, 4987922428, 4923802073, 4923802724], 117.5]
[[4987883381, 4923805575, 4923805069, 4923805066, 4923805067, 4987922456, 4987922452, 4987922454, 4987922455, 4987922453, 4987922428, 4923802073, 4923799420, 4923807633, 4923799047, 4987984448], 117.5]
[[4987883409, 4987883410, 4923806633, 4987984508, 4923808772, 4923804243, 4987883412, 4987883413, 4987883414, 4923808216], 297.2]
[[4987883410, 4923806633, 4987984508, 4923808772, 4923804243, 4987883412, 4987883413, 4987883414, 4923808216], 297.2]
[[4987883411, 4923808772, 4923804243, 4923808802, 4987883413, 4987883414, 4923808813, 4987883415, 4987883417], 297.8]
[[4987883413, 4987883412, 4987883411, 4923808772, 4923804243, 4923808802, 4923804239, 4923804237, 4987984496], 27.69999999999999]
[[4987883414, 4987883413, 4987883412, 4923804243, 4923808802, 4923808216, 4923808204, 4987984431, 4923804239, 4923804237], 27.69999999999999]
[[4987883414, 4987883413, 4987883412, 4987883411, 4923808772, 4923804243, 4923808802, 4923804239, 4923804237, 4987984496], 27.69999999999999]
[[4987883414, 4987883413, 4987883412, 4987883411, 4923808772, 4923804243, 4923808802, 4923808216, 4923808204, 4987984431, 4923804239, 4923804237], 27.69999999999999]
[[4987883417, 4987883415, 4923808813, 4987883414, 4987883413, 4923808802, 4923804243, 4923808772, 4987883411], 117.30000000000001]
[[4987883418, 4923808216, 4923808802, 4923804239, 4987984431, 4987884221, 4923807068, 4923807080, 4987984474, 4923807077], 27.5]
[[4987883418, 4987883417, 4987883415, 4923808813, 4987883414, 4987883413, 4923808802, 4923804243, 4923808772, 4987883411], 117.30000000000001]
[[4987884221, 4987883418, 4923808216, 4923808802, 4923804239, 4987984498, 4987984486, 4987984499, 4923807099, 4987984496, 4923808772], 117.30000000000001]
[[4987884221, 4987883418, 4923808216, 4923808802, 4923804239, 4923804237, 4987984496, 4923808772], 117.30000000000001]
[[4987884226, 4987984455, 4987984454, 4987984457, 4923803770, 4987983335, 4987984514, 4987984626, 4923803781], 296.5]
[[4987884226, 4923807081, 4923803736, 4923807662, 4987922449, 4987922455, 4987922453, 4987922428, 4923802073, 4923799420, 4923807633, 4923799047, 4987922422, 4987922365, 4987922366, 4987984451], 115.30000000000001]
[[4987884226, 4923807081, 4923803736, 4923807662, 4987922449, 4987922455, 4987922453, 4987922428, 4923802073, 4923799420, 4923807633, 4923799047, 4923807632, 4923807089, 4987922365, 4987922366, 4923800281, 4987922384], 115.30000000000001]
[[4987884228, 4987984454, 4987984457, 4923803770, 4987983335, 4987984514, 4987984626, 4923803781], 296.4]
[[4987884229, 4987884228, 4987984454, 4987984457, 4923803770, 4987983335, 4987984514, 4987984626, 4923803781], 295.3]
[[4987884231, 4923799944, 4923804232, 4987884226, 4923807081, 4923803736, 4923807662, 4987922449, 4987922455, 4987922453, 4987922428, 4923802073, 4923799420, 4923807633, 4923799047, 4923807632, 4923807089, 4987984449, 4987984448, 4923802724], 207.2]
[[4987884232, 4923804230, 4987884230, 4923807081, 4923803736, 4923807662, 4987922449, 4987922455, 4987922453, 4987922428, 4923802073, 4923799420, 4923807633, 4923799047, 4923807632, 4923807089, 4987984451, 4987922359, 4923800291, 4987922361, 4987922384, 4987922386, 4987922381, 4987922377, 9221078633, 9221078632, 9221077149, 9221077148], 207.2]
[[4987884232, 4923804230, 4987884230, 4923807081, 4923803736, 4923807662, 4987922449, 4987922455, 4987922453, 4987922428, 4923802073, 4923799420, 4923807633, 4923799047, 4923807632, 4923807089, 4987984451, 4987922359, 4923800291, 4987922361, 4987922384, 4987922386, 4987922381, 4987922377, 9221078633, 9221077164, 9221077165], 207.2]
[[4987884235, 4923804229, 4987884231, 4923799944, 4923804232, 4987884226, 4923807081, 4923803736, 4923807662, 4987922449, 4987922455, 4987922453, 4987922428, 4923802073, 4923799420, 4923807633, 4923799047, 4923807632, 4923807089, 4987984451, 4987922359, 4923800291, 4987922361, 4987922384, 4987922386, 4987922381, 4987922377, 9221078633, 9221078632, 9221077149, 9221077148], 207.2]
[[4987884235, 4923804229, 4987884231, 4923799944, 4923804232, 4987884226, 4923807081, 4923803736, 4923807662, 4987922449, 4987922455, 4987922453, 4987922428, 4923802073, 4923799420, 4923807633, 4923799047, 4923807632, 4923807089, 4987984451, 4987922359, 4923800291, 4987922361, 4987922384, 4987922386, 4987922381, 4987922377, 9221078633, 9221077164, 9221077165], 207.2]
[[4987910569, 4923805067, 4987922456, 4987922452, 4987922454, 4987922455, 4987922449, 4923807662, 4923804068, 4987983337, 4987983336, 4987983335, 4923803770, 4987984457], 27.69999999999999]
[[4987910570, 4987910569, 4923805067, 4987922456, 4987983337, 4987983336, 4987983335, 4923803770, 4987984457], 27.69999999999999]
[[4987910570, 4987910569, 4923805067, 4987922456, 4987922452, 4987922454, 4987922455, 4987922449, 4923807662, 4923804068, 4987983337, 4987983336, 4987983335, 4923803770, 4987984457], 27.69999999999999]
[[4987922365, 4987922422, 4987922421, 4923802073, 4923799420, 4923807633, 4923799047, 4923807632, 4923807089, 4987984449, 4987984448, 4923802724], 207.4]
[[4987922366, 4987922365, 4987922422, 4923799047, 4923807632, 4923807089, 4987984451, 4923800293, 4987984449, 4987984448], 207.5]
[[4987922384, 4923800281, 4987922366, 4987922365, 4987922422, 4987922421, 4923802073, 4987922428, 4987922453, 4987922455, 4987922454, 4987922452, 4987922456, 4923805067, 4987910569, 4987910570, 4923804453, 4987984434, 4987984514], 296.9]
[[4987922384, 4923800281, 4987922366, 4987922365, 4987922422, 4987922421, 4923802073, 4987922428, 4987922453, 4987922455, 4987922454, 4987922452, 4987922456, 4923805067, 4987910569, 4987910570, 4923804453, 4987883381, 4923864480, 4923800306, 4987883388, 4987883389, 4923804583], 296.9]
[[4987922384, 4923800281, 4987922366, 4987922365, 4987922422, 4923799047, 4923807633, 4923799420, 4923802073, 4987922428, 4987922453, 4987922455, 4987922454, 4987922452, 4987922456, 4923805067, 4987910569, 4987983335], 296.9]
[[4987922384, 4923800281, 4987922366, 4987922365, 4987922422, 4923799047, 4923807633, 4923799420, 4923802073, 4987922428, 4987922453, 4987922455, 4987922454, 4987922452, 4987922456, 4923805067, 4987910569, 4987910570, 4923804453, 4987984434, 4987984514], 296.9]
[[4987922384, 4923800281, 4987922366, 4987922365, 4923807089, 4923807632, 4923799047, 4923807633, 4923799420, 4923802073, 4987922421], 296.9]
[[4987922384, 4923800281, 4987922366, 4987922365, 4923807089, 4923807632, 4923799047, 4923807633, 4923799420, 4923802073, 4987922428, 4987922453, 4923799938], 296.9]
[[4987922384, 4923800281, 4987922366, 4987922365, 4923807089, 4923807632, 4923799047, 4923807633, 4923799420, 4923802073, 4987922428, 4987922453, 4987922455, 4987922449, 4923807662], 296.9]
[[4987922384, 4923800281, 4987922366, 4987922365, 4923807089, 4923807632, 4923799047, 4923807633, 4923799420, 4923802073, 4987922428, 4987922453, 4987922455, 4987922454, 4987922452, 4987922456, 4987983337], 296.9]
[[4987922384, 4923800281, 4987922366, 4987984451, 4923807089, 4923807632, 4923799047, 4987922422], 296.9]
[[4987922405, 4987922403, 4987922402, 4987922397, 4987984458, 4987922395, 4923799985, 4923802721, 4923802722], 297.4]
[[4987922407, 4987922405, 4987922403, 4987922402, 4987922397, 4987984458, 4987922395, 4923799985, 4923802721, 4923802722], 297.4]
[[4987922416, 4923799380, 4987984505, 4987883403, 4987883408, 4987984506], 206.9]
[[4987922419, 2565693923, 4987922431, 4987922412, 4987922415, 4923806996, 4987922416, 4923799380, 4987984503], 296.7]
[[4987922421, 4923802073, 4923799420, 4923807633, 4923799047, 4923807632, 4923807089, 4987922365, 4987922366, 4923800281, 4987922384], 117.39999999999998]
[[4987922422, 4923799047, 4923807632, 4923807089, 4987984451, 4987922366, 4923800281, 4987922384], 117.30000000000001]
[[4987922445, 4923807082, 4987922455, 4987922454, 4987922452, 4987922456, 4923805067, 4987910569, 4987910570, 4923805069, 4923805575, 4923800305, 4923800306], 290.6]
[[4987922446, 4923807663, 4987922454, 4987922452, 4987922456, 4923805067, 4987910569, 4987910570, 4923805069, 4923805575, 4923800305, 4923800306], 290.8]
[[4987922448, 4987922446, 4923807663, 4987922454, 4987922452, 4987922456, 4923805067, 4987910569, 4987910570, 4923805069, 4923805575, 4923800305, 4923800306], 291.2]
[[4987922449, 4923807662, 4923804068, 4987983337, 4987983336, 4987983335, 4987910569, 4987910570, 4923804453, 4987984434, 4987984514], 291.6]
[[4987922449, 4923807662, 4923804068, 4987983337, 4987983336, 4987983335, 4987984514, 4987984434, 4923804453, 4987883381, 4923864480, 4923800306, 4987883388, 4987883389, 4923804583], 291.6]
[[4987922449, 4923807662, 4923804068, 4987983337, 4987983336, 4987983335, 4987984514, 4987984434, 4987883393, 4987883389, 4923804583], 291.6]
[[4987922450, 4923804068, 4987983337, 4987983336, 4987983335, 4987910569, 4987910570, 4923804453, 4987984434, 4987984514], 291.5]
[[4987922450, 4923804068, 4987983337, 4987983336, 4987983335, 4987984514, 4987984434, 4923804453, 4987883381, 4923864480, 4923800306, 4987883388, 4987883389, 4923804583], 291.5]
[[4987922450, 4923804068, 4987983337, 4987983336, 4987983335, 4987984514, 4987984434, 4987883393, 4987883389, 4923804583], 291.5]
[[4987922454, 4923807663, 4987922446, 4987922448, 9221078639, 2660964898, 9221077150, 9221077148, 9221077149, 9221078632, 9221078633, 4987922377, 4987922381, 4987922390, 4987922389, 4923802722, 4923800013, 4987984458, 4987922397, 4987922402, 4987922403, 4987922405], 113.0]
[[4987922454, 4923807663, 4987922446, 4987922448, 9221078639, 2660964898, 9221077150, 9221077148, 9221077149, 9221078632, 9221078630, 9221078631, 4987922378, 4987922379, 4987922389, 4923802722, 4923800013, 4987984458, 4987922397, 4987922402, 4987922403, 4987922405], 113.0]
[[4987922454, 4923807663, 4987922446, 4987922448, 9221078639, 9221078638, 9221077166, 9221077165, 9221077164, 9221078633, 4987922377, 4987922381, 4987922390, 4987922389, 4923802722, 4923800013, 4987984458, 4987922397, 4987922402, 4987922403, 4987922405], 113.0]
[[4987922454, 4923807663, 4987922446, 4987922448, 9221078639, 9221078638, 9221077166, 9221077165, 9221077164, 9221078633, 9221078631, 4987922378, 4987922379, 4987922389, 4923802722, 4923800013, 4987984458, 4987922397, 4987922402, 4987922403, 4987922405], 113.0]
[[4987922455, 4987922449, 4923807662, 4923804068, 4987983337, 4987983336, 4987983335, 4987984514, 4987984434, 4923804453, 4987883381, 4923864480, 4923800306, 4987883388, 4987883389, 4923804583], 290.8]
[[4987922455, 4923807082, 4987922445, 4923807083, 9221078638, 2660964898, 9221077150, 9221077148, 9221077149, 9221078632, 9221078633, 4987922377, 4987922381, 4987922390, 4987922389, 4923802722, 4923800013, 4987984458, 4987922397, 4987922402, 4987922403, 4987922405], 112.80000000000001]
[[4987922455, 4923807082, 4987922445, 4923807083, 9221078638, 2660964898, 9221077150, 9221077148, 9221077149, 9221078632, 9221078630, 9221078631, 4987922378, 4987922379, 4987922389, 4923802722, 4923800013, 4987984458, 4987922397, 4987922402, 4987922403, 4987922405], 112.80000000000001]
[[4987922455, 4923807082, 4987922445, 4923807083, 9221078638, 9221077166, 9221077165, 9221077164, 9221078633, 4987922377, 4987922381, 4987922390, 4987922389, 4923802722, 4923800013, 4987984458, 4987922397, 4987922402, 4987922403, 4987922405], 112.80000000000001]
[[4987922455, 4923807082, 4987922445, 4923807083, 9221078638, 9221077166, 9221077165, 9221077164, 9221078633, 9221078631, 4987922378, 4987922379, 4987922389, 4923802722, 4923800013, 4987984458, 4987922397, 4987922402, 4987922403, 4987922405], 112.80000000000001]
[[4987922456, 4987983337, 4987983336, 4987983335, 4987984514, 4987984434, 4923804453, 4987883381, 4923864480, 4923800306, 4987883388, 4987883389, 4923804583], 296.2]
[[4987983335, 4987910569, 4923805067, 4987922456, 4987922452, 4987922454, 4987922455, 4987922453, 4987922428, 4923802073, 4987922421, 4987922422, 4987922365, 4987922366, 4987984451], 117.39999999999998]
[[4987983335, 4987910569, 4923805067, 4987922456, 4987922452, 4987922454, 4987922455, 4987922453, 4987922428, 4923802073, 4987922421, 4987922422, 4987922365, 4923807089], 117.39999999999998]
[[4987983335, 4987910569, 4923805067, 4987922456, 4987922452, 4987922454, 4987922455, 4987922453, 4987922428, 4923802073, 4923799420, 4923807633, 4923799047, 4987922422, 4987922365, 4987922366, 4923800281, 4987922384], 117.39999999999998]
[[4987983336, 4987983335, 4987984514, 4987984434, 4923804453, 4987910570, 4987910569, 4923805067, 4923805066, 4923805069, 4923805575], 208.4]
[[4987983337, 4987922456, 4987922452, 4987922454, 4987922455, 4987922453, 4987922428, 4923802073, 4923799420, 4923807633, 4923799047, 4987922422, 4987922365, 4987922366, 4987984451], 116.19999999999999]
[[4987983337, 4987922456, 4987922452, 4987922454, 4987922455, 4987922453, 4987922428, 4923802073, 4923799420, 4923807633, 4923799047, 4923807632, 4923807089, 4987922365, 4987922366, 4923800281, 4987922384], 116.19999999999999]
[[4987983337, 4987983336, 4987983335, 4987984514, 4987984434, 4923804453, 4987910570, 4987910569, 4923805067, 4923805066, 4923805069, 4923805575], 208.4]
[[4987984436, 5960541502, 4923806965, 4987883385, 4923800312, 4987883388, 4987883389, 4987883393, 4987984434, 4923804453], 110.19999999999999]
[[4987984438, 4987994240, 4923806834, 4923806794, 4923806672, 4923806674], 177.8]
[[4987984438, 4987994240, 4987994239, 4923806844, 4923806834, 4923806794, 4923806672, 4923806674, 4923806676], 177.8]
[[4987984440, 4987922439, 4987922442, 4923807025, 9221078635, 9221078634, 2660964898, 9221078639, 4987922448, 4987922446, 4923807663, 4987922454, 4987922452, 4987922456, 4923805067, 4987910569, 4987910570, 4923804453, 4987984434, 4987984514, 4987983335, 4987983336], 27.0]
[[4987984442, 4987984440, 4987922439, 4987922442, 4923807025, 9221078635, 9221078634, 2660964898, 9221078639, 4987922448, 4987922446, 4923807663, 4987922454, 4987922452, 4987922456, 4923805067, 4987910569, 4987910570, 4923804453, 4987984434, 4987984514, 4987983335, 4987983336], 27.0]
[[4987984448, 4923799047, 4923807633, 4923799420, 4923802073, 4987922428, 4987922453, 4987922455, 4987922454, 4987922452, 4987922456, 4923805067, 4923805066, 4923805069, 4923805575, 4987883381], 297.3]
[[4987984448, 4923799047, 4923807633, 4923799420, 4923802073, 4987922428, 4987922453, 4987922455, 4987922454, 4987922452, 4987922456, 4923805067, 4923805066, 4923805069, 4923805575, 4923800305, 4923800306], 297.3]
[[4987984448, 4987984449, 4923800293, 4987984451, 4923807089, 4923807632, 4923799047, 4987922422, 4987922365, 4987922366], 27.099999999999994]
[[4987984448, 4987984449, 4923800293, 4923800287, 4923800291, 4987922359, 4987984451, 4923807089, 4923807632, 4923799047, 4987922422, 4987922365, 4987922366], 27.099999999999994]
[[4987984448, 4987984449, 4923800293, 4923800287, 4923800285, 4987922384, 4987922361, 4923800291, 4987922359, 4987984451, 4923807089, 4987922365, 4987922366, 4923800281], 27.099999999999994]
[[4987984449, 4923807089, 4923807632, 4923799047, 4923807633, 4923799420, 4923802073, 4987922428, 4987922453, 4987922455, 4987922454, 4987922452, 4987922456, 4923805067, 4923805066, 4923805069, 4923805575, 4923800305, 4923800306], 297.0]
[[4987984449, 4923800293, 4923800287, 4923800291, 4987922359, 4987984451, 4923807089, 4987922365, 4987922366, 4923800281], 27.0]
[[4987984449, 4923800293, 4923800287, 4923800285, 4987922384, 4987922361, 4923800291, 4987922359, 4987984451, 4923807089, 4987922365, 4987922366, 4923800281], 27.0]
[[4987984451, 4987922366, 4987922365, 4987922422, 4987922421, 4923802073, 4987922428, 4987922453, 4987922455, 4987922454, 4987922452, 4987922456, 4923805067, 4987910569, 4987983335], 297.2]
[[4987984451, 4987922366, 4987922365, 4987922422, 4987922421, 4923802073, 4987922428, 4987922453, 4987922455, 4987922454, 4987922452, 4987922456, 4923805067, 4987910569, 4987910570, 4923804453, 4987984434, 4987984514], 297.2]
[[4987984451, 4987922366, 4987922365, 4987922422, 4923799047, 4923807633, 4923799420, 4923802073, 4987922428, 4987922453, 4923799938], 297.2]
[[4987984451, 4987922366, 4987922365, 4987922422, 4923799047, 4923807633, 4923799420, 4923802073, 4987922428, 4987922453, 4987922455, 4987922449, 4923807662], 297.2]
[[4987984451, 4987922366, 4987922365, 4987922422, 4923799047, 4923807633, 4923799420, 4923802073, 4987922428, 4987922453, 4987922455, 4987922454, 4987922452, 4987922456, 4987983337], 297.2]
[[4987984454, 4987984457, 4923803770, 4987983335, 4987983336, 4987983337, 4987922456, 4923805067, 4987910569], 207.2]
[[4987984455, 4987984454, 4987984457, 4923803770, 4987983335, 4987983336, 4987983337, 4987922456, 4923805067, 4987910569], 207.2]
[[4987984458, 4987922395, 4987922396, 4987922407, 4987922405, 4987922403, 4923799975, 4987984464, 4987984463, 4923799986], 116.69999999999999]
[[4987984458, 4987922395, 4987922396, 4987922407, 4987922405, 4987922403, 4923799975, 4987984464, 4987984463, 4987984462, 595706787, 7213240253], 116.69999999999999]
[[4987984478, 4987984476, 4923806658, 4987984480, 4923806678, 4923806676, 4987994228, 4923806844, 4923806834, 4923806794, 4923806672], 87.60000000000002]
[[4987984478, 4987984476, 4923806658, 4987984480, 4923806678, 4923806676, 4923806674, 4923806834, 4923806794, 4923806698, 4923806671], 87.60000000000002]
[[4987984480, 4923806678, 4923806676, 4987994228, 4923806844, 4923806785, 4923806788, 4987994238, 4987994239], 358.4]
[[4987984480, 4923806678, 4923806676, 4923806674, 4923806834, 4923806844, 4923806785, 4923806788, 4987994238, 4987994239, 4987994240], 358.4]
[[4987984496, 4923804237, 4923804239, 4923808802, 4923804243, 4923808772, 4987883411, 4987883412, 4987883413], 207.6]
[[4987984496, 4923804237, 4923804239, 4987984431, 4923808204, 4923808216, 4923808802, 4923804243, 4987883412, 4987883413, 4987883414], 207.6]
[[4987984496, 4923804237, 4923804239, 4987984431, 4987884221, 4987883418, 4923808216, 4923808802, 4923804243, 4987883412, 4987883413, 4987883414], 207.6]
[[4987984505, 4987883403, 4923807055, 4987922416, 4923799380, 4987984503, 4987922415], 27.5]
[[4987984514, 4987984434, 4923804453, 4987910570, 4987910569, 4923805067, 4987922456, 4987922452, 4987922454, 4987922455, 4987922453, 4987922428, 4923802073, 4987922421, 4987922422, 4987922365, 4987922366, 4923800281, 4987922384], 118.19999999999999]
[[4987984514, 4987984434, 4923804453, 4987910570, 4987910569, 4923805067, 4987922456, 4987922452, 4987922454, 4987922455, 4987922453, 4987922428, 4923802073, 4987922421, 4987922422, 4987922365, 4987922366, 4987984451], 118.19999999999999]
[[4987984514, 4987984434, 4923804453, 4987910570, 4987910569, 4923805067, 4987922456, 4987922452, 4987922454, 4987922455, 4987922453, 4987922428, 4923802073, 4923799420, 4923807633, 4923799047, 4987922422, 4987922365, 4987922366, 4923800281, 4987922384], 118.19999999999999]
[[4987984514, 4987984515, 4987883393, 4987984434, 4923804453, 4987883381, 4923864480], 208.4]
[[4987994226, 4987984438, 4923806794, 4923806698, 4923806671, 4923806672], 177.5]
[[4987994226, 4987984438, 4987994240, 4923806834, 4923806794, 4923806698, 4923806671, 4923806672, 4923806674], 177.5]
[[4987994238, 4923806788, 4923806652, 4987984480, 4923806678, 4923806676, 4923806674, 4923806834, 4987994240, 4987984438, 4987994226, 4923806698, 4923806671], 88.19999999999999]
[[4987994238, 4923806788, 4923806785, 4923806844, 4987994239, 4987994240, 4923806834], 88.19999999999999]
[[4987994238, 4923806788, 4923806785, 4923806844, 4923806834, 4987994240, 4987984438, 4987994226, 4923806698], 88.19999999999999]
[[4987994239, 4923806844, 4923806834, 4987994240, 4987984438, 4923806794], 87.5]
[[4987994239, 4987994238, 4923806788, 4923806785, 4923806844, 4987994228, 4923806676, 4923806678, 4987984480], 177.7]
[[4987994240, 4923806834, 4923806794, 4987984438, 4987994226, 4923806698], 87.19999999999999]
[[4987994240, 4987994239, 4923806844, 4923806834, 4923806674, 4923806676], 177.7]
[[4987994240, 4987994239, 4987994238, 4923806788, 4923806785, 4923806844, 4923806834, 4923806674, 4923806676, 4923806678], 177.7]
[[5253301543, 8148762075, 5253301548, 8148762073, 8148762072, 6737633461, 8148762074, 8148762082, 8148762081, 6737633455], 268.1]
[[5253301572, 5253301599, 8776682036, 2240236696, 2274887224, 2240236693, 8776682061, 8776681949, 664958831, 664958832, 664958815, 8776681948, 5253301651, 8776681906, 8776681993, 8776681971, 8776681997, 8776681972, 8776681973, 8776665398, 8776681974, 8486054549, 8776681873], 350.0]
[[5253301572, 5253301599, 8776682036, 2240236696, 2274887224, 2240236693, 8776682061, 8776681949, 664958831, 664958832, 664958815, 8776681948, 5253301651, 8776681906, 8776681993, 8776681971, 8776681997, 8776681972, 8776681973, 8776665398, 8776681974, 6796972925, 6796972959, 8776681865], 350.0]
[[5595674965, 4987984436, 5960541502, 4923806965, 4987883385, 4923800312, 4987883388, 4987883389, 4987883393, 4987984434, 4923804453], 103.80000000000001]
[[5960541485, 4923806970, 5960541503, 4987984437, 4923806965, 4987883385, 4923800312, 4987883388, 4987883389, 4987883393, 4987984434, 4923804453], 109.10000000000002]
[[6227520135, 4871911953, 4871911956, 2240236696, 3960223222, 8776682042, 6737646316, 8776681942, 664958816, 8776681931, 8776681938, 8776681930, 3807006870, 8776681981, 8776681929, 8776681970, 8776681976, 6737646318, 8776681969, 664958868, 9645871546, 9645871545, 664958870, 8776681896, 8776681899, 9651855956, 9645871583], 275.5]
[[6227520135, 4871911953, 4871911956, 2240236696, 3960223222, 8776682042, 6737646316, 8776681942, 664958816, 8776681931, 8776681938, 8776681930, 3807006870, 8776681981, 8776681929, 8776681970, 8776681935, 8776681992, 8776681967, 664958868, 9645871546, 9645871545, 664958870, 8776681896, 8776681899, 9651855956, 9645871583], 275.5]
[[6227520135, 4871911953, 4871911956, 2240236696, 3960223222, 8776682042, 6737646316, 8776681942, 664958816, 8776681931, 664958815, 8776681948, 5253301651, 8776681906, 8776681993, 8776681971, 664958891, 8776681935, 8776681992, 8776681967, 664958868, 9645871546, 9645871545, 664958870, 8776681896, 8776681899, 9651855956, 9645871583], 275.5]
[[6227520135, 4871911953, 4871911956, 2240236696, 3960223222, 8776682042, 6737646316, 8776681942, 664958816, 8776681931, 664958815, 8776681948, 5253301651, 8776681906, 8776681993, 8776681971, 8776681970, 8776681976, 6737646318, 8776681969, 664958868, 9645871546, 9645871545, 664958870, 8776681896, 8776681899, 9651855956, 9645871583], 275.5]
[[6737633455, 8148762081, 8148762082, 8148762074, 6737633461, 8148762072, 8148762073, 5253301548, 8148762075], 88.39999999999998]
[[6737646321, 6227520135, 4871911953, 4871911956, 2240236696, 3960223222, 8776682042, 6737646316, 8776681942, 664958816, 8776681931, 8776681938, 8776681930, 3807006870, 8776681981, 8776681929, 8776681970, 8776681976, 6737646318, 8776681969, 664958868, 9645871546, 9645871545, 664958870, 8776681896, 8776681899, 9651855956, 9645871583], 275.5]
[[6737646321, 6227520135, 4871911953, 4871911956, 2240236696, 3960223222, 8776682042, 6737646316, 8776681942, 664958816, 8776681931, 8776681938, 8776681930, 3807006870, 8776681981, 8776681929, 8776681970, 8776681935, 8776681992, 8776681967, 664958868, 9645871546, 9645871545, 664958870, 8776681896, 8776681899, 9651855956, 9645871583], 275.5]
[[6737646321, 6227520135, 4871911953, 4871911956, 2240236696, 3960223222, 8776682042, 6737646316, 8776681942, 664958816, 8776681931, 664958815, 8776681948, 5253301651, 8776681906, 8776681993, 8776681971, 664958891, 8776681935, 8776681992, 8776681967, 664958868, 9645871546, 9645871545, 664958870, 8776681896, 8776681899, 9651855956, 9645871583], 275.5]
[[6737646321, 6227520135, 4871911953, 4871911956, 2240236696, 3960223222, 8776682042, 6737646316, 8776681942, 664958816, 8776681931, 664958815, 8776681948, 5253301651, 8776681906, 8776681993, 8776681971, 8776681970, 8776681976, 6737646318, 8776681969, 664958868, 9645871546, 9645871545, 664958870, 8776681896, 8776681899, 9651855956, 9645871583], 275.5]
[[6796972962, 2240236692, 8776681886, 6796972961, 6796972960, 8776681880, 664958808, 664958811, 8635018161, 8635018119, 8635018123, 8776681943, 664958815, 664958832, 8776681954, 2361706393, 2361706198, 8522945716, 8776682055], 175.3]
[[6796972962, 2240236692, 8776681886, 6796972961, 8776681881, 664958834, 8776681959, 664958832, 8776681954, 2361706393, 2361706198, 8522945716, 8776682055], 175.3]
[[6796972963, 6796972962, 2240236692, 8776681886, 6796972961, 6796972960, 8776681880, 664958808, 664958811, 8635018161, 8635018119, 8635018123, 8776681943, 664958815, 664958832, 8776681954, 2361706393, 2361706198, 8522945716, 8776682055], 172.8]
[[6796972963, 6796972962, 2240236692, 8776681886, 6796972961, 8776681881, 664958834, 8776681959, 664958832, 8776681954, 2361706393, 2361706198, 8522945716, 8776682055], 172.8]
[[7213240253, 595706787, 4987984462, 4987984463, 4987984464, 4923799975, 4987922403, 4987922405, 4987922407, 4987922396, 4987922395, 4987984458], 291.6]
[[7213240285, 595706788, 7213240253, 595706787, 4987984462, 4987984463, 4987984464, 4923799975, 4987922403, 4987922405, 4987922407, 4987922396, 4987922395, 4987984458], 296.4]
[[8148762075, 5253301548, 8148762073, 8148762072, 6737633461, 8148762074, 8148762082, 8148762081, 6737633455], 268.0]
[[8148762080, 5253301543, 8148762075, 5253301548, 8148762073, 8148762072, 6737633461, 8148762074, 8148762082, 8148762081, 6737633455], 268.6]
[[8635018129, 8635018143, 8635018145, 8635018128, 3730447407, 3889198611, 3889198612, 2274887274, 3730453555, 3730453554, 2362306055, 3730449783, 1755866361, 3730461049, 2274887273], 7.5]
[[8635018143, 8635018145, 8635018128, 3730447407, 3889198611, 3889198612, 2274887274, 3730453555, 3730453554, 2362306055, 3730449783, 1755866361, 3730461049, 2274887273], 4.800000000000011]
[[8635018145, 8635018128, 3730447407, 3889198611, 3889198612, 2274887274, 3730447405, 3730453554, 2362306055, 3730449783, 1755866361, 3730461049, 2274887273], 4.099999999999994]
[[8635018145, 8635018128, 3730447407, 3889198611, 3889198612, 2274887274, 3730447405, 3730453554, 2362306055, 3730449783, 3730449784], 4.099999999999994]
[[8635018145, 8635018128, 3730447407, 3889198611, 3889198612, 2274887274, 3730453555, 3730453554, 2362306055, 3730449783, 1755866361, 3730461049, 2274887273], 4.099999999999994]
[[8776681905, 9645871576, 4391404647, 4391404646, 9645871523, 9645871542, 664958780, 8776681899, 8776681896, 664958870, 9645871545, 9645871546, 664958868, 8776681969, 6737646318, 8776681976, 8776681970, 8776681971, 8776681993, 8776681906, 5253301651, 8776681948, 664958815, 664958832, 8776681954, 2361706393, 2361706198], 88.89999999999998]
[[8776681905, 9645871576, 4391404647, 4391404646, 9645871523, 9645871542, 664958780, 8776681899, 8776681896, 664958870, 9645871545, 9645871546, 664958868, 8776681967, 8776681992, 8776681935, 664958891, 8776681971, 8776681993, 8776681906, 5253301651, 8776681948, 664958815, 664958832, 8776681954, 2361706393, 2361706198], 88.89999999999998]
[[8776681968, 5253301572, 5253301599, 8776682036, 2240236696, 2274887224, 2240236693, 8776682061, 8776681949, 664958831, 664958832, 664958815, 8776681948, 5253301651, 8776681906, 8776681993, 8776681971, 8776681997, 8776681972, 8776681973, 8776665398, 8776681974, 8486054549, 8776681873], 351.0]
[[8776681968, 5253301572, 5253301599, 8776682036, 2240236696, 2274887224, 2240236693, 8776682061, 8776681949, 664958831, 664958832, 664958815, 8776681948, 5253301651, 8776681906, 8776681993, 8776681971, 8776681997, 8776681972, 8776681973, 8776665398, 8776681974, 6796972925, 6796972959, 8776681865], 351.0]
[[8776682010, 9645871579, 9645871589, 9645871588, 9645864972, 9645864971, 9645871586, 9645871587, 9645871583, 9651855956, 8776681899, 8776681896, 664958870, 9645871545, 9645871546, 664958868, 8776681969, 6737646318, 8776681976, 8776681970, 8776681971, 8776681993, 8776681906, 5253301651, 8776681948, 664958815, 664958832, 8776681954, 2361706393, 2361706198], 89.10000000000002]
[[8776682010, 9645871579, 9645871589, 9645871588, 9645864972, 9645864971, 9645871586, 9645871587, 9645871583, 9651855956, 8776681899, 8776681896, 664958870, 9645871545, 9645871546, 664958868, 8776681967, 8776681992, 8776681935, 664958891, 8776681971, 8776681993, 8776681906, 5253301651, 8776681948, 664958815, 664958832, 8776681954, 2361706393, 2361706198], 89.10000000000002]
[[8776682023, 9645871568, 9645871565, 9645864974, 9645864973, 9645871518, 8776681905, 9645871576, 4391404647, 4391404646, 9645871523, 9645871542, 664958780, 8776681899, 8776681896, 664958870, 9645871545, 9645871546, 664958868, 8776681969, 6737646318, 8776681976, 8776681970, 8776681971, 8776681993, 8776681906, 5253301651, 8776681948, 664958815, 664958832, 8776681954, 2361706393, 2361706198], 88.80000000000001]
[[8776682023, 9645871568, 9645871565, 9645864974, 9645864973, 9645871518, 8776681905, 9645871576, 4391404647, 4391404646, 9645871523, 9645871542, 664958780, 8776681899, 8776681896, 664958870, 9645871545, 9645871546, 664958868, 8776681967, 8776681992, 8776681935, 664958891, 8776681971, 8776681993, 8776681906, 5253301651, 8776681948, 664958815, 664958832, 8776681954, 2361706393, 2361706198], 88.80000000000001]
[[9221078630, 9221078631, 4987922378, 4987922379, 4987922381, 4987922386, 4987922384, 4987922361, 4923800291, 4987922359, 4987984451, 4923800293, 4987984449, 4987984448, 4923799047], 302.7]
[[9221078630, 9221078631, 4987922378, 4987922379, 4987922381, 4987922386, 4987922384, 4987922361, 4923800291, 4987922359, 4987984451, 4923800293, 4987984449, 4987984448, 4923802724, 4923802073], 302.7]
[[9221078631, 4987922378, 4987922379, 4987922381, 4987922386, 4987922384, 4987922361, 4923800291, 4987922359, 4987984451, 4923800293, 4987984449, 4987984448, 4923799047], 297.3]
[[9221078631, 4987922378, 4987922379, 4987922381, 4987922386, 4987922384, 4987922361, 4923800291, 4987922359, 4987984451, 4923800293, 4987984449, 4987984448, 4923802724, 4923802073], 297.3]
[[9221078632, 9221078633, 4987922377, 4987922381, 4987922386, 4987922384, 4987922361, 4923800291, 4987922359, 4987984451, 4923800293, 4987984449, 4987984448, 4923799047], 303.1]
[[9221078632, 9221078633, 4987922377, 4987922381, 4987922386, 4987922384, 4987922361, 4923800291, 4987922359, 4987984451, 4923800293, 4987984449, 4987984448, 4923802724, 4923802073], 303.1]
[[9221078633, 4987922377, 4987922381, 4987922386, 4987922384, 4987922361, 4923800291, 4987922359, 4987984451, 4923800293, 4987984449, 4987984448, 4923799047], 297.6]
[[9221078633, 4987922377, 4987922381, 4987922386, 4987922384, 4987922361, 4923800291, 4987922359, 4987984451, 4923800293, 4987984449, 4987984448, 4923802724, 4923802073], 297.6]
[[9221078637, 7213240285, 595706788, 7213240253, 595706787, 4987984462, 4987984463, 4987984464, 4923799975, 4987922403, 4987922405, 4987922407, 4987922396, 4987922395, 4987984458], 296.5]
[[9221078639, 4987922448, 4987922446, 4923807663, 4987922454, 4987922452, 4987922456, 4923805067, 4987910569, 4987910570, 4923805069, 4923805575, 4923800305, 4923800306], 285.4]
[[9645864971, 9645871586, 9645871587, 9645871583, 9651855956, 8776681899, 8776681896, 664958870, 9645871545, 9645871546, 664958868, 8776681969, 6737646318, 8776681976, 8776681970, 8776681971, 8776681993, 8776681906, 5253301651, 8776681948, 664958815, 664958832, 8776681954, 2361706393, 2361706198], 89.19999999999999]
[[9645864971, 9645871586, 9645871587, 9645871583, 9651855956, 8776681899, 8776681896, 664958870, 9645871545, 9645871546, 664958868, 8776681967, 8776681992, 8776681935, 664958891, 8776681971, 8776681993, 8776681906, 5253301651, 8776681948, 664958815, 664958832, 8776681954, 2361706393, 2361706198], 89.19999999999999]
[[9645864972, 9645864971, 9645871586, 9645871587, 9645871583, 9651855956, 8776681899, 8776681896, 664958870, 9645871545, 9645871546, 664958868, 8776681969, 6737646318, 8776681976, 8776681970, 8776681971, 8776681993, 8776681906, 5253301651, 8776681948, 664958815, 664958832, 8776681954, 2361706393, 2361706198], 89.10000000000002]
[[9645864972, 9645864971, 9645871586, 9645871587, 9645871583, 9651855956, 8776681899, 8776681896, 664958870, 9645871545, 9645871546, 664958868, 8776681967, 8776681992, 8776681935, 664958891, 8776681971, 8776681993, 8776681906, 5253301651, 8776681948, 664958815, 664958832, 8776681954, 2361706393, 2361706198], 89.10000000000002]
[[9645864973, 9645871518, 8776681905, 9645871576, 4391404647, 4391404646, 9645871523, 9645871542, 664958780, 8776681899, 8776681896, 664958870, 9645871545, 9645871546, 664958868, 8776681969, 6737646318, 8776681976, 8776681970, 8776681971, 8776681993, 8776681906, 5253301651, 8776681948, 664958815, 664958832, 8776681954, 2361706393, 2361706198], 88.80000000000001]
[[9645864973, 9645871518, 8776681905, 9645871576, 4391404647, 4391404646, 9645871523, 9645871542, 664958780, 8776681899, 8776681896, 664958870, 9645871545, 9645871546, 664958868, 8776681967, 8776681992, 8776681935, 664958891, 8776681971, 8776681993, 8776681906, 5253301651, 8776681948, 664958815, 664958832, 8776681954, 2361706393, 2361706198], 88.80000000000001]
[[9645864974, 9645864973, 9645871518, 8776681905, 9645871576, 4391404647, 4391404646, 9645871523, 9645871542, 664958780, 8776681899, 8776681896, 664958870, 9645871545, 9645871546, 664958868, 8776681969, 6737646318, 8776681976, 8776681970, 8776681971, 8776681993, 8776681906, 5253301651, 8776681948, 664958815, 664958832, 8776681954, 2361706393, 2361706198], 88.80000000000001]
[[9645864974, 9645864973, 9645871518, 8776681905, 9645871576, 4391404647, 4391404646, 9645871523, 9645871542, 664958780, 8776681899, 8776681896, 664958870, 9645871545, 9645871546, 664958868, 8776681967, 8776681992, 8776681935, 664958891, 8776681971, 8776681993, 8776681906, 5253301651, 8776681948, 664958815, 664958832, 8776681954, 2361706393, 2361706198], 88.80000000000001]
[[9645871518, 8776681905, 9645871576, 4391404647, 4391404646, 9645871523, 9645871542, 664958780, 8776681899, 8776681896, 664958870, 9645871545, 9645871546, 664958868, 8776681969, 6737646318, 8776681976, 8776681970, 8776681971, 8776681993, 8776681906, 5253301651, 8776681948, 664958815, 664958832, 8776681954, 2361706393, 2361706198], 88.89999999999998]
[[9645871518, 8776681905, 9645871576, 4391404647, 4391404646, 9645871523, 9645871542, 664958780, 8776681899, 8776681896, 664958870, 9645871545, 9645871546, 664958868, 8776681967, 8776681992, 8776681935, 664958891, 8776681971, 8776681993, 8776681906, 5253301651, 8776681948, 664958815, 664958832, 8776681954, 2361706393, 2361706198], 88.89999999999998]
[[9645871565, 9645864974, 9645864973, 9645871518, 8776681905, 9645871576, 4391404647, 4391404646, 9645871523, 9645871542, 664958780, 8776681899, 8776681896, 664958870, 9645871545, 9645871546, 664958868, 8776681969, 6737646318, 8776681976, 8776681970, 8776681971, 8776681993, 8776681906, 5253301651, 8776681948, 664958815, 664958832, 8776681954, 2361706393, 2361706198], 88.80000000000001]
[[9645871565, 9645864974, 9645864973, 9645871518, 8776681905, 9645871576, 4391404647, 4391404646, 9645871523, 9645871542, 664958780, 8776681899, 8776681896, 664958870, 9645871545, 9645871546, 664958868, 8776681967, 8776681992, 8776681935, 664958891, 8776681971, 8776681993, 8776681906, 5253301651, 8776681948, 664958815, 664958832, 8776681954, 2361706393, 2361706198], 88.80000000000001]
[[9645871568, 9645871565, 9645864974, 9645864973, 9645871518, 8776681905, 9645871576, 4391404647, 4391404646, 9645871523, 9645871542, 664958780, 8776681899, 8776681896, 664958870, 9645871545, 9645871546, 664958868, 8776681969, 6737646318, 8776681976, 8776681970, 8776681971, 8776681993, 8776681906, 5253301651, 8776681948, 664958815, 664958832, 8776681954, 2361706393, 2361706198], 88.89999999999998]
[[9645871568, 9645871565, 9645864974, 9645864973, 9645871518, 8776681905, 9645871576, 4391404647, 4391404646, 9645871523, 9645871542, 664958780, 8776681899, 8776681896, 664958870, 9645871545, 9645871546, 664958868, 8776681967, 8776681992, 8776681935, 664958891, 8776681971, 8776681993, 8776681906, 5253301651, 8776681948, 664958815, 664958832, 8776681954, 2361706393, 2361706198], 88.89999999999998]
[[9645871576, 4391404647, 4391404646, 9645871523, 9645871542, 664958780, 8776681899, 8776681896, 664958870, 9645871545, 9645871546, 664958868, 8776681969, 6737646318, 8776681976, 8776681970, 8776681971, 8776681993, 8776681906, 5253301651, 8776681948, 664958815, 664958832, 8776681954, 2361706393, 2361706198], 88.89999999999998]
[[9645871576, 4391404647, 4391404646, 9645871523, 9645871542, 664958780, 8776681899, 8776681896, 664958870, 9645871545, 9645871546, 664958868, 8776681967, 8776681992, 8776681935, 664958891, 8776681971, 8776681993, 8776681906, 5253301651, 8776681948, 664958815, 664958832, 8776681954, 2361706393, 2361706198], 88.89999999999998]
[[9645871579, 9645871589, 9645871588, 9645864972, 9645864971, 9645871586, 9645871587, 9645871583, 9651855956, 8776681899, 8776681896, 664958870, 9645871545, 9645871546, 664958868, 8776681969, 6737646318, 8776681976, 8776681970, 8776681971, 8776681993, 8776681906, 5253301651, 8776681948, 664958815, 664958832, 8776681954, 2361706393, 2361706198], 89.10000000000002]
[[9645871579, 9645871589, 9645871588, 9645864972, 9645864971, 9645871586, 9645871587, 9645871583, 9651855956, 8776681899, 8776681896, 664958870, 9645871545, 9645871546, 664958868, 8776681967, 8776681992, 8776681935, 664958891, 8776681971, 8776681993, 8776681906, 5253301651, 8776681948, 664958815, 664958832, 8776681954, 2361706393, 2361706198], 89.10000000000002]
[[9645871583, 9651855956, 8776681899, 8776681896, 664958870, 9645871545, 9645871546, 664958868, 8776681969, 6737646318, 8776681976, 8776681970, 8776681971, 8776681993, 8776681906, 5253301651, 8776681948, 664958815, 664958832, 8776681954, 2361706393, 2361706198], 89.10000000000002]
[[9645871583, 9651855956, 8776681899, 8776681896, 664958870, 9645871545, 9645871546, 664958868, 8776681967, 8776681992, 8776681935, 664958891, 8776681971, 8776681993, 8776681906, 5253301651, 8776681948, 664958815, 664958832, 8776681954, 2361706393, 2361706198], 89.10000000000002]
[[9645871586, 9645871587, 9645871583, 9651855956, 8776681899, 8776681896, 664958870, 9645871545, 9645871546, 664958868, 8776681969, 6737646318, 8776681976, 8776681970, 8776681971, 8776681993, 8776681906, 5253301651, 8776681948, 664958815, 664958832, 8776681954, 2361706393, 2361706198], 89.10000000000002]
[[9645871586, 9645871587, 9645871583, 9651855956, 8776681899, 8776681896, 664958870, 9645871545, 9645871546, 664958868, 8776681967, 8776681992, 8776681935, 664958891, 8776681971, 8776681993, 8776681906, 5253301651, 8776681948, 664958815, 664958832, 8776681954, 2361706393, 2361706198], 89.10000000000002]
[[9645871587, 9645871583, 9651855956, 8776681899, 8776681896, 664958870, 9645871545, 9645871546, 664958868, 8776681969, 6737646318, 8776681976, 8776681970, 8776681971, 8776681993, 8776681906, 5253301651, 8776681948, 664958815, 664958832, 8776681954, 2361706393, 2361706198], 89.10000000000002]
[[9645871587, 9645871583, 9651855956, 8776681899, 8776681896, 664958870, 9645871545, 9645871546, 664958868, 8776681967, 8776681992, 8776681935, 664958891, 8776681971, 8776681993, 8776681906, 5253301651, 8776681948, 664958815, 664958832, 8776681954, 2361706393, 2361706198], 89.10000000000002]
[[9645871588, 9645864972, 9645864971, 9645871586, 9645871587, 9645871583, 9651855956, 8776681899, 8776681896, 664958870, 9645871545, 9645871546, 664958868, 8776681969, 6737646318, 8776681976, 8776681970, 8776681971, 8776681993, 8776681906, 5253301651, 8776681948, 664958815, 664958832, 8776681954, 2361706393, 2361706198], 89.10000000000002]
[[9645871588, 9645864972, 9645864971, 9645871586, 9645871587, 9645871583, 9651855956, 8776681899, 8776681896, 664958870, 9645871545, 9645871546, 664958868, 8776681967, 8776681992, 8776681935, 664958891, 8776681971, 8776681993, 8776681906, 5253301651, 8776681948, 664958815, 664958832, 8776681954, 2361706393, 2361706198], 89.10000000000002]
[[9645871589, 9645871588, 9645864972, 9645864971, 9645871586, 9645871587, 9645871583, 9651855956, 8776681899, 8776681896, 664958870, 9645871545, 9645871546, 664958868, 8776681969, 6737646318, 8776681976, 8776681970, 8776681971, 8776681993, 8776681906, 5253301651, 8776681948, 664958815, 664958832, 8776681954, 2361706393, 2361706198], 89.10000000000002]
[[9645871589, 9645871588, 9645864972, 9645864971, 9645871586, 9645871587, 9645871583, 9651855956, 8776681899, 8776681896, 664958870, 9645871545, 9645871546, 664958868, 8776681967, 8776681992, 8776681935, 664958891, 8776681971, 8776681993, 8776681906, 5253301651, 8776681948, 664958815, 664958832, 8776681954, 2361706393, 2361706198], 89.10000000000002]
