[[664958780, 9645871542, 9645871523, 4391404646, 4391404647, 9645871576, 8776681905, 9645871518, 9645864973, 9645864971, 9645871585, 8776681923, 9645871558, 8776681907, 9645871553, 8776681987, 8776681935, 8776681992, 8776681967, 664958868, 9645871546, 9645871545, 664958870, 8776681896, 8776681899, 664958780], 88.9]
[[664958780, 9645871542, 9645871523, 4391404646, 4391404647, 9645871576, 8776681905, 9645871518, 9645864973, 9645864971, 9645871585, 8776681923, 9645871558, 8776681907, 9645871553, 8776681987, 8776681935, 8776681970, 8776681976, 6737646318, 8776681969, 664958868, 9645871546, 9645871545, 664958870, 8776681896, 8776681899, 664958780], 88.9]
[[664958780, 9645871542, 9645871523, 4391404646, 4391404647, 9645871576, 8776681905, 9645871518, 9645864973, 9645864974, 9645864972, 9645871584, 664958776, 9645871582, 6737646324, 9645871552, 8148711963, 8776681986, 9645871570, 664958891, 8776681935, 8776681992, 8776681967, 664958868, 9645871546, 9645871545, 664958870, 8776681896, 8776681899, 664958780], 88.9]
[[664958780, 9645871542, 9645871523, 4391404646, 4391404647, 9645871576, 8776681905, 9645871518, 9645864973, 9645864974, 9645864972, 9645871584, 664958776, 9645871582, 6737646324, 9645871552, 8148711963, 8776681986, 9645871570, 664958891, 8776681971, 8776681970, 8776681976, 6737646318, 8776681969, 664958868, 9645871546, 9645871545, 664958870, 8776681896, 8776681899, 664958780], 88.9]
[[664958799, 8635018153, 8776681973, 8776681972, 664958799], 88.9]
[[664958815, 8776681931, 664958816, 8776681942, 6737646316, 8776682042, 3960223222, 8776682048, 8776682041, 5253301622, 5253301617, 8776681969, 664958868, 8776681967, 8776681992, 8776681935, 664958891, 8776681971, 8776681993, 8776681906, 5253301651, 8776681948, 664958815], 271.2]
[[664958815, 8776681931, 664958816, 8776681942, 6737646316, 8776682042, 3960223222, 8776682048, 8776682041, 5253301622, 5253301617, 8776681969, 6737646318, 8776681976, 8776681970, 8776681971, 8776681993, 8776681906, 5253301651, 8776681948, 664958815], 271.2]
[[664958815, 8776681931, 664958816, 8776681942, 6737646316, 8776682042, 3960223222, 2240236696, 8776682036, 5253301599, 5253301572, 8776681968, 664958886, 664958868, 8776681967, 8776681992, 8776681935, 664958891, 8776681971, 8776681993, 8776681906, 5253301651, 8776681948, 664958815], 271.2]
[[664958815, 8776681931, 664958816, 8776681942, 6737646316, 8776682042, 3960223222, 2240236696, 8776682036, 5253301599, 5253301572, 8776681968, 8776681969, 6737646318, 8776681976, 8776681970, 8776681971, 8776681993, 8776681906, 5253301651, 8776681948, 664958815], 271.2]
[[664958832, 664958831, 8776681949, 8776682061, 2240236693, 2274887224, 2240236696, 8776682036, 5253301599, 5253301572, 8776681968, 664958886, 664958868, 8776681967, 8776681992, 8776681935, 664958891, 8776681971, 8776681993, 8776681906, 5253301651, 8776681948, 664958815, 664958832], 274.2]
[[664958832, 664958831, 8776681949, 8776682061, 2240236693, 2274887224, 2240236696, 8776682036, 5253301599, 5253301572, 8776681968, 8776681969, 6737646318, 8776681976, 8776681970, 8776681971, 8776681993, 8776681906, 5253301651, 8776681948, 664958815, 664958832], 274.2]
[[664958868, 8776681969, 8776681968, 664958886, 664958868], 170.0]
[[664958868, 8776681967, 8776681992, 8776681935, 664958891, 8776681971, 8776681993, 8776681906, 5253301651, 8776681948, 664958815, 8776681931, 664958816, 8776681942, 6737646316, 8776682042, 3960223222, 8776682048, 8776682041, 5253301622, 5253301617, 8776681969, 664958868], 88.9]
[[664958868, 8776681967, 8776681992, 8776681935, 664958891, 8776681971, 8776681993, 8776681906, 5253301651, 8776681948, 664958815, 664958832, 8776681954, 2361706393, 2361706198, 8522945716, 8776682055, 2240236693, 3960223222, 8776682048, 8776682041, 5253301622, 5253301617, 8776681969, 664958868], 88.9]
[[664958868, 8776681967, 8776681992, 8776681935, 8776681970, 8776681929, 8776681981, 3807006870, 8776681930, 8776681938, 8776681931, 664958816, 8776681942, 6737646316, 8776682042, 3960223222, 8776682048, 8776682041, 5253301622, 5253301617, 8776681969, 664958868], 88.9]
[[664958886, 664958868, 8776681967, 8776681992, 8776681935, 664958891, 8776681971, 8776681993, 8776681906, 5253301651, 8776681948, 664958815, 8776681931, 664958816, 8776681942, 6737646316, 8776682042, 3960223222, 2240236696, 8776682036, 5253301599, 5253301572, 8776681968, 664958886], 88.5]
[[664958886, 664958868, 8776681967, 8776681992, 8776681935, 664958891, 8776681971, 8776681993, 8776681906, 5253301651, 8776681948, 664958815, 664958832, 664958831, 8776681949, 8776682061, 2240236693, 2274887224, 2240236696, 8776682036, 5253301599, 5253301572, 8776681968, 664958886], 88.5]
[[664958886, 664958868, 8776681967, 8776681992, 8776681935, 8776681970, 8776681929, 8776681981, 3807006870, 8776681930, 8776681938, 8776681931, 664958816, 8776681942, 6737646316, 8776682042, 3960223222, 2240236696, 8776682036, 5253301599, 5253301572, 8776681968, 664958886], 88.5]
[[664958891, 8776681935, 8776681992, 8776681967, 664958868, 9645871546, 9645871545, 664958870, 8776681896, 8776681899, 664958780, 9645871542, 9645871523, 4391404646, 4391404647, 9645871576, 8776681905, 9645871518, 9645864973, 9645864974, 9645864972, 9645871584, 664958776, 9645871582, 6737646324, 9645871552, 8148711963, 8776681986, 9645871570, 664958891], 269.2]
[[664958891, 8776681935, 8776681992, 8776681967, 664958868, 9645871546, 9645871545, 664958870, 8776681896, 8776681899, 9651855956, 9645871583, 9645871587, 9645871586, 9645864971, 9645864972, 9645871584, 664958776, 9645871582, 6737646324, 9645871552, 8148711963, 8776681986, 9645871570, 664958891], 269.2]
[[2240236696, 8776682036, 5253301599, 5253301572, 8776681968, 664958886, 664958868, 8776681967, 8776681992, 8776681935, 664958891, 8776681982, 664958799, 8635018153, 8486054670, 8776681966, 6796972958, 6796972925, 6796972959, 8776681865, 6796972922, 6796972960, 8776681880, 664958808, 664958811, 8635018161, 8635018119, 8635018123, 8776681943, 664958815, 8776681931, 664958816, 8776681942, 6737646316, 8776682042, 3960223222, 2240236696], 353.0]
[[2240236696, 8776682036, 5253301599, 5253301572, 8776681968, 664958886, 664958868, 8776681967, 8776681992, 8776681935, 664958891, 8776681982, 664958799, 8635018153, 8486054670, 8776681966, 8776681974, 8486054549, 8776681873, 664958807, 6796972960, 8776681880, 664958808, 664958811, 8635018161, 8635018119, 8635018123, 8776681943, 664958815, 8776681931, 664958816, 8776681942, 6737646316, 8776682042, 3960223222, 2240236696], 353.0]
[[2240236696, 8776682036, 5253301599, 5253301572, 8776681968, 8776681969, 6737646318, 8776681976, 8776681970, 8776681971, 8776681997, 8776681972, 8776681973, 8776665398, 8776681974, 8486054549, 8776681873, 664958807, 6796972960, 8776681880, 664958808, 664958811, 8635018161, 8635018119, 8635018123, 8776681943, 664958815, 8776681931, 664958816, 8776681942, 6737646316, 8776682042, 3960223222, 2240236696], 353.0]
[[2240236696, 8776682036, 5253301599, 5253301572, 8776681968, 8776681969, 6737646318, 8776681976, 8776681970, 8776681971, 8776681997, 8776681972, 8776681973, 8776665398, 8776681974, 6796972925, 6796972959, 8776681865, 6796972922, 6796972960, 8776681880, 664958808, 664958811, 8635018161, 8635018119, 8635018123, 8776681943, 664958815, 8776681931, 664958816, 8776681942, 6737646316, 8776682042, 3960223222, 2240236696], 353.0]
[[2274887224, 2240236696, 8776682036, 5253301599, 5253301572, 8776681968, 664958886, 664958868, 8776681967, 8776681992, 8776681935, 664958891, 8776681982, 664958799, 8635018153, 8486054670, 8776681966, 6796972958, 6796972925, 6796972959, 8776681865, 6796972922, 6796972921, 6796972961, 8776681881, 664958834, 8776681959, 664958832, 664958831, 8776681949, 8776682061, 2240236693, 2274887224], 356.0]
[[2274887224, 2240236696, 8776682036, 5253301599, 5253301572, 8776681968, 664958886, 664958868, 8776681967, 8776681992, 8776681935, 664958891, 8776681982, 664958799, 8635018153, 8486054670, 8776681966, 8776681974, 8486054549, 8776681873, 664958807, 6796972960, 6796972961, 8776681881, 664958834, 8776681959, 664958832, 664958831, 8776681949, 8776682061, 2240236693, 2274887224], 356.0]
[[2274887224, 2240236696, 8776682036, 5253301599, 5253301572, 8776681968, 8776681969, 6737646318, 8776681976, 8776681970, 8776681971, 8776681997, 8776681972, 8776681973, 8776665398, 8776681974, 8486054549, 8776681873, 664958807, 6796972960, 6796972961, 8776681881, 664958834, 8776681959, 664958832, 664958831, 8776681949, 8776682061, 2240236693, 2274887224], 356.0]
[[2274887224, 2240236696, 8776682036, 5253301599, 5253301572, 8776681968, 8776681969, 6737646318, 8776681976, 8776681970, 8776681971, 8776681997, 8776681972, 8776681973, 8776665398, 8776681974, 6796972925, 6796972959, 8776681865, 6796972922, 6796972921, 6796972961, 8776681881, 664958834, 8776681959, 664958832, 664958831, 8776681949, 8776682061, 2240236693, 2274887224], 356.0]
[[2274887273, 3730449784, 3730453553, 3730453555, 2274887274, 3730447405, 3730453554, 2362306055, 3730449783, 1755866361, 3730461049, 2274887273], 268.5]
[[2362283910, 2362283898, 2362296663, 2362284027, 2362283914, 2362296630, 2362283910], 324.6]
[[2362283983, 2362283923, 2362283898, 2362296663, 2362284027, 2362283914, 2362296630, 2362283910, 2362283983], 324.2]
[[2362284027, 2362283914, 2362296630, 2362283910, 2362283983, 2362283923, 2362283898, 2362296663, 2362284027], 145.2]
[[2362284027, 2362283914, 2362296630, 2362283910, 2362283898, 2362296663, 2362284027], 145.2]
[[2370801661, 9207679434, 9748293308, 9748293306, 9748293309, 9748293310, 9748293304, 9748293305, 9207679476, 2370801686, 9207679475, 6327148607, 6327148608, 2370801661], 197.5]
[[2660964898, 9221078639, 4987922448, 4987922446, 4923807663, 4987922454, 4987922455, 4987922453, 4987922428, 4923802073, 4923799420, 4923807633, 4923799047, 4923807632, 4923807089, 4987984451, 4987922359, 4923800291, 4987922361, 4987922384, 4987922386, 4987922381, 4987922379, 4987922378, 9221078631, 9221078630, 9221078632, 9221077149, 9221077148, 9221077150, 2660964898], 105.4]
[[2660964898, 9221078639, 4987922448, 4987922446, 4923807663, 4987922454, 4987922455, 4987922453, 4987922428, 4923802073, 4923799420, 4923807633, 4923799047, 4923807632, 4923807089, 4987984451, 4987922359, 4923800291, 4987922361, 4987922384, 4987922386, 4987922381, 4987922379, 4987922378, 9221078631, 9221078630, 9221078632, 9221077149, 9221077148, 9221077150, 2660964898], 105.4]
[[2660964898, 9221078639, 4987922448, 4987922446, 4923807663, 4987922454, 4987922455, 4987922453, 4987922428, 4923802073, 4923799420, 4923807633, 4923799047, 4923807632, 4923807089, 4987984451, 4987922359, 4923800291, 4987922361, 4987922384, 4987922386, 4987922381, 4987922377, 9221078633, 9221078632, 9221077149, 9221077148, 9221077150, 2660964898], 105.4]
[[2660964898, 9221078639, 4987922448, 4987922446, 4923807663, 4987922454, 4987922455, 4987922453, 4987922428, 4923802073, 4923799420, 4923807633, 4923799047, 4923807632, 4923807089, 4987984451, 4987922359, 4923800291, 4987922361, 4987922384, 4987922386, 4987922381, 4987922377, 9221078633, 9221078632, 9221077149, 9221077148, 9221077150, 2660964898], 105.4]
[[3392521336, 3392521355, 3392521373, 3392521388, 3392521336], 232.4]
[[3392521373, 3392521388, 3392521336, 3392521355, 3392521373], 54.5]
[[3730447405, 3730453554, 2362306055, 3730449783, 1755866361, 3730461049, 2274887273, 3730449784, 3730453553, 3730453555, 2274887274, 3730447405], 93.5]
[[3730447406, 3730447408, 3730447405, 3730453554, 2362306055, 3730449783, 3730449784, 3730453553, 3730453555, 2274887274, 3889198612, 3889198611, 3730447407, 3730447406], 93.5]
[[3730447406, 3730447408, 3730447405, 3730453554, 2362306055, 3730453553, 3730453555, 2274887274, 3889198612, 3889198611, 3730447407, 3730447406], 93.5]
[[3730447408, 3730447405, 3730453554, 2362306055, 3730449783, 1755866361, 3730461049, 2274887273, 3730449784, 3730453553, 3730453555, 2274887274, 3889198612, 3889198611, 3730447408], 93.5]
[[3730447408, 3730447405, 3730453554, 2362306055, 3730449783, 3730449784, 3730453553, 3730453555, 2274887274, 3889198612, 3889198611, 3730447408], 93.5]
[[3730447408, 3730447405, 3730453554, 2362306055, 3730453553, 3730453555, 2274887274, 3889198612, 3889198611, 3730447408], 93.5]
[[3730449784, 3730453553, 3730453555, 2274887274, 3889198612, 3889198611, 3730447408, 3730447405, 3730453554, 2362306055, 3730449783, 3730449784], 268.6]
[[3730449784, 3730453553, 3730453555, 2274887274, 3889198612, 3889198611, 3730447407, 3730447406, 3730447408, 3730447405, 3730453554, 2362306055, 3730449783, 3730449784], 268.6]
[[3730453553, 3730453555, 2274887274, 3889198612, 3889198611, 3730447408, 3730447405, 3730453554, 2362306055, 3730453553], 268.6]
[[3730453553, 3730453555, 2274887274, 3889198612, 3889198611, 3730447407, 3730447406, 3730447408, 3730447405, 3730453554, 2362306055, 3730453553], 268.6]
[[3730453553, 3730453555, 2274887274, 3889198612, 3889198611, 3730447407, 8635018128, 8635018145, 8635018143, 8635018129, 3730447406, 3730447408, 3730447405, 3730453554, 2362306055, 3730453553], 268.6]
[[3730453555, 2274887274, 3889198612, 3889198611, 3730447407, 3730447406, 3730447408, 3730447405, 3730453554, 3730453555], 270.0]
[[3730453555, 2274887274, 3889198612, 3889198611, 3730447407, 8635018128, 8635018145, 8635018143, 8635018129, 3730447406, 3730447408, 3730447405, 3730453554, 3730453555], 270.0]
[[3960223222, 8776682048, 8776682041, 5253301622, 5253301617, 8776681969, 664958868, 8776681967, 8776681992, 8776681935, 664958891, 8776681982, 664958799, 8635018153, 8486054670, 8776681966, 6796972958, 6796972925, 6796972959, 8776681865, 6796972922, 6796972960, 8776681880, 664958808, 664958811, 8635018161, 8635018119, 8635018123, 8776681943, 664958815, 8776681931, 664958816, 8776681942, 6737646316, 8776682042, 3960223222], 354.4]
[[3960223222, 8776682048, 8776682041, 5253301622, 5253301617, 8776681969, 664958868, 8776681967, 8776681992, 8776681935, 664958891, 8776681982, 664958799, 8635018153, 8486054670, 8776681966, 8776681974, 8486054549, 8776681873, 664958807, 6796972960, 8776681880, 664958808, 664958811, 8635018161, 8635018119, 8635018123, 8776681943, 664958815, 8776681931, 664958816, 8776681942, 6737646316, 8776682042, 3960223222], 354.4]
[[3960223222, 8776682048, 8776682041, 5253301622, 5253301617, 8776681969, 6737646318, 8776681976, 8776681970, 8776681971, 8776681997, 8776681972, 8776681973, 8776665398, 8776681974, 8486054549, 8776681873, 664958807, 6796972960, 8776681880, 664958808, 664958811, 8635018161, 8635018119, 8635018123, 8776681943, 664958815, 8776681931, 664958816, 8776681942, 6737646316, 8776682042, 3960223222], 354.4]
[[3960223222, 8776682048, 8776682041, 5253301622, 5253301617, 8776681969, 6737646318, 8776681976, 8776681970, 8776681971, 8776681997, 8776681972, 8776681973, 8776665398, 8776681974, 6796972925, 6796972959, 8776681865, 6796972922, 6796972960, 8776681880, 664958808, 664958811, 8635018161, 8635018119, 8635018123, 8776681943, 664958815, 8776681931, 664958816, 8776681942, 6737646316, 8776682042, 3960223222], 354.4]
[[4923799380, 4987984503, 4987922415, 4923806996, 4987922416, 4923799380], 117.4]
[[4923800281, 4987922384, 4987922361, 4923800291, 4987922359, 4987984451, 4923807089, 4923807632, 4923799047, 4923807633, 4923799420, 4923802073, 4987922421, 4987922422, 4987922365, 4987922366, 4923800281], 296.9]
[[4923800285, 4923800287, 4923800293, 4987984449, 4923807089, 4987922365, 4987922366, 4923800281, 4987922384, 4923800285], 27.0]
[[4923800293, 4987984449, 4987984448, 4923802724, 4923802073, 4987922421, 4987922422, 4987922365, 4987922366, 4987984451, 4923800293], 27.0]
[[4923800306, 4923864480, 4987883381, 4923805575, 4923800305, 4923800306], 207.7]
[[4923802073, 4987922421, 4987922422, 4987922365, 4987922366, 4923800281, 4987922384, 4987922361, 4923800291, 4987922359, 4987984451, 4923807089, 4923807632, 4923799047, 4923807633, 4923799420, 4923802073], 117.4]
[[4923802722, 4923800013, 4987984458, 4987922395, 4923799985, 4923802721, 4923802722], 207.0]
[[4923802724, 4923802073, 4923799420, 4923807633, 4923799047, 4923807632, 4923807089, 4987984451, 4987922359, 4923800291, 4987922361, 4987922384, 4923800285, 4923800287, 4923800293, 4987984449, 4987984448, 4923802724], 117.4]
[[4923803770, 4987984457, 4987984454, 4987984455, 4987884226, 4923807081, 4923803736, 4923807662, 4923804068, 4987983337, 4987983336, 4987983335, 4923803770], 207.2]
[[4923803770, 4987984457, 4987984454, 4987884228, 4987884229, 4923804068, 4987983337, 4987983336, 4987983335, 4923803770], 207.2]
[[4923804068, 4987983337, 4987983336, 4987983335, 4923803770, 4987984457, 4987984454, 4987884228, 4987884229, 4923804068], 28.4]
[[4923804237, 4987984496, 4923808772, 4923804243, 4923804237], 207.6]
[[4923804239, 4923804237, 4923804243, 4923808802, 4923804239], 207.6]
[[4923804239, 4923804237, 4987984496, 4923808772, 4987883411, 4987883412, 4987883413, 4923808802, 4923804239], 207.6]
[[4923804243, 4923808772, 4987883411, 4987883412, 4923804243], 207.5]
[[4923804243, 4923808802, 4923804239, 4923804237, 4923804243], 27.5]
[[4923805069, 4923805575, 4987883381, 4923804453, 4987910570, 4923805069], 27.1]
[[4923805575, 4923800305, 4923800306, 4923864480, 4987883381, 4923805575], 27.1]
[[4923806652, 4923806788, 4923806785, 4923806844, 4987994228, 4923806846, 4923806652], 88.2]
[[4923806661, 4987994238, 4987994239, 4923806844, 4987994228, 4923806676, 4923806678, 4987984480, 4923806658, 4987984476, 4987984478, 4923806661], 177.7]
[[4923806661, 4987994238, 4987994239, 4923806844, 4987994228, 4923806846, 4923806652, 4987984476, 4987984478, 4923806661], 177.7]
[[4923806671, 4923806672, 4923806794, 4923806698, 4923806671], 358.4]
[[4923806671, 4923806672, 4923806674, 4923806834, 4987994240, 4987984438, 4987994226, 4923806698, 4923806671], 358.4]
[[4923806672, 4923806674, 4923806834, 4923806794, 4923806672], 358.4]
[[4923806672, 4923806674, 4923806676, 4987994228, 4923806844, 4987994239, 4987994240, 4987984438, 4923806794, 4923806672], 358.4]
[[4923806674, 4923806676, 4987994228, 4923806844, 4923806834, 4923806674], 358.4]
[[4923806674, 4923806676, 4923806678, 4987984480, 4923806652, 4923806788, 4987994238, 4987994239, 4987994240, 4923806834, 4923806674], 358.4]
[[4923806676, 4987994228, 4923806844, 4923806834, 4923806794, 4923806698, 4923806671, 4923806672, 4923806674, 4923806676], 87.5]
[[4923806676, 4923806678, 4923806846, 4987994228, 4923806676], 358.4]
[[4923806676, 4923806678, 4987984480, 4923806652, 4923806788, 4923806785, 4923806844, 4987994228, 4923806676], 358.4]
[[4923806676, 4923806678, 4987984480, 4923806658, 4987984476, 4987984478, 4923806661, 4987994238, 4987994239, 4923806844, 4987994228, 4923806676], 358.4]
[[4923806678, 4987984480, 4923806652, 4923806846, 4923806678], 358.4]
[[4923806698, 4923806671, 4923806672, 4923806674, 4923806676, 4987994228, 4923806844, 4923806834, 4923806794, 4923806698], 269.6]
[[4923806698, 4923806671, 4923806672, 4923806674, 4923806676, 4923806678, 4987984480, 4923806652, 4923806788, 4923806785, 4923806844, 4923806834, 4923806794, 4923806698], 269.6]
[[4923806698, 4923806794, 4987984438, 4987994226, 4923806698], 357.6]
[[4923806788, 4987994238, 4987994239, 4987994240, 4987984438, 4923806794, 4923806834, 4923806844, 4923806785, 4923806788], 88.2]
[[4923806788, 4987994238, 4987994239, 4987994240, 4987984438, 4987994226, 4923806698, 4923806794, 4923806834, 4923806844, 4923806785, 4923806788], 88.2]
[[4923806788, 4923806785, 4923806844, 4987994228, 4923806676, 4923806678, 4987984480, 4923806652, 4923806788], 177.8]
[[4923806794, 4923806672, 4923806674, 4923806676, 4923806678, 4987984480, 4923806652, 4923806788, 4923806785, 4923806844, 4923806834, 4923806794], 267.5]
[[4923806794, 4923806698, 4923806671, 4923806672, 4923806794], 177.6]
[[4923806794, 4923806834, 4987994240, 4987984438, 4923806794], 357.7]
[[4923806834, 4923806794, 4923806672, 4923806674, 4923806834], 177.7]
[[4923806834, 4923806844, 4987994239, 4987994240, 4923806834], 357.7]
[[4923806844, 4987994239, 4987994240, 4987984438, 4987994226, 4923806698, 4923806794, 4923806834, 4923806844], 87.5]
[[4923806844, 4987994228, 4923806846, 4923806652, 4923806788, 4923806785, 4923806844], 267.7]
[[4923806844, 4923806785, 4923806788, 4987994238, 4987994239, 4923806844], 357.8]
[[4923806844, 4923806834, 4923806674, 4923806676, 4987994228, 4923806844], 177.7]
[[4923806846, 4987994228, 4923806676, 4923806678, 4923806846], 178.1]
[[4923806965, 4987984437, 5960541503, 5960541502, 4923806965], 28.5]
[[4923806996, 4987922415, 4987922412, 4987922431, 2565693923, 4923806996], 117.6]
[[4923807080, 4987984474, 4923807077, 4987994235, 4987994234, 4987984498, 4923804239, 4923808802, 4923808216, 4987883418, 4987884221, 4923807068, 4923807080], 193.4]
[[4923807662, 4923804068, 4987983337, 4987983336, 4987983335, 4923803770, 4987984457, 4987984454, 4987984455, 4987884226, 4923807081, 4923803736, 4923807662], 28.4]
[[4923808216, 4923808802, 4987883413, 4987883414, 4923808216], 207.5]
[[4923808216, 4987883418, 4987884221, 4987984431, 4923808204, 4923808216], 27.5]
[[4923808772, 4987883411, 4987883412, 4987883413, 4987883414, 4923808813, 4987883415, 4987883417, 4987883418, 4923808216, 4923808802, 4923804243, 4923808772], 297.8]
[[4923808772, 4987984508, 4923806633, 4987883410, 4987883411, 4923808772], 207.5]
[[4923808772, 4923804243, 4923804237, 4987984496, 4923808772], 27.5]
[[4923808802, 4923804243, 4987883412, 4987883413, 4923808802], 207.5]
[[4923808802, 4923808216, 4987883418, 4987884221, 4923807068, 4923807080, 4987984474, 4923807077, 4987994235, 4987994234, 4987984498, 4923804239, 4923808802], 27.5]
[[4923808802, 4923808216, 4923808204, 4987984431, 4923804239, 4923808802], 27.5]
[[4923808813, 4987883415, 4987883417, 4987883418, 4923808216, 4923808802, 4923804243, 4923808772, 4987883411, 4987883412, 4987883413, 4987883414, 4923808813], 117.2]
[[4923808813, 4987883415, 4987883417, 4987883418, 4923808216, 4923808802, 4923804243, 4923808772, 4987984508, 4923806633, 4987883410, 4987883411, 4987883412, 4987883413, 4987883414, 4923808813], 117.2]
[[4987883381, 4923804453, 4987910570, 4923805069, 4923805575, 4987883381], 207.7]
[[4987883388, 4987883389, 4987883393, 4987984434, 4923804453, 4987883381, 4923864480, 4923800306, 4987883388], 117.8]
[[4987883410, 4987883411, 4923808772, 4987984508, 4923806633, 4987883410], 27.7]
[[4987883410, 4987883411, 4987883412, 4987883413, 4923808802, 4923804239, 4987984498, 4987984486, 4987984499, 4923807099, 4923807575, 4987984508, 4923806633, 4987883410], 27.7]
[[4987883411, 4987883412, 4923804243, 4923808772, 4987883411], 27.7]
[[4987883411, 4987883412, 4987883413, 4923808802, 4923804239, 4987984498, 4987984486, 4987984499, 4923807099, 4987984496, 4923808772, 4987883411], 27.7]
[[4987883411, 4987883412, 4987883413, 4923808802, 4923804239, 4923804237, 4987984496, 4923808772, 4987883411], 27.7]
[[4987883411, 4987883412, 4987883413, 4987883414, 4923808216, 4923808204, 4987984431, 4923804239, 4923804237, 4987984496, 4923808772, 4987883411], 27.7]
[[4987883412, 4987883413, 4923808802, 4923804243, 4987883412], 27.7]
[[4987883412, 4987883413, 4987883414, 4923808216, 4923808204, 4987984431, 4923804239, 4923804237, 4923804243, 4987883412], 27.7]
[[4987883413, 4987883414, 4923808813, 4987883415, 4987883417, 4987883418, 4987884221, 4987984431, 4923804239, 4923808802, 4987883413], 27.7]
[[4987883413, 4987883414, 4923808216, 4923808802, 4987883413], 27.7]
[[4987883414, 4923808813, 4987883415, 4987883417, 4987883418, 4923808216, 4987883414], 27.7]
[[4987883414, 4923808216, 4923808802, 4923804243, 4923808772, 4987984508, 4923806633, 4987883410, 4987883411, 4987883412, 4987883413, 4987883414], 117.7]
[[4987883418, 4923808216, 4987883414, 4923808813, 4987883415, 4987883417, 4987883418], 207.5]
[[4987883418, 4987884221, 4987984431, 4923804239, 4923804237, 4987984496, 4923808772, 4923804243, 4923808802, 4923808216, 4987883418], 117.3]
[[4987884221, 4987984431, 4923808204, 4923808216, 4987883418, 4987884221], 207.6]
[[4987884221, 4987984431, 4923804239, 4923808802, 4987883413, 4987883414, 4923808813, 4987883415, 4987883417, 4987883418, 4987884221], 207.6]
[[4987884254, 2309763624, 4987884252, 4987884253, 4987884254], 18.8]
[[4987922365, 4987922366, 4923800281, 4987922384, 4923800285, 4923800287, 4923800293, 4987984449, 4923807089, 4987922365], 207.5]
[[4987922369, 4987984468, 4987984470, 4987984465, 4923794911, 4987922369], 206.7]
[[4987922379, 4987922378, 9221078631, 9221078630, 9221078632, 9221077149, 9221077148, 9221077150, 2660964898, 9221078639, 4987922448, 4987922446, 4923807663, 4987922454, 4987922455, 4987922453, 4987922428, 4923802073, 4923799420, 4923807633, 4923799047, 4923807632, 4923807089, 4987984451, 4987922359, 4923800291, 4987922361, 4987922384, 4987922386, 4987922381, 4987922379], 297.3]
[[4987922379, 4987922378, 9221078631, 9221078633, 9221077164, 9221077165, 9221077166, 9221078638, 9221078639, 4987922448, 4987922446, 4923807663, 4987922454, 4987922455, 4987922453, 4987922428, 4923802073, 4923799420, 4923807633, 4923799047, 4923807632, 4923807089, 4987984451, 4987922359, 4923800291, 4987922361, 4987922384, 4987922386, 4987922381, 4987922379], 297.3]
[[4987922381, 4987922377, 9221078633, 9221078632, 9221077149, 9221077148, 9221077150, 2660964898, 9221078639, 4987922448, 4987922446, 4923807663, 4987922454, 4987922455, 4987922453, 4987922428, 4923802073, 4923799420, 4923807633, 4923799047, 4923807632, 4923807089, 4987984451, 4987922359, 4923800291, 4987922361, 4987922384, 4987922386, 4987922381], 297.2]
[[4987922381, 4987922377, 9221078633, 9221077164, 9221077165, 9221077166, 9221078638, 9221078639, 4987922448, 4987922446, 4923807663, 4987922454, 4987922455, 4987922453, 4987922428, 4923802073, 4923799420, 4923807633, 4923799047, 4923807632, 4923807089, 4987984451, 4987922359, 4923800291, 4987922361, 4987922384, 4987922386, 4987922381], 297.2]
[[4987922384, 4923800285, 4923800287, 4923800293, 4987984449, 4987984448, 4923802724, 4923802073, 4923799420, 4923807633, 4923799047, 4923807632, 4923807089, 4987984451, 4987922359, 4923800291, 4987922361, 4987922384], 297.3]
[[4987922395, 4923799985, 4923802721, 4923802722, 4923800013, 4987984458, 4987922395], 27.1]
[[4987922412, 4923807044, 4987922410, 4987922409, 4987994233, 4987922437, 4987922433, 4987922431, 4987922412], 115.7]
[[4987922415, 4923806996, 4987922416, 4923799380, 4987984503, 4987922415], 297.6]
[[4987922416, 4923807055, 4987883403, 4987984505, 4923799380, 4987922416], 297.6]
[[4987922421, 4987922422, 4987922365, 4987922366, 4987984451, 4923800293, 4987984449, 4987984448, 4923802724, 4923802073, 4987922421], 207.5]
[[4987922431, 2565693923, 4923806996, 4987922415, 4987922412, 4987922431], 296.7]
[[4987922433, 4987922431, 4987922412, 4923807044, 4987922410, 4987922409, 4923807022, 4987984442, 4987984440, 4987922439, 4987922437, 4987922433], 27.3]
[[4987922437, 4987994233, 4987984440, 4987922439, 4987922437], 27.5]
[[4987922437, 4987922433, 4987922431, 4987922412, 4923807044, 4987922410, 4987922409, 4987994233, 4987922437], 297.6]
[[4987922455, 4987922454, 4987922452, 4987922456, 4923805067, 4987910569, 4987983335, 4987983336, 4987983337, 4923804068, 4923807662, 4987922449, 4987922455], 27.7]
[[4987983335, 4987983336, 4987983337, 4923804068, 4923807662, 4987922449, 4987922455, 4987922454, 4987922452, 4987922456, 4923805067, 4987910569, 4987983335], 208.4]
[[4987984431, 4923804239, 4923808802, 4923808216, 4923808204, 4987984431], 207.6]
[[4987984431, 4923804239, 4923804237, 4923804243, 4987883412, 4987883413, 4987883414, 4923808216, 4923808204, 4987984431], 207.6]
[[4987984434, 4923804453, 4987883381, 4923864480, 4923800306, 4987883388, 4987883389, 4987883393, 4987984434], 298.2]
[[4987984434, 4987883393, 4987984515, 4987984514, 4987984434], 27.6]
[[4987984438, 4923806794, 4923806834, 4923806844, 4923806785, 4923806788, 4987994238, 4987994239, 4987994240, 4987984438], 267.5]
[[4987984438, 4987994226, 4923806698, 4923806794, 4987984438], 177.5]
[[4987984440, 4987922439, 4987922437, 4987994233, 4987984440], 207.0]
[[4987984442, 4987984440, 4987922439, 4987922437, 4987922433, 4987922431, 4987922412, 4923807044, 4987922410, 4987922409, 4923807022, 4987984442], 207.0]
[[4987984476, 4923806652, 4987984480, 4923806658, 4987984476], 178.1]
[[4987984480, 4923806652, 4923806788, 4923806785, 4923806844, 4923806834, 4923806794, 4923806672, 4923806674, 4923806676, 4923806678, 4987984480], 88.2]
[[4987984480, 4923806652, 4923806788, 4923806785, 4923806844, 4923806834, 4923806794, 4923806698, 4923806671, 4923806672, 4923806674, 4923806676, 4923806678, 4987984480], 88.2]
[[4987984480, 4923806658, 4987984476, 4923806652, 4987984480], 358.4]
[[4987984496, 4923808772, 4923804243, 4923808802, 4923808216, 4987883418, 4987884221, 4987984431, 4923804239, 4923804237, 4987984496], 297.8]
[[4987984498, 4987984486, 4987984499, 4923807099, 4987984496, 4923808772, 4987883411, 4987883412, 4987883413, 4923808802, 4923804239, 4987984498], 204.3]
[[4987984498, 4987984486, 4987984499, 4923807099, 4923807575, 4987984508, 4923806633, 4987883410, 4987883411, 4987883412, 4987883413, 4923808802, 4923804239, 4987984498], 204.3]
[[4987984505, 4923799380, 4987922416, 4923807055, 4987883403, 4987984505], 117.4]
[[4987984506, 4987984505, 4987883403, 4987883408, 4987984506], 117.4]
[[4987984508, 4923806633, 4987883410, 4987883411, 4987883412, 4987883413, 4987883414, 4923808813, 4987883415, 4987883417, 4987883418, 4923808216, 4923808802, 4923804243, 4923808772, 4987984508], 297.0]
[[4987984508, 4923806633, 4987883410, 4987883411, 4987883412, 4987883413, 4987883414, 4923808216, 4923808802, 4923804243, 4923808772, 4987984508], 297.0]
[[4987984515, 4987984514, 4987984434, 4987883393, 4987984515], 208.4]
[[4987994226, 4923806698, 4923806794, 4923806834, 4923806844, 4987994239, 4987994240, 4987984438, 4987994226], 269.6]
[[4987994226, 4923806698, 4923806794, 4923806834, 4923806844, 4923806785, 4923806788, 4987994238, 4987994239, 4987994240, 4987984438, 4987994226], 269.6]
[[4987994228, 4923806846, 4923806652, 4923806788, 4987994238, 4987994239, 4923806844, 4987994228], 358.1]
[[4987994228, 4923806846, 4923806652, 4987984476, 4987984478, 4923806661, 4987994238, 4987994239, 4923806844, 4987994228], 358.1]
[[4987994238, 4987994239, 4923806844, 4923806785, 4923806788, 4987994238], 177.7]
[[4987994238, 4987994239, 4987994240, 4923806834, 4923806674, 4923806676, 4923806678, 4987984480, 4923806652, 4923806788, 4987994238], 177.7]
[[4987994239, 4987994240, 4923806834, 4923806844, 4987994239], 177.7]
[[4987994239, 4987994240, 4987984438, 4923806794, 4923806672, 4923806674, 4923806676, 4987994228, 4923806844, 4987994239], 177.7]
[[4987994240, 4987984438, 4923806794, 4923806834, 4987994240], 177.8]
[[4987994240, 4987984438, 4987994226, 4923806698, 4923806671, 4923806672, 4923806674, 4923806834, 4987994240], 177.8]
[[5253301548, 8148762075, 8148762074, 6737633461, 8148762072, 8148762073, 5253301548], 268.0]
[[5960541503, 5960541502, 4923806965, 4987984437, 5960541503], 196.8]
[[6222350326, 8486054912, 8486054641, 1992846527, 6222350326], 212.5]
[[6327148609, 6327148610, 5185101623, 9748293230, 9748293229, 9748284589, 9748293234, 9748284591, 2368698899, 6327148609], 186.6]
[[6737626332, 6737633444, 6737633445, 6737633446, 6737626332], 94.5]
[[6760840116, 6760840119, 6760840117, 6760840118, 6760840120, 6760840115, 6760840116], 30.5]
[[6760840118, 6760840120, 6760840115, 6760840116, 6760840119, 6760840117, 6760840118], 220.2]
[[6760840119, 6760840117, 6760840121, 6760840122, 6760840118, 6760840120, 6760840119], 30.5]
[[6760840122, 6760840118, 6760840120, 6760840119, 6760840117, 6760840121, 6760840122], 224.0]
[[8148762074, 6737633461, 8148762072, 8148762073, 5253301548, 8148762075, 8148762074], 88.8]
[[8486054572, 8486054673, 8486054672, 8486054678, 8486054572], 358.6]
[[8635018129, 3730447406, 3730447408, 3730447405, 3730453554, 2362306055, 3730453553, 3730453555, 2274887274, 3889198612, 3889198611, 3730447407, 8635018128, 8635018145, 8635018143, 8635018129], 93.5]
[[8635018129, 3730447406, 3730447408, 3730447405, 3730453554, 3730453555, 2274887274, 3889198612, 3889198611, 3730447407, 8635018128, 8635018145, 8635018143, 8635018129], 93.5]
[[8776681899, 9651855956, 9645871583, 9645871587, 9645871586, 9645864971, 9645871585, 8776681923, 9645871558, 8776681907, 9645871553, 8776681987, 8776681935, 8776681992, 8776681967, 664958868, 9645871546, 9645871545, 664958870, 8776681896, 8776681899], 89.1]
[[8776681899, 9651855956, 9645871583, 9645871587, 9645871586, 9645864971, 9645871585, 8776681923, 9645871558, 8776681907, 9645871553, 8776681987, 8776681935, 8776681970, 8776681976, 6737646318, 8776681969, 664958868, 9645871546, 9645871545, 664958870, 8776681896, 8776681899], 89.1]
[[8776681899, 9651855956, 9645871583, 9645871587, 9645871586, 9645864971, 9645864972, 9645871584, 664958776, 9645871582, 6737646324, 9645871552, 8148711963, 8776681986, 9645871570, 664958891, 8776681935, 8776681992, 8776681967, 664958868, 9645871546, 9645871545, 664958870, 8776681896, 8776681899], 89.1]
[[8776681899, 9651855956, 9645871583, 9645871587, 9645871586, 9645864971, 9645864972, 9645871584, 664958776, 9645871582, 6737646324, 9645871552, 8148711963, 8776681986, 9645871570, 664958891, 8776681971, 8776681970, 8776681976, 6737646318, 8776681969, 664958868, 9645871546, 9645871545, 664958870, 8776681896, 8776681899], 89.1]
[[8776681931, 664958816, 8776681942, 6737646316, 8776682042, 3960223222, 8776682048, 8776682041, 5253301622, 5253301617, 8776681969, 664958868, 8776681967, 8776681992, 8776681935, 8776681970, 8776681929, 8776681981, 3807006870, 8776681930, 8776681938, 8776681931], 271.2]
[[8776681931, 664958816, 8776681942, 6737646316, 8776682042, 3960223222, 8776682048, 8776682041, 5253301622, 5253301617, 8776681969, 6737646318, 8776681976, 8776681970, 8776681929, 8776681981, 3807006870, 8776681930, 8776681938, 8776681931], 271.2]
[[8776681931, 664958816, 8776681942, 6737646316, 8776682042, 3960223222, 2240236696, 8776682036, 5253301599, 5253301572, 8776681968, 664958886, 664958868, 8776681967, 8776681992, 8776681935, 8776681970, 8776681929, 8776681981, 3807006870, 8776681930, 8776681938, 8776681931], 271.2]
[[8776681931, 664958816, 8776681942, 6737646316, 8776682042, 3960223222, 2240236696, 8776682036, 5253301599, 5253301572, 8776681968, 8776681969, 6737646318, 8776681976, 8776681970, 8776681929, 8776681981, 3807006870, 8776681930, 8776681938, 8776681931], 271.2]
[[8776681935, 8776681992, 8776681967, 664958868, 9645871546, 9645871545, 664958870, 8776681896, 8776681899, 664958780, 9645871542, 9645871523, 4391404646, 4391404647, 9645871576, 8776681905, 9645871518, 9645864973, 9645864971, 9645871585, 8776681923, 9645871558, 8776681907, 9645871553, 8776681987, 8776681935], 269.1]
[[8776681935, 8776681992, 8776681967, 664958868, 9645871546, 9645871545, 664958870, 8776681896, 8776681899, 9651855956, 9645871583, 9645871587, 9645871586, 9645864971, 9645871585, 8776681923, 9645871558, 8776681907, 9645871553, 8776681987, 8776681935], 269.1]
[[8776681968, 664958886, 664958868, 8776681969, 8776681968], 351.0]
[[8776681968, 8776681969, 6737646318, 8776681976, 8776681970, 8776681971, 8776681993, 8776681906, 5253301651, 8776681948, 664958815, 664958832, 664958831, 8776681949, 8776682061, 2240236693, 2274887224, 2240236696, 8776682036, 5253301599, 5253301572, 8776681968], 89.1]
[[8776681968, 8776681969, 6737646318, 8776681976, 8776681970, 8776681929, 8776681981, 3807006870, 8776681930, 8776681938, 8776681931, 664958816, 8776681942, 6737646316, 8776682042, 3960223222, 2240236696, 8776682036, 5253301599, 5253301572, 8776681968], 89.1]
[[8776681969, 6737646318, 8776681976, 8776681970, 8776681971, 8776681993, 8776681906, 5253301651, 8776681948, 664958815, 8776681931, 664958816, 8776681942, 6737646316, 8776682042, 3960223222, 8776682048, 8776682041, 5253301622, 5253301617, 8776681969], 89.1]
[[8776681969, 6737646318, 8776681976, 8776681970, 8776681971, 8776681993, 8776681906, 5253301651, 8776681948, 664958815, 664958832, 8776681954, 2361706393, 2361706198, 8522945716, 8776682055, 2240236693, 3960223222, 8776682048, 8776682041, 5253301622, 5253301617, 8776681969], 89.1]
[[8776681969, 6737646318, 8776681976, 8776681970, 8776681929, 8776681981, 3807006870, 8776681930, 8776681938, 8776681931, 664958816, 8776681942, 6737646316, 8776682042, 3960223222, 8776682048, 8776682041, 5253301622, 5253301617, 8776681969], 89.1]
[[8776681970, 8776681976, 6737646318, 8776681969, 664958868, 9645871546, 9645871545, 664958870, 8776681896, 8776681899, 664958780, 9645871542, 9645871523, 4391404646, 4391404647, 9645871576, 8776681905, 9645871518, 9645864973, 9645864971, 9645871585, 8776681923, 9645871558, 8776681907, 9645871553, 8776681987, 8776681935, 8776681970], 269.1]
[[8776681970, 8776681976, 6737646318, 8776681969, 664958868, 9645871546, 9645871545, 664958870, 8776681896, 8776681899, 9651855956, 9645871583, 9645871587, 9645871586, 9645864971, 9645871585, 8776681923, 9645871558, 8776681907, 9645871553, 8776681987, 8776681935, 8776681970], 269.1]
[[8776681971, 8776681970, 8776681976, 6737646318, 8776681969, 664958868, 9645871546, 9645871545, 664958870, 8776681896, 8776681899, 664958780, 9645871542, 9645871523, 4391404646, 4391404647, 9645871576, 8776681905, 9645871518, 9645864973, 9645864974, 9645864972, 9645871584, 664958776, 9645871582, 6737646324, 9645871552, 8148711963, 8776681986, 9645871570, 664958891, 8776681971], 269.2]
[[8776681971, 8776681970, 8776681976, 6737646318, 8776681969, 664958868, 9645871546, 9645871545, 664958870, 8776681896, 8776681899, 9651855956, 9645871583, 9645871587, 9645871586, 9645864971, 9645864972, 9645871584, 664958776, 9645871582, 6737646324, 9645871552, 8148711963, 8776681986, 9645871570, 664958891, 8776681971], 269.2]
[[8776681973, 8776681972, 664958799, 8635018153, 8776681973], 269.1]
[[9187255219, 9187240810, 9187240808, 9187255218, 9187255219], 129.6]
[[9211436308, 2754532047, 9211436321, 7104288519, 9211436308], 163.9]
[[9211436321, 7104288519, 9211436308, 2754532047, 9211436321], 342.1]
[[9221078639, 4987922448, 4987922446, 4923807663, 4987922454, 4987922455, 4987922453, 4987922428, 4923802073, 4923799420, 4923807633, 4923799047, 4923807632, 4923807089, 4987984451, 4987922359, 4923800291, 4987922361, 4987922384, 4987922386, 4987922381, 4987922379, 4987922378, 9221078631, 9221078633, 9221077164, 9221077165, 9221077166, 9221078638, 9221078639], 105.4]
[[9221078639, 4987922448, 4987922446, 4923807663, 4987922454, 4987922455, 4987922453, 4987922428, 4923802073, 4923799420, 4923807633, 4923799047, 4923807632, 4923807089, 4987984451, 4987922359, 4923800291, 4987922361, 4987922384, 4987922386, 4987922381, 4987922377, 9221078633, 9221077164, 9221077165, 9221077166, 9221078638, 9221078639], 105.4]
[[9748293230, 9748293229, 9748284589, 9748293234, 9748284591, 2368698899, 6327148609, 6327148610, 5185101623, 9748293230], 8.9]
