[[664958780, 9645871542, 9645871523, 4391404646, 4391404647, 9645871576, 8776681905, 9645871518, 9645864973, 9645864971, 9645871585, 8776681923, 9645871558, 8776681907, 9645871553, 8776681987, 8776681935, 8776681992, 8776681967, 664958868, 9645871546, 9645871545, 664958870, 8776681896, 8776681899, 664958780], [8776681935, 8776681970, 8776681929, 8776681981, 3807006870, 8776681930, 8776681938, 8776681931, 664958816, 8776681942, 6737646316, 8776682042, 3960223222, 8776682048, 8776682041, 5253301622, 5253301617, 8776681969, 664958868], 88.9]
[[664958780, 9645871542, 9645871523, 4391404646, 4391404647, 9645871576, 8776681905, 9645871518, 9645864973, 9645864971, 9645871585, 8776681923, 9645871558, 8776681907, 9645871553, 8776681987, 8776681935, 8776681970, 8776681976, 6737646318, 8776681969, 664958868, 9645871546, 9645871545, 664958870, 8776681896, 8776681899, 664958780], [8776681970, 8776681929, 8776681981, 3807006870, 8776681930, 8776681938, 8776681931, 664958816, 8776681942, 6737646316, 8776682042, 3960223222, 8776682048, 8776682041, 5253301622, 5253301617, 8776681969], 88.9]
[[664958780, 9645871542, 9645871523, 4391404646, 4391404647, 9645871576, 8776681905, 9645871518, 9645864973, 9645864974, 9645864972, 9645871584, 664958776, 9645871582, 6737646324, 9645871552, 8148711963, 8776681986, 9645871570, 664958891, 8776681935, 8776681992, 8776681967, 664958868, 9645871546, 9645871545, 664958870, 8776681896, 8776681899, 664958780], [664958891, 8776681971, 8776681993, 8776681906, 5253301651, 8776681948, 664958815, 8776681931, 664958816, 8776681942, 6737646316, 8776682042, 3960223222, 8776682048, 8776682041, 5253301622, 5253301617, 8776681969, 664958868], 88.9]
[[664958780, 9645871542, 9645871523, 4391404646, 4391404647, 9645871576, 8776681905, 9645871518, 9645864973, 9645864974, 9645864972, 9645871584, 664958776, 9645871582, 6737646324, 9645871552, 8148711963, 8776681986, 9645871570, 664958891, 8776681935, 8776681992, 8776681967, 664958868, 9645871546, 9645871545, 664958870, 8776681896, 8776681899, 664958780], [664958891, 8776681971, 8776681993, 8776681906, 5253301651, 8776681948, 664958815, 664958832, 8776681954, 2361706393, 2361706198, 8522945716, 8776682055, 2240236693, 3960223222, 8776682048, 8776682041, 5253301622, 5253301617, 8776681969, 664958868], 88.9]
[[664958780, 9645871542, 9645871523, 4391404646, 4391404647, 9645871576, 8776681905, 9645871518, 9645864973, 9645864974, 9645864972, 9645871584, 664958776, 9645871582, 6737646324, 9645871552, 8148711963, 8776681986, 9645871570, 664958891, 8776681971, 8776681970, 8776681976, 6737646318, 8776681969, 664958868, 9645871546, 9645871545, 664958870, 8776681896, 8776681899, 664958780], [8776681971, 8776681993, 8776681906, 5253301651, 8776681948, 664958815, 8776681931, 664958816, 8776681942, 6737646316, 8776682042, 3960223222, 8776682048, 8776682041, 5253301622, 5253301617, 8776681969], 88.9]
[[664958780, 9645871542, 9645871523, 4391404646, 4391404647, 9645871576, 8776681905, 9645871518, 9645864973, 9645864974, 9645864972, 9645871584, 664958776, 9645871582, 6737646324, 9645871552, 8148711963, 8776681986, 9645871570, 664958891, 8776681971, 8776681970, 8776681976, 6737646318, 8776681969, 664958868, 9645871546, 9645871545, 664958870, 8776681896, 8776681899, 664958780], [8776681971, 8776681993, 8776681906, 5253301651, 8776681948, 664958815, 664958832, 8776681954, 2361706393, 2361706198, 8522945716, 8776682055, 2240236693, 3960223222, 8776682048, 8776682041, 5253301622, 5253301617, 8776681969], 88.9]
[[664958815, 8776681931, 664958816, 8776681942, 6737646316, 8776682042, 3960223222, 8776682048, 8776682041, 5253301622, 5253301617, 8776681969, 664958868, 8776681967, 8776681992, 8776681935, 664958891, 8776681971, 8776681993, 8776681906, 5253301651, 8776681948, 664958815], [664958868, 9645871546, 9645871545, 664958870, 8776681896, 8776681899, 664958780, 9645871542, 9645871523, 4391404646, 4391404647, 9645871576, 8776681905, 9645871518, 9645864973, 9645864974, 9645864972, 9645871584, 664958776, 9645871582, 6737646324, 9645871552, 8148711963, 8776681986, 9645871570, 664958891], 271.2]
[[664958815, 8776681931, 664958816, 8776681942, 6737646316, 8776682042, 3960223222, 8776682048, 8776682041, 5253301622, 5253301617, 8776681969, 664958868, 8776681967, 8776681992, 8776681935, 664958891, 8776681971, 8776681993, 8776681906, 5253301651, 8776681948, 664958815], [664958868, 9645871546, 9645871545, 664958870, 8776681896, 8776681899, 9651855956, 9645871583, 9645871587, 9645871586, 9645864971, 9645864972, 9645871584, 664958776, 9645871582, 6737646324, 9645871552, 8148711963, 8776681986, 9645871570, 664958891], 271.2]
[[664958815, 8776681931, 664958816, 8776681942, 6737646316, 8776682042, 3960223222, 8776682048, 8776682041, 5253301622, 5253301617, 8776681969, 6737646318, 8776681976, 8776681970, 8776681971, 8776681993, 8776681906, 5253301651, 8776681948, 664958815], [8776681969, 664958868, 9645871546, 9645871545, 664958870, 8776681896, 8776681899, 664958780, 9645871542, 9645871523, 4391404646, 4391404647, 9645871576, 8776681905, 9645871518, 9645864973, 9645864974, 9645864972, 9645871584, 664958776, 9645871582, 6737646324, 9645871552, 8148711963, 8776681986, 9645871570, 664958891, 8776681971], 271.2]
[[664958815, 8776681931, 664958816, 8776681942, 6737646316, 8776682042, 3960223222, 8776682048, 8776682041, 5253301622, 5253301617, 8776681969, 6737646318, 8776681976, 8776681970, 8776681971, 8776681993, 8776681906, 5253301651, 8776681948, 664958815], [8776681969, 664958868, 9645871546, 9645871545, 664958870, 8776681896, 8776681899, 9651855956, 9645871583, 9645871587, 9645871586, 9645864971, 9645864972, 9645871584, 664958776, 9645871582, 6737646324, 9645871552, 8148711963, 8776681986, 9645871570, 664958891, 8776681971], 271.2]
[[4923803770, 4987984457, 4987984454, 4987984455, 4987884226, 4923807081, 4923803736, 4923807662, 4923804068, 4987983337, 4987983336, 4987983335, 4923803770], [4923807662, 4987922449, 4987922455, 4987922454, 4987922452, 4987922456, 4923805067, 4987910569, 4987983335], 207.2]
[[4923804237, 4987984496, 4923808772, 4923804243, 4923804237], [4923808772, 4987883411, 4987883412, 4923804243], 207.6]
[[4923804239, 4923804237, 4923804243, 4923808802, 4923804239], [4923804243, 4987883412, 4987883413, 4923808802], 207.6]
[[4923806671, 4923806672, 4923806794, 4923806698, 4923806671], [4923806794, 4987984438, 4987994226, 4923806698], 358.4]
[[4923806672, 4923806674, 4923806834, 4923806794, 4923806672], [4923806834, 4987994240, 4987984438, 4923806794], 358.4]
[[4923806674, 4923806676, 4987994228, 4923806844, 4923806834, 4923806674], [4923806844, 4987994239, 4987994240, 4923806834], 358.4]
[[4923806676, 4923806678, 4987984480, 4923806652, 4923806788, 4923806785, 4923806844, 4987994228, 4923806676], [4923806788, 4987994238, 4987994239, 4923806844], 358.4]
[[4987883410, 4987883411, 4923808772, 4987984508, 4923806633, 4987883410], [4923808772, 4987984496, 4923807099, 4923807575, 4987984508], 27.7]
[[4987883411, 4987883412, 4923804243, 4923808772, 4987883411], [4923804243, 4923804237, 4987984496, 4923808772], 27.7]
[[4987883412, 4987883413, 4923808802, 4923804243, 4987883412], [4923808802, 4923804239, 4923804237, 4923804243], 27.7]
[[4987883413, 4987883414, 4923808216, 4923808802, 4987883413], [4923808216, 4923808204, 4987984431, 4923804239, 4923808802], 27.7]
[[4987883414, 4923808813, 4987883415, 4987883417, 4987883418, 4923808216, 4987883414], [4987883418, 4987884221, 4987984431, 4923808204, 4923808216], 27.7]
[[4987884221, 4987984431, 4923808204, 4923808216, 4987883418, 4987884221], [4923808216, 4987883414, 4923808813, 4987883415, 4987883417, 4987883418], 207.6]
[[4987922455, 4987922454, 4987922452, 4987922456, 4923805067, 4987910569, 4987983335, 4987983336, 4987983337, 4923804068, 4923807662, 4987922449, 4987922455], [4987983335, 4923803770, 4987984457, 4987984454, 4987984455, 4987884226, 4923807081, 4923803736, 4923807662], 27.7]
[[4987984431, 4923804239, 4923808802, 4923808216, 4923808204, 4987984431], [4923808802, 4987883413, 4987883414, 4923808216], 207.6]
[[4987984438, 4987994226, 4923806698, 4923806794, 4987984438], [4923806698, 4923806671, 4923806672, 4923806794], 177.5]
[[4987994238, 4987994239, 4923806844, 4923806785, 4923806788, 4987994238], [4923806844, 4987994228, 4923806676, 4923806678, 4987984480, 4923806652, 4923806788], 177.7]
[[4987994239, 4987994240, 4923806834, 4923806844, 4987994239], [4923806834, 4923806674, 4923806676, 4987994228, 4923806844], 177.7]
[[4987994240, 4987984438, 4923806794, 4923806834, 4987994240], [4923806794, 4923806672, 4923806674, 4923806834], 177.8]
[[8776681899, 9651855956, 9645871583, 9645871587, 9645871586, 9645864971, 9645871585, 8776681923, 9645871558, 8776681907, 9645871553, 8776681987, 8776681935, 8776681992, 8776681967, 664958868, 9645871546, 9645871545, 664958870, 8776681896, 8776681899], [8776681935, 8776681970, 8776681929, 8776681981, 3807006870, 8776681930, 8776681938, 8776681931, 664958816, 8776681942, 6737646316, 8776682042, 3960223222, 8776682048, 8776682041, 5253301622, 5253301617, 8776681969, 664958868], 89.1]
[[8776681899, 9651855956, 9645871583, 9645871587, 9645871586, 9645864971, 9645871585, 8776681923, 9645871558, 8776681907, 9645871553, 8776681987, 8776681935, 8776681970, 8776681976, 6737646318, 8776681969, 664958868, 9645871546, 9645871545, 664958870, 8776681896, 8776681899], [8776681970, 8776681929, 8776681981, 3807006870, 8776681930, 8776681938, 8776681931, 664958816, 8776681942, 6737646316, 8776682042, 3960223222, 8776682048, 8776682041, 5253301622, 5253301617, 8776681969], 89.1]
[[8776681899, 9651855956, 9645871583, 9645871587, 9645871586, 9645864971, 9645864972, 9645871584, 664958776, 9645871582, 6737646324, 9645871552, 8148711963, 8776681986, 9645871570, 664958891, 8776681935, 8776681992, 8776681967, 664958868, 9645871546, 9645871545, 664958870, 8776681896, 8776681899], [664958891, 8776681971, 8776681993, 8776681906, 5253301651, 8776681948, 664958815, 8776681931, 664958816, 8776681942, 6737646316, 8776682042, 3960223222, 8776682048, 8776682041, 5253301622, 5253301617, 8776681969, 664958868], 89.1]
[[8776681899, 9651855956, 9645871583, 9645871587, 9645871586, 9645864971, 9645864972, 9645871584, 664958776, 9645871582, 6737646324, 9645871552, 8148711963, 8776681986, 9645871570, 664958891, 8776681935, 8776681992, 8776681967, 664958868, 9645871546, 9645871545, 664958870, 8776681896, 8776681899], [664958891, 8776681971, 8776681993, 8776681906, 5253301651, 8776681948, 664958815, 664958832, 8776681954, 2361706393, 2361706198, 8522945716, 8776682055, 2240236693, 3960223222, 8776682048, 8776682041, 5253301622, 5253301617, 8776681969, 664958868], 89.1]
[[8776681899, 9651855956, 9645871583, 9645871587, 9645871586, 9645864971, 9645864972, 9645871584, 664958776, 9645871582, 6737646324, 9645871552, 8148711963, 8776681986, 9645871570, 664958891, 8776681971, 8776681970, 8776681976, 6737646318, 8776681969, 664958868, 9645871546, 9645871545, 664958870, 8776681896, 8776681899], [8776681971, 8776681993, 8776681906, 5253301651, 8776681948, 664958815, 8776681931, 664958816, 8776681942, 6737646316, 8776682042, 3960223222, 8776682048, 8776682041, 5253301622, 5253301617, 8776681969], 89.1]
[[8776681899, 9651855956, 9645871583, 9645871587, 9645871586, 9645864971, 9645864972, 9645871584, 664958776, 9645871582, 6737646324, 9645871552, 8148711963, 8776681986, 9645871570, 664958891, 8776681971, 8776681970, 8776681976, 6737646318, 8776681969, 664958868, 9645871546, 9645871545, 664958870, 8776681896, 8776681899], [8776681971, 8776681993, 8776681906, 5253301651, 8776681948, 664958815, 664958832, 8776681954, 2361706393, 2361706198, 8522945716, 8776682055, 2240236693, 3960223222, 8776682048, 8776682041, 5253301622, 5253301617, 8776681969], 89.1]
[[8776681931, 664958816, 8776681942, 6737646316, 8776682042, 3960223222, 8776682048, 8776682041, 5253301622, 5253301617, 8776681969, 664958868, 8776681967, 8776681992, 8776681935, 8776681970, 8776681929, 8776681981, 3807006870, 8776681930, 8776681938, 8776681931], [664958868, 9645871546, 9645871545, 664958870, 8776681896, 8776681899, 664958780, 9645871542, 9645871523, 4391404646, 4391404647, 9645871576, 8776681905, 9645871518, 9645864973, 9645864971, 9645871585, 8776681923, 9645871558, 8776681907, 9645871553, 8776681987, 8776681935], 271.2]
[[8776681931, 664958816, 8776681942, 6737646316, 8776682042, 3960223222, 8776682048, 8776682041, 5253301622, 5253301617, 8776681969, 664958868, 8776681967, 8776681992, 8776681935, 8776681970, 8776681929, 8776681981, 3807006870, 8776681930, 8776681938, 8776681931], [664958868, 9645871546, 9645871545, 664958870, 8776681896, 8776681899, 9651855956, 9645871583, 9645871587, 9645871586, 9645864971, 9645871585, 8776681923, 9645871558, 8776681907, 9645871553, 8776681987, 8776681935], 271.2]
[[8776681931, 664958816, 8776681942, 6737646316, 8776682042, 3960223222, 8776682048, 8776682041, 5253301622, 5253301617, 8776681969, 6737646318, 8776681976, 8776681970, 8776681929, 8776681981, 3807006870, 8776681930, 8776681938, 8776681931], [8776681969, 664958868, 9645871546, 9645871545, 664958870, 8776681896, 8776681899, 664958780, 9645871542, 9645871523, 4391404646, 4391404647, 9645871576, 8776681905, 9645871518, 9645864973, 9645864971, 9645871585, 8776681923, 9645871558, 8776681907, 9645871553, 8776681987, 8776681935, 8776681970], 271.2]
[[8776681931, 664958816, 8776681942, 6737646316, 8776682042, 3960223222, 8776682048, 8776682041, 5253301622, 5253301617, 8776681969, 6737646318, 8776681976, 8776681970, 8776681929, 8776681981, 3807006870, 8776681930, 8776681938, 8776681931], [8776681969, 664958868, 9645871546, 9645871545, 664958870, 8776681896, 8776681899, 9651855956, 9645871583, 9645871587, 9645871586, 9645864971, 9645871585, 8776681923, 9645871558, 8776681907, 9645871553, 8776681987, 8776681935, 8776681970], 271.2]
