[[595706764, 8442041629, 6814118447, 6814118478], 20.0]
[[595706786, 4987984462, 4987984463, 4987984464], 291.7]
[[595706811, 9221078641, 9221077153], 122.5]
[[595706812, 9221078641, 595706789, 9221077152], 301.6]
[[595706812, 9221078637, 7213240285], 24.8]
[[595706815, 595706816, 595706817, 595706818, 4987884255], 118.5]
[[664958731, 664958732, 2361719861, 2361720016], 359.1]
[[664958732, 2361719861, 2361720016], 2.6]
[[664958772, 664958770, 8486054630, 664958796], 99.5]
[[664958780, 664958781, 9645871541], 252.5]
[[664958781, 664958780, 8776681899, 8776681896], 72.5]
[[664958794, 664958770, 8486054630, 8486054910, 8486054909], 196.0]
[[664958794, 664958770, 664958772, 664958774], 196.0]
[[664958796, 8486054630, 8635018187, 8486054911], 11.9]
[[664958799, 8635018153, 8776681973], 88.9]
[[664958805, 8776681866, 6796972922, 8776681865, 6796972959], 269.2]
[[664958807, 6796972960, 6796972961, 8776681881], 183.0]
[[664958815, 664958832, 664958831], 183.4]
[[664958816, 8776681931, 664958815, 664958832, 8776681954], 91.2]
[[664958831, 664958832, 8776681954], 94.2]
[[664958842, 6796972921, 6796972922, 8776681866], 351.9]
[[664958868, 8776681969, 8776681968], 170.0]
[[664958868, 664958886, 2240236699], 268.5]
[[803689882, 6796972936, 9810950364, 9810950409], 321.9]
[[803710298, 803709657, 9810950342], 122.0]
[[803710326, 803710601, 803709657, 9810950342], 124.2]
[[803710326, 803710597, 803711119, 7288208723], 304.7]
[[803711125, 803710597, 803710326], 25.6]
[[803714071, 9187240779, 3960223316, 6760840106, 9187240800], 44.2]
[[1755866336, 8486054632, 6796972929, 8776681845], 19.9]
[[1755866342, 5185024547, 3960223283, 6796972942, 3960223285], 356.6]
[[1755866357, 8776681817, 2362296645, 3906613528, 7597969907], 222.4]
[[1755866357, 8776681817, 2362296645, 2362296634, 2362296619], 222.4]
[[1755866360, 5185024740, 2362296683, 2362296687], 139.7]
[[1755866360, 8776681912, 5185024598], 325.3]
[[1992846384, 9810950431, 3960021424, 6549291941], 233.5]
[[1992846438, 6222350326, 8486054912, 8486054641, 8486054640], 220.1]
[[1992846482, 803689787, 9810950340], 52.8]
[[1992846485, 1992846534, 5256848904, 2361720015], 194.1]
[[1992846500, 9810950432, 6549291941, 3960021424, 9810950436, 3960021422], 139.7]
[[2274887232, 664958729, 664958731, 664958732, 2361719861, 2361720016, 2361719856], 353.4]
[[2274887232, 664958729, 664958731, 664958732, 664958801, 6416000308], 353.4]
[[2274887232, 664958729, 664958731, 4383969807], 353.4]
[[2274887242, 2362306161, 3730742576, 3730742582, 3730742580, 3730742578, 2274887273, 3730461049, 1755866361], 270.5]
[[2274887244, 7597969903, 7597969907], 36.7]
[[2274887256, 6465994479, 7153504136, 6465994478, 2309780118, 2309780106, 9653108649], 7.5]
[[2274887263, 2309780155, 7153504138, 6370582951], 188.5]
[[2274887273, 3730742578, 3730742580, 3730742582, 3730742581], 90.5]
[[2274887273, 3730449784, 3730453553, 3730453555, 2274887274, 3730447405], 268.5]
[[2274887274, 3889198612, 3889198611, 3730447407, 8635018128, 8635018145], 270.1]
[[2274887276, 2309780130, 664958879, 9653108676, 2309773396], 177.9]
[[2309763580, 9221078624, 9221078622], 112.5]
[[2309763600, 9221078622, 9221077172], 112.5]
[[2309780118, 2274887263, 7153504137, 6370582957], 293.4]
[[2309780155, 2274887263, 2309780118], 8.5]
[[2309798837, 803714087, 6760840111], 223.9]
[[2361719829, 2361720074, 2361720026], 359.5]
[[2361719838, 2361719841, 5256848906, 2361719826, 2361719950, 2361720044], 43.9]
[[2361719841, 5256848906, 2361719826, 2361719950, 2361720044], 42.3]
[[2361719857, 2361719892, 2361720034, 2361719984], 44.4]
[[2361719861, 664958732, 664958802], 182.6]
[[2361719876, 5256848900, 2361719915], 42.2]
[[2361719889, 2361719867, 6796972925, 6796972958, 6796972926], 267.2]
[[2361719917, 2361720060, 2362306066, 2362306159], 131.6]
[[2361719945, 2362306020, 2361719981, 2361720014, 2362306081], 140.1]
[[2361719969, 2361719882, 2362306079], 23.6]
[[2361720037, 2361719987, 2361719897], 177.4]
[[2361720038, 2361720066, 2361719945, 2362306020], 42.8]
[[2361720059, 2362306066, 2362306146], 311.5]
[[2361720060, 2362306066, 2362306159], 133.1]
[[2361720063, 2361719861, 664958732, 664958731, 664958846, 664958845], 182.6]
[[2361720063, 2361719861, 664958732, 664958802, 664958804], 182.6]
[[2361720069, 2361719889, 2361719867], 181.5]
[[2362283873, 2362283865, 2362296615], 88.6]
[[2362283910, 2362283898, 2362296663], 324.6]
[[2362283919, 2362283896, 2362283874], 202.1]
[[2362283944, 6796972934, 6796972935, 9810950399], 307.3]
[[2362283944, 6796972934, 6796972935, 9810950399], 307.3]
[[2362283983, 2362283923, 2362283898, 2362296663], 324.2]
[[2362283997, 2362283916, 9810950365, 803689843], 54.7]
[[2362284011, 2362283863, 9285853035], 220.0]
[[2362284027, 2362283914, 2362296630, 2362283910], 145.2]
[[2362296615, 2362283865, 2362283926], 344.0]
[[2362296616, 2309798792, 2309798870], 175.5]
[[2362296616, 2309798835, 2362296639], 347.6]
[[2362296617, 2362296644, 2362296629], 354.7]
[[2362296633, 2309798825, 2309798924, 5185025004], 316.3]
[[2362296633, 2362296664, 2362296680, 2309798841], 35.9]
[[2362296662, 2362296659, 2309798823], 180.4]
[[2362296683, 5185024740, 5185025017, 2362296646], 44.2]
[[2362296685, 2362296630, 2362283914, 2362296641], 324.6]
[[2362296685, 2362296630, 2362283914, 2362296641], 324.6]
[[2362306047, 2362306093, 2362306091, 2274887224, 2240236693], 7.3]
[[2362306052, 2361720016, 2361719861], 180.5]
[[2362306071, 2362306039, 2362306077, 4871911955], 215.6]
[[2362306079, 2362306146, 2362306066], 130.6]
[[2362306091, 2274887224, 2240236693, 8776682055, 8522945716], 94.1]
[[2362306093, 2362306091, 8776682049, 8776682050], 3.4]
[[2362306161, 3730742576, 3730742582, 3730742580, 3730461047], 270.5]
[[2362306161, 3730742576, 3730742582, 3730742580, 3730742578, 2274887273, 3730461049, 1755866361], 270.5]
[[2368698843, 5185101623, 9748293230, 8653556890], 186.6]
[[2368698848, 9211436308, 7104288519, 9211436319], 163.8]
[[2368698852, 6327148609, 2368698899], 190.5]
[[2368698889, 2370829059, 2370829147], 203.3]
[[2368698899, 6327148609, 6327148610, 2368698893], 106.5]
[[2370801661, 6327148608, 6327148607, 9207679475, 9748293322], 292.1]
[[2370801661, 9207679434, 9207679477, 9207679478], 197.5]
[[2370801686, 9207679475, 6327148607], 18.2]
[[2370829059, 2368698889, 9159920289], 23.3]
[[2370829147, 2370829059, 9159920288, 9159920296], 127.4]
[[2370851836, 2370851900, 2370851876], 7.2]
[[2370851836, 9159920262, 2368698926], 99.8]
[[2370851871, 2370851876, 2370851900], 187.5]
[[2370851882, 4987922418, 4987922419], 323.9]
[[2370851937, 9159920254, 9159920320], 278.2]
[[2370851949, 4987922433, 4987922437], 27.3]
[[2372609101, 2372609142, 9221078624], 205.5]
[[2372609101, 2372609142, 2372609072, 9221078622], 205.5]
[[2372609101, 2372609142, 9221078624], 205.5]
[[2372609101, 2372609142, 2372609072, 9221078622], 205.5]
[[2372609144, 2372609072, 7597888612, 7597888611], 24.3]
[[2372609144, 2372609072, 2372609142, 7597888613, 7597888614], 24.3]
[[2660964889, 4987922418, 2370851882], 68.1]
[[2749938044, 2749938239, 6842596377, 6842596354], 126.0]
[[2749938079, 5925615250, 9651856245, 9651856276], 4.0]
[[2749938179, 2749938308, 2749938239, 6842596377], 125.8]
[[2749938225, 9651856278, 9651856245, 5925615250, 6466016208], 207.7]
[[2749938239, 2749938044, 2749938179, 6842596376], 306.0]
[[2749938308, 2749938179, 6842596376, 2749938171], 305.8]
[[3376604983, 9651855981, 9651855996], 293.9]
[[3376618282, 3376618863, 3376618261], 307.6]
[[3392521335, 3392521373, 3392521388, 3392521336, 3392521369], 55.7]
[[3392521335, 3392521373, 3392521355], 55.7]
[[3392521335, 3392521373, 3392521388, 3392521336, 3392521369], 55.7]
[[3392521335, 3392521373, 3392521355], 55.7]
[[3392521336, 3392521355, 3392521373], 232.4]
[[3392521373, 3392521388, 3392521336], 54.5]
[[3730447405, 3730453554, 2362306055, 3730449783, 1755866361, 3730461049, 2274887273], 93.5]
[[3730447406, 3730447408, 3730447405, 3730453554, 2362306055, 3730449783, 3730449784], 93.5]
[[3730447406, 3730447408, 3730447405, 3730453554, 2362306055, 3730453553], 93.5]
[[3730447406, 8635018129, 8635018142], 273.5]
[[3730447408, 3730447405, 3730453554, 2362306055, 3730449783, 1755866361, 3730461049, 2274887273], 93.5]
[[3730447408, 3730447405, 3730453554, 2362306055, 3730449783, 3730449784], 93.5]
[[3730447408, 3730447405, 3730453554, 2362306055, 3730453553], 93.5]
[[3730447408, 3730447406, 8635018129, 8635018142, 8635018137], 273.5]
[[3730449784, 2274887273, 3730742578, 3730742580, 3730742579], 88.5]
[[3730449784, 3730453553, 3730453555, 2274887274, 3889198612, 3889198611, 3730447408], 268.6]
[[3730449784, 3730453553, 3730453555, 2274887274, 3889198612, 3889198611, 3730447407, 3730447406], 268.6]
[[3730453553, 3730449784, 2274887273, 3730742578, 3730742577], 88.6]
[[3730453553, 3730453555, 2274887274, 3889198612, 3889198611, 3730447408], 268.6]
[[3730453553, 3730453555, 2274887274, 3889198612, 3889198611, 3730447407, 3730447406], 268.6]
[[3730453555, 3730453553, 3730449784, 2274887273, 3730742574], 88.6]
[[3730453555, 2274887274, 3889198612, 3889198611, 3730447407, 3730447406], 270.0]
[[3730453555, 2274887274, 3889198612, 3889198611, 3730447407, 8635018128, 8635018145, 8635018143], 270.0]
[[3730460286, 3730460287, 3911958635], 244.5]
[[3730460287, 3730460286, 2274887230, 2274887295], 64.5]
[[3730742576, 3730742582, 3730742580, 3730461047], 270.2]
[[3730742576, 3730742582, 3730742580, 3730742578, 3730461048], 270.2]
[[3730742576, 3730742582, 3730742580, 3730742578, 2274887273, 3730461049], 270.2]
[[3730742578, 2274887273, 3730449784, 3730453553, 3730453555, 3730453554], 270.5]
[[3730742578, 2274887273, 3730449784, 3730453553, 3730453555, 2274887274, 3730447405], 270.5]
[[3730742579, 3730742575, 3730742577], 202.8]
[[3730742580, 3730742578, 2274887273, 3730449784, 3730453553, 2362306055], 270.5]
[[3730742580, 3730742578, 2274887273, 3730449784, 3730453553, 3730453555, 3730453554], 270.5]
[[3730742582, 3730742580, 3730742578, 2274887273, 3730449784, 3730449783], 271.4]
[[3730742582, 3730742580, 3730742578, 2274887273, 3730449784, 3730453553, 2362306055], 271.4]
[[3730742583, 3730742584, 2362306124, 2274887242], 79.5]
[[3807006874, 3807006875, 5253301652], 282.3]
[[3807006881, 3807006882, 3807008912, 5253301617, 8776681969], 272.3]
[[3807008919, 3807008918, 3807008917, 3807008916], 165.6]
[[3807008919, 3807008918, 3807008917, 3807008916], 165.6]
[[3889198612, 3889198611, 3730447407, 8635018128, 8635018145], 271.1]
[[3911955569, 9653108674, 9653108678, 9653108677], 178.9]
[[3960021417, 1992846490, 1992846527, 6814059469, 8486054621], 214.8]
[[3960021424, 9810950418, 1992846384, 6549291940], 54.0]
[[3960223290, 3960223291, 6796972942], 89.9]
[[4383968788, 4383923047, 4383923216, 4383923083], 252.2]
[[4871911982, 2362306091, 2362306093], 97.5]
[[4923799047, 4923807633, 4923799420, 4923802073, 4987922428, 4987922453, 4923799938], 27.5]
[[4923799047, 4923807633, 4923799420, 4923802073, 4987922428, 4987922453, 4987922455, 4987922449, 4923807662], 27.5]
[[4923799047, 4923807633, 4923799420, 4923802073, 4987922428, 4987922453, 4987922455, 4987922454, 4987922452, 4987922456, 4923805067, 4987910569, 4987983335, 4923803770], 27.5]
[[4923799380, 4987984503, 4987922415], 117.4]
[[4923799420, 4923802073, 4987922428, 4987922453, 4987922455, 4987922454, 4987922452, 4987922456, 4987983337], 27.4]
[[4923799420, 4923802073, 4987922428, 4987922453, 4987922455, 4987922454, 4987922452, 4987922456, 4923805067, 4987910569, 4987983335, 4923803770], 27.4]
[[4923799938, 4923803736, 4923807081, 4987884226], 29.7]
[[4923799942, 4923799941, 4923799392], 88.0]
[[4923799952, 4987884233, 7213240284, 4987884250, 4987884251, 7213240283, 595706814], 207.2]
[[4923799957, 4987884247, 4923799956, 4987922368, 4923808170, 4923806638], 117.2]
[[4923799957, 4987884247, 4923799956, 4923799952, 4987884233], 117.2]
[[4923799969, 4987922408, 4923799952, 4987884233], 117.1]
[[4923799975, 4987984464, 4987984463, 4923799986], 207.5]
[[4923799985, 4923802721, 4923802722], 27.2]
[[4923799986, 4987984461, 4987922405, 4987922403, 4987922402], 26.6]
[[4923800285, 4923800287, 4923800293, 4987984449, 4923807089, 4987922365], 27.0]
[[4923800287, 4923800293, 4987984449, 4987984448, 4923799047, 4987922422], 27.1]
[[4923800291, 4987922361, 4987922384, 4987922386, 4987922381, 4987922379, 4987922378, 9221078631], 207.5]
[[4923800293, 4987984449, 4987984448, 4923802724, 4923802073, 4987922421], 27.0]
[[4923800306, 4923864480, 4987883381, 4923805575], 207.7]
[[4923800307, 4987984501, 4923800314, 4987883385], 28.1]
[[4923800312, 4987883388, 4923800306, 4923800305], 207.7]
[[4923802073, 4987922428, 4987922453, 4987922455, 4987922454, 4987922452, 4987922456, 4987983337], 27.5]
[[4923802073, 4987922428, 4987922453, 4987922455, 4987922454, 4987922452, 4987922456, 4923805067, 4987910569, 4987983335, 4923803770], 27.5]
[[4923802074, 4987922421, 4987922422, 4987922365, 4923807089, 4987984449], 207.5]
[[4923802074, 4987922421, 4987922422, 4923799047], 207.5]
[[4923802074, 4987922421, 4987922422, 4987922365, 4923807089, 4987984449], 207.5]
[[4923802074, 4987922421, 4987922422, 4923799047], 207.5]
[[4923802722, 4923800013, 4987984458, 4987922395], 207.0]
[[4923803750, 4923803753, 4987984519], 208.4]
[[4923803753, 4987984624, 4987984626, 4987984514, 4987984434], 208.4]
[[4923803770, 4987984457, 4987984454, 4987984455, 4987884226, 4923807081], 207.2]
[[4923803770, 4987984457, 4987984454, 4987884228], 207.2]
[[4923803779, 4923803770, 4987984457, 4987983336], 207.2]
[[4923803784, 4987984624, 4923803753, 4923803750], 296.9]
[[4923803784, 4987984624, 4923803753, 4923803750], 296.9]
[[4923804068, 4987884229, 4987884228, 4987884226, 4923804232], 115.4]
[[4923804068, 4987983337, 4987983336, 4987983335, 4923803770], 28.4]
[[4923804232, 4987884226, 4987884228, 4987984454], 27.2]
[[4923804232, 4987884226, 4987984455], 27.2]
[[4923804237, 4923804239, 4987984498, 4987994234], 27.6]
[[4923804237, 4987984496, 4923808772], 207.6]
[[4923804239, 4987984498, 4987984486, 4987984499], 117.2]
[[4923804239, 4923804237, 4923804243], 207.6]
[[4923804239, 4923804237, 4987984496, 4923808772, 4987883411], 207.6]
[[4923804243, 4923808772, 4987883411], 207.5]
[[4923804243, 4923808802, 4923804239], 27.5]
[[4923804453, 4987910570, 4987910569, 4923805067, 4923805066], 207.7]
[[4923804479, 4987883395, 4923804477], 248.8]
[[4923805067, 4987922456, 4987922452, 4987922454, 4923807663, 4987922446], 207.7]
[[4923805067, 4987922456, 4987922452, 4987922454, 4987922455, 4923807082, 4987922445], 207.7]
[[4923805067, 4987922456, 4987922452, 4987922454, 4987922455, 4987922453, 4923799936], 207.7]
[[4923805067, 4987910569, 4987910570, 4923804453, 4987984434, 4987984514], 27.7]
[[4923805069, 4923805575, 4987883381], 27.1]
[[4923805104, 5960541499, 5960541498, 5960541500], 163.6]
[[4923805575, 4923800305, 4923800306], 27.1]
[[4923805756, 4923805757, 4987984473, 4987984472], 129.1]
[[4923805756, 4923805757, 4987984473, 4987984472], 129.1]
[[4923806633, 4987883410, 4987883411], 297.2]
[[4923806652, 4923806788, 4923806785, 4923806844], 88.2]
[[4923806661, 4987994238, 4987994239, 4923806844, 4987994228], 177.7]
[[4923806667, 4987984478, 4987984476, 4923806658], 178.0]
[[4923806671, 4923806672, 4923806794], 358.4]
[[4923806671, 4923806672, 4923806674, 4923806834, 4987994240], 358.4]
[[4923806672, 4923806674, 4923806834], 358.4]
[[4923806674, 4923806676, 4987994228, 4923806844], 358.4]
[[4923806676, 4923806678, 4923806846], 358.4]
[[4923806676, 4923806678, 4987984480, 4923806652, 4923806788], 358.4]
[[4923806678, 4987984480, 4923806652], 358.4]
[[4923806698, 4923806794, 4987984438], 357.6]
[[4923806698, 4987984437, 4923806965, 4987883385, 4923800314], 209.8]
[[4923806698, 4987984437, 4923806965, 4923807677, 4923806779], 209.8]
[[4923806698, 4987984437, 4923807859, 5960541493], 209.8]
[[4923806785, 4923806844, 4987994228, 4923806676], 177.8]
[[4923806788, 4923806785, 4923806844, 4987994228, 4923806676], 177.8]
[[4923806790, 4923806661, 4987984478], 177.7]
[[4923806790, 4923806661, 4987994238, 4923806788, 4923806652], 177.7]
[[4923806794, 4923806698, 4923806671], 177.6]
[[4923806794, 4923806834, 4987994240], 357.7]
[[4923806834, 4923806794, 4923806672], 177.7]
[[4923806834, 4923806844, 4987994239], 357.7]
[[4923806844, 4987994228, 4923806846, 4923806652], 267.7]
[[4923806844, 4923806785, 4923806788, 4987994238], 357.8]
[[4923806844, 4923806834, 4923806674], 177.7]
[[4923806846, 4987994228, 4923806676], 178.1]
[[4923806965, 4987883385, 4923800312, 4987984501], 207.0]
[[4923806965, 4987984437, 5960541503], 28.5]
[[4923806970, 5960541503, 4987984437, 4923806698], 287.8]
[[4923806985, 4987922437, 4987994233, 4987984440], 27.5]
[[4923806985, 4987922437, 4987994233, 4987984440], 27.5]
[[4923806996, 4987922415, 4987922412, 4987922431], 117.6]
[[4923806996, 4987922416, 4923807055, 4987883403, 4987984505], 297.7]
[[4923807005, 4923799374, 4923799376, 4923806971], 8.9]
[[4923807022, 4987922409, 4987922410, 4923807044, 4987922412, 4987922415, 4987984503], 296.8]
[[4923807044, 4987922410, 4987922409, 4987994233, 4987922437], 116.7]
[[4923807055, 4987922416, 4923806996, 2565693923], 117.6]
[[4923807055, 4987883403, 4987883408, 4987984506], 297.6]
[[4923807077, 4987994235, 4923807072], 192.3]
[[4923807078, 4923807068, 4923807080], 28.2]
[[4923807099, 4987984496, 4923804237], 297.8]
[[4923807099, 4987984499, 4923807101], 27.2]
[[4923807576, 4987994227, 4987994237, 4923807096], 28.3]
[[4923807632, 4923799047, 4923807633, 4923799420, 4923802073, 4987922421], 27.5]
[[4923807632, 4923799047, 4923807633, 4923799420, 4923802073, 4987922428, 4987922453, 4923799938], 27.5]
[[4923807632, 4923799047, 4923807633, 4923799420, 4923802073, 4987922428, 4987922453, 4987922455, 4987922449, 4923807662], 27.5]
[[4923807632, 4923799047, 4923807633, 4923799420, 4923802073, 4987922428, 4987922453, 4987922455, 4987922454, 4987922452, 4987922456, 4923805067, 4987910569, 4987983335, 4923803770], 27.5]
[[4923807633, 4923799047, 4923807632, 4923807089, 4987984449], 207.5]
[[4923807633, 4923799420, 4923802073, 4987922428, 4987922453, 4923799938], 27.5]
[[4923807633, 4923799420, 4923802073, 4987922428, 4987922453, 4987922455, 4987922449, 4923807662], 27.5]
[[4923807633, 4923799420, 4923802073, 4987922428, 4987922453, 4987922455, 4987922454, 4987922452, 4987922456, 4923805067, 4987910569, 4987983335, 4923803770], 27.5]
[[4923807662, 4923803736, 4923807081, 4987884226, 4923804232], 114.9]
[[4923807662, 4923804068, 4987983337, 4987983336, 4987983335, 4923803770], 28.4]
[[4923807677, 4923806965, 4987883385], 111.6]
[[4923808158, 4923808154, 4923808155], 34.1]
[[4923808170, 4987984465, 4987984470, 4923794913], 116.7]
[[4923808172, 7213240282, 4987884248, 595706815, 595706816], 25.3]
[[4923808175, 2564071661, 4987884255], 25.6]
[[4923808177, 4923808175, 2564071661, 4987884255, 7213240276], 25.4]
[[4923808177, 4987884252, 2309763624, 7597888654], 203.6]
[[4923808177, 4987884252, 4987884253, 4987884254, 7597888611], 203.6]
[[4923808182, 2309763624, 7597888654, 7597888614], 206.9]
[[4923808182, 2309763624, 4987884254, 7597888611], 206.9]
[[4923808216, 4923808802, 4987883413], 207.5]
[[4923808216, 4987883418, 4987884221], 27.5]
[[4923808772, 4987984508, 4923806633], 207.5]
[[4923808772, 4923804243, 4923804237], 27.5]
[[4923808802, 4923804243, 4987883412], 207.5]
[[4923808802, 4923808216, 4923808204, 4987984431], 27.5]
[[4923815644, 4923815641, 4923799940], 297.0]
[[4923815650, 4923815651, 4987922367], 115.0]
[[4923864480, 4987883381, 4923804453, 4987910570, 4923805069], 207.7]
[[4987883381, 4923804453, 4987910570, 4923805069], 207.7]
[[4987883388, 4987883389, 4987883393, 4987984434], 117.8]
[[4987883410, 4987883411, 4923808772], 27.7]
[[4987883410, 4987883411, 4987883412, 4923804243, 4923804237], 27.7]
[[4987883411, 4987883412, 4923804243], 27.7]
[[4987883411, 4987883412, 4987883413, 4923808802, 4923804239], 27.7]
[[4987883412, 4987883413, 4923808802], 27.7]
[[4987883413, 4987883414, 4923808216], 27.7]
[[4987883414, 4923808813, 4987883415, 4987883417], 27.7]
[[4987883418, 4923808216, 4987883414], 207.5]
[[4987883418, 4987883417, 4923808816], 297.3]
[[4987884221, 4923807068, 4923807078], 117.3]
[[4987884221, 4987984431, 4923808204], 207.6]
[[4987884221, 4987984431, 4923804239, 4923808802, 4987883413], 207.6]
[[4987884229, 4923807081, 4923803736], 207.2]
[[4987884230, 4923807081, 4987884229, 4987884228, 4987984454], 27.2]
[[4987884230, 4923807081, 4987884226, 4987984455], 27.2]
[[4987884234, 4923799956, 4987884247], 206.2]
[[4987884250, 4987884251, 7213240283], 203.9]
[[4987884254, 2309763624, 4987884252], 18.8]
[[4987910569, 4923805067, 4987922456, 4987922452, 4987922454, 4987922455, 4987922453, 4923799936, 4923800274], 207.7]
[[4987910570, 4923804453, 4987984434], 27.7]
[[4987922359, 4923800291, 4987922361, 4987922384, 4923800285], 207.5]
[[4987922359, 4923800291, 4987922361, 4987922384, 4987922386, 4987922381, 4987922379, 4987922378, 9221078631], 207.5]
[[4987922359, 4923800291, 4987922361, 4987922384, 4987922386, 4987922381, 4987922377, 9221078633], 207.5]
[[4987922361, 4923800291, 4987922359, 4987984451, 4987922366], 27.5]
[[4987922365, 4987922366, 4923800281, 4987922384, 4923800285], 207.5]
[[4987922369, 4987984468, 4987984470], 206.7]
[[4987922377, 9221078633, 9221078632, 9221077149, 9221077148], 297.6]
[[4987922377, 9221078633, 9221077164, 9221077165], 297.6]
[[4987922378, 4987922379, 4987922389, 4923802722, 4923800013], 117.3]
[[4987922381, 4987922377, 9221078633, 9221078632, 9221077149, 9221077148], 297.2]
[[4987922381, 4987922377, 9221078633, 9221077164, 9221077165], 297.2]
[[4987922389, 4923802722, 4923800013, 4987984458, 4987922395], 207.0]
[[4987922390, 4987922389, 4923802722, 4923800013, 4987984458, 4987922395], 207.0]
[[4987922395, 4923799985, 4923802721, 4923802722], 27.1]
[[4987922409, 4987922410, 4923807044, 4987922412, 4987922415], 296.7]
[[4987922410, 4923807044, 4987922412, 4987922415], 296.7]
[[4987922412, 4923807044, 4987922410, 4987922409, 4987994233, 4987922437], 115.7]
[[4987922412, 4987922431, 2565693923, 4987922419], 207.3]
[[4987922415, 4923806996, 4987922416, 4923799380], 297.6]
[[4987922416, 4923806996, 4987922415, 4987922412, 4987922431], 117.7]
[[4987922416, 4923807055, 4987883403, 4987984505], 297.6]
[[4987922421, 4987922422, 4987922365, 4987922366, 4987984451, 4923800293], 207.5]
[[4987922428, 4987922453, 4987922455, 4987922454, 4987922452, 4987922456, 4987983337], 27.5]
[[4987922428, 4987922453, 4987922455, 4987922454, 4987922452, 4987922456, 4923805067, 4987910569, 4987983335, 4923803770], 27.5]
[[4987922431, 4987922433, 2370851949, 2370851882], 207.3]
[[4987922431, 2565693923, 4923806996], 296.7]
[[4987922437, 4987994233, 4987984440], 27.5]
[[4987922437, 4987922433, 4987922431, 4987922412], 297.6]
[[4987922439, 4987922442, 4923807027], 207.0]
[[4987922448, 9221078639, 9221078635], 285.4]
[[4987922452, 4987922454, 4923807663], 207.8]
[[4987922452, 4987922456, 4923805067, 4987910569, 4987983335], 27.7]
[[4987922453, 4987922428, 4923802073, 4923799420, 4923807633, 4923799047, 4987984448], 207.5]
[[4987922453, 4987922455, 4987922449], 27.5]
[[4987922453, 4987922455, 4987922454, 4987922452, 4987922456, 4923805067, 4987910569, 4987983335], 27.5]
[[4987922454, 4987922452, 4987922456, 4923805067, 4987910569, 4987983335], 27.8]
[[4987922455, 4987922453, 4987922428, 4923802073, 4923799420, 4923807633, 4923799047, 4987984448], 207.5]
[[4987922455, 4987922454, 4987922452, 4987922456, 4923805067, 4987910569, 4987983335], 27.7]
[[4987922456, 4987922452, 4987922454, 4987922455, 4987922453, 4987922428, 4923802073, 4923802724], 207.7]
[[4987983335, 4987983336, 4987983337, 4923804068, 4987922450], 208.4]
[[4987983335, 4987983336, 4987983337, 4923804068, 4923807662, 4987922449], 208.4]
[[4987983335, 4987984514, 4987984626, 4923803781], 28.4]
[[4987983337, 4987983336, 4987983335, 4923803770], 28.4]
[[4987984431, 4987884221, 4923807068, 4923807080], 27.6]
[[4987984431, 4923804239, 4923808802], 207.6]
[[4987984431, 4923804239, 4923804237, 4923804243, 4987883412], 207.6]
[[4987984434, 4987883393, 4987984515], 27.6]
[[4987984437, 4923806965, 4987883385, 4923800312, 4987984501], 208.5]
[[4987984437, 4923806965, 4923807677], 208.5]
[[4987984438, 4987994226, 4923806698], 177.5]
[[4987984440, 4987922439, 4987922437], 207.0]
[[4987984442, 4987984440, 4987922439, 4987922437, 4987922433], 207.0]
[[4987984442, 4923807022, 4987922409, 4987922410, 4923807044, 4987922412, 4987922415, 4987984503], 297.5]
[[4987984464, 4987984463, 4987984462, 595706787, 7213240253], 207.5]
[[4987984464, 4923799975, 4923799970], 27.5]
[[4987984465, 4923794911, 4987922369], 27.4]
[[4987984470, 4987984465, 4923794911, 4987922369, 4923794903], 27.4]
[[4987984476, 4923806652, 4987984480], 178.1]
[[4987984480, 4923806658, 4987984476], 358.4]
[[4987984496, 4923807099, 4923807575], 117.8]
[[4987984498, 4923804239, 4987984431], 297.2]
[[4987984499, 4923807099, 4923807575, 4987984508, 4923806633], 207.2]
[[4987984499, 4987984486, 4987984498, 4987994234], 27.5]
[[4987984505, 4923799380, 4987922416], 117.4]
[[4987984505, 4923799380, 4987984503, 4987922415, 4987922412], 117.4]
[[4987984506, 4987984505, 4987883403], 117.4]
[[4987984508, 4923808772, 4987984496], 27.5]
[[4987984514, 4987984434, 4987883393, 4987883389], 298.2]
[[4987984515, 4987984514, 4987984434], 208.4]
[[4987984515, 4987984514, 4987983335, 4987910569], 208.4]
[[4987984515, 4987984519, 4923803753], 28.4]
[[4987984519, 4987984515, 4987984514, 4987984434, 4923804453], 208.4]
[[4987994226, 4923806695, 4923805102], 89.6]
[[4987994228, 4923806846, 4923806652, 4923806788, 4987994238], 358.1]
[[4987994228, 4923806846, 4923806652, 4987984476, 4987984478, 4923806661], 358.1]
[[4987994237, 4987994227, 4923807576, 4923807575], 207.6]
[[4987994238, 4987994239, 4923806844], 177.7]
[[4987994238, 4987994239, 4987994240, 4923806834, 4923806674], 177.7]
[[4987994239, 4987994240, 4923806834], 177.7]
[[4987994239, 4987994240, 4987984438, 4923806794, 4923806672], 177.7]
[[4987994240, 4987984438, 4923806794], 177.8]
[[4987994240, 4987984438, 4987994226, 4923806698, 4923806671], 177.8]
[[5185024598, 8776681912, 6549291950, 9653108664], 235.5]
[[5185024618, 5185024764, 2309785769, 2309785706], 315.2]
[[5185024800, 5185025242, 6627314345], 283.9]
[[5185025307, 5925615242, 5185025291, 6549291953], 312.6]
[[5185025424, 5185025008, 3960223300], 34.6]
[[5253301544, 5253301543, 8148762075, 5253301548], 359.2]
[[5253301548, 8148762075, 8148762074], 268.0]
[[5253301558, 5253301559, 5253301560], 174.8]
[[5253301563, 5253301557, 5253301556], 167.1]
[[5253301565, 5253301566, 5253301542], 346.0]
[[5253301566, 5253301548, 8148762073, 8148762072], 269.5]
[[5253301566, 5253301542, 2240236699], 90.3]
[[5253301572, 5253301571, 5253301559], 266.1]
[[5253301572, 8776681968, 664958886, 664958868, 8776681967], 351.0]
[[5253301572, 8776681968, 8776681969, 6737646318], 351.0]
[[5253301618, 5253301619, 5256769186], 181.7]
[[5253301637, 5253301632, 5253301631], 143.9]
[[5253301652, 3807006875, 3807006876, 3807006877], 181.8]
[[5256848900, 2362306159, 2362306066, 2362306146], 315.0]
[[5256862056, 5256862058, 6737633461, 8148762074, 8148762082], 179.2]
[[5256862058, 6737633461, 8148762074], 180.5]
[[5256862071, 5256862072, 5256862073, 8776681908, 9645871562], 88.3]
[[5432300668, 5432300640, 5432300639], 181.7]
[[5925615242, 5185025291, 5925615252, 6549291951], 43.1]
[[5925615242, 5185025307, 6549291954, 6842596371], 132.6]
[[5925615252, 5185025291, 6549291953, 6842596364], 311.8]
[[5960541500, 5960541498, 4923806790], 87.9]
[[5960541500, 5960541498, 4923806790], 87.9]
[[5960541502, 5960541503, 4923806970], 16.8]
[[5960541503, 5960541502, 4923806965], 196.8]
[[5960541510, 4923807854, 4923807851], 317.6]
[[6222350326, 1992846527, 1992846490], 308.2]
[[6222350326, 8486054912, 8486054641], 212.5]
[[6327148608, 2370801661, 9207679434, 9748293308], 112.1]
[[6327148609, 6327148610, 5185101623, 9748293230], 186.6]
[[6370582951, 7153504138, 2309780155, 6370582958], 96.9]
[[6370582961, 7153504139, 6370582951, 7153504138, 2309780155, 6370582958, 6465994483], 94.9]
[[6465994458, 6465994467, 6737626334, 6737626333], 8.2]
[[6465994479, 7153504136, 6465994478, 2309780118, 2309780106, 9653108649], 10.9]
[[6466016214, 6466016215, 4923805107, 4987884223, 2370851829], 176.1]
[[6549291940, 1992846384, 9810950418, 6549291942, 9810950437], 319.9]
[[6549291940, 1992846384, 9810950418, 6549291942, 9810950437], 319.9]
[[6549291941, 3960021424, 9810950431, 6549291943, 9810950419], 141.5]
[[6549291942, 9810950418, 3960021424, 6549291941, 9810950432], 228.4]
[[6549291945, 6796972947, 9810950361], 223.2]
[[6549291946, 6796972936, 803689882], 42.9]
[[6549291947, 9810950359, 9810950398], 133.0]
[[6549291953, 5185025291, 6466016209, 9651856299], 222.0]
[[6549291954, 5185025307, 5185024595, 6842596374], 33.4]
[[6549291960, 9651856277, 5925615250, 6466016208, 6466016195], 206.5]
[[6568646067, 9748293266, 2368698899, 9748284591, 9748293234], 190.8]
[[6630634314, 6630634339, 6630634344], 38.3]
[[6630634344, 6630634345, 6630634309, 6630634310], 110.9]
[[6630652896, 6630634369, 6630649380], 103.9]
[[6630652896, 6630634369, 6630649380], 103.9]
[[6636264876, 6636264881, 7199687784, 7199718985], 306.5]
[[6636264923, 6636264921, 6636264922], 134.3]
[[6636316180, 6636264921, 6636264923, 6636264920], 224.7]
[[6737626327, 6737626328, 6737626329, 6465994464], 187.5]
[[6737626332, 6737633444, 6737633445], 94.5]
[[6737626332, 6737633446, 2309773393, 3663303457], 197.6]
[[6737626334, 6737626333, 6737626332], 92.4]
[[6737633444, 6737633445, 6737633446, 2309773393], 196.2]
[[6737633468, 6737633474, 6737633475], 6.6]
[[6737633473, 6737633452, 9645871547, 9645871539], 84.8]
[[6737633473, 6737633452, 6737633477], 84.8]
[[6737646316, 8776682042, 3960223222, 2240236696, 8776682036, 5253301599], 273.6]
[[6737646317, 6737646316, 8776682042, 3960223222], 178.3]
[[6737646317, 6737646316, 8776682042, 3960223222], 178.3]
[[6737646319, 6737646318, 8776681976], 357.2]
[[6737646319, 6737646318, 8776681976], 357.2]
[[6737646320, 6737646321, 4871911954], 177.4]
[[6737646320, 6737646321, 4871911954], 177.4]
[[6737646323, 8486054609, 8776681907, 9645871553, 8776681987], 89.0]
[[6737646323, 8486054609, 8486054608, 8486054610], 89.0]
[[6737647878, 8635018125, 8635018152], 268.6]
[[6760840109, 6760840110, 2309785706, 2309785769], 134.9]
[[6760840116, 6760840119, 6760840117, 6760840118], 30.5]
[[6760840118, 6760840120, 6760840115, 6760840116], 220.2]
[[6760840119, 6760840117, 6760840121, 6760840122], 30.5]
[[6760840122, 6760840118, 6760840120, 6760840119], 224.0]
[[6796972921, 6796972961, 6796972960, 664958807], 276.4]
[[6796972926, 8522945707, 8522945706, 8522945705], 89.8]
[[6796972928, 8776681862, 8776681860, 8776681838, 1755866336, 8486054632, 6796972929, 8776681845, 8776681844], 17.7]
[[6796972933, 6796972934, 2362283944], 38.5]
[[6796972936, 9810950359, 6796972947, 6549291945], 313.2]
[[6796972940, 6796972941, 6796972942, 3960223285, 3960223284], 0.7]
[[6796972941, 6796972942, 3960223285], 357.4]
[[6796972947, 9810950364, 6796972936, 6549291946], 131.9]
[[6796972953, 6796972929, 8486054632, 1755866336], 121.5]
[[6796972954, 6796972953, 8486054631, 8776681864, 8776681831], 200.1]
[[6796972954, 6796972953, 8776681825], 200.1]
[[6796972955, 8776665400, 8776681966, 8486054670, 8635018153], 188.2]
[[6796972960, 6796972922, 6796972921, 664958842], 95.2]
[[6796972961, 6796972921, 664958842, 9644814684], 96.4]
[[6814118390, 6814118478, 6814118447, 6814118481, 2372609081], 288.6]
[[6814118447, 8442041629, 595706764, 6814118479], 200.1]
[[6814118480, 595706764, 8442041629, 6814118447, 6814118478, 6814118390], 20.8]
[[6814118480, 595706764, 8442041629, 6814118447, 6814118478, 6814118390], 20.8]
[[6814118481, 6814118447, 6814118391], 200.1]
[[6842596339, 2749938179, 2749938308, 2749938239, 6842596377], 125.8]
[[6842596354, 6842596377, 2749938239, 6842596357, 3960223321], 39.3]
[[6842596375, 2749938308, 2749938245, 6842596360], 305.5]
[[6842596377, 2749938239, 6842596357], 39.3]
[[7104288519, 9211436321, 9211436320, 9211436317], 162.1]
[[7153504137, 2274887263, 6370582950, 6370582954], 197.9]
[[7153504139, 6370582951, 7153504138, 2309780155, 6370582958], 94.9]
[[7213240270, 2564071662, 4987884255, 595706818], 291.0]
[[7213240274, 595706829, 7213240275], 270.1]
[[7288183160, 7288208723, 7288208724, 7288208725], 212.5]
[[7288183160, 7288183161, 7288183162], 124.0]
[[7288208723, 803711119, 7288208701, 6796972943], 212.5]
[[7288208724, 7288208723, 803711119], 115.8]
[[7288208725, 7288208724, 7288208723, 803711119, 803710597], 112.8]
[[7288208726, 7288208725, 7288208724, 7288208723, 803711119, 803710597], 115.9]
[[7288248885, 7288183166, 7288183165], 302.4]
[[7288248885, 7288183166, 7288183165], 302.4]
[[7597888655, 7597888654, 7597888614, 7597888613], 201.6]
[[8148711960, 8148711963, 9645871552, 6737646324], 263.9]
[[8148762073, 5253301548, 8148762075, 5253301543], 177.5]
[[8486054572, 8486054678, 8486054573, 8610737910, 8776665397, 8486054549, 8776681873, 664958807], 89.1]
[[8486054572, 8486054673, 8486054672], 358.6]
[[8486054573, 8486054678, 8486054572, 8635008713, 8635018124, 8776681973, 8635018153], 269.0]
[[8486054573, 8610737910, 8610737908], 89.0]
[[8486054575, 8486054572, 8486054678, 8486054573], 358.6]
[[8486054575, 8486054572, 8486054678, 8486054573], 358.6]
[[8486054603, 8486054677, 8486054678, 8486054573, 8610737910], 0.7]
[[8486054603, 8486054677, 8486054678, 8486054573, 8610737910], 0.7]
[[8486054607, 6737646323, 8486054609], 359.4]
[[8486054624, 8486054632, 6796972929, 8776681852], 283.2]
[[8486054632, 8486054631, 6796972953, 6796972954], 299.9]
[[8486054640, 8486054641, 1992846427, 1992846563], 119.8]
[[8486054640, 8486054641, 8486054912, 1992846514, 6222350331], 119.8]
[[8486054670, 8635018153, 8635018125, 8635018152], 268.9]
[[8486054670, 8776681966, 6796972958, 6796972925, 6796972959], 88.9]
[[8486054670, 8776681966, 8776681974, 8486054549], 88.9]
[[8486054678, 8486054572, 8635008713, 8635018124, 8776681973], 269.1]
[[8486054678, 8486054572, 8486054673, 8486054576], 269.1]
[[8486054678, 8486054573, 8610737910, 8776665397, 8486054549, 8776681873], 89.0]
[[8486054911, 8486054628, 6737647850], 102.9]
[[8486054912, 8486054641, 1992846527, 1992846490], 297.8]
[[8522945694, 8522945702, 8522945703], 210.7]
[[8522945707, 6796972926, 6796972927], 269.8]
[[8522945710, 8522945707, 8522945708], 276.1]
[[8522945715, 8522945716, 2361706198], 79.7]
[[8522945716, 8522945715, 2362306029], 259.7]
[[8635008713, 8486054572, 8486054678, 8486054573, 8610737910, 8776665397, 8486054549, 8776681873, 664958807], 89.0]
[[8635018119, 8635018123, 8776681943, 664958815, 8776681948, 5253301651], 269.4]
[[8635018123, 8776681943, 664958815, 8776681931, 8776681938, 8776681930], 269.4]
[[8635018123, 8776681943, 664958815, 8776681948, 5253301651], 269.4]
[[8635018124, 8635008713, 8486054572, 8486054678, 8486054573, 8610737910, 8776665397, 8486054549, 8776681873, 664958807], 87.9]
[[8635018129, 3730447406, 3730447408, 3730447405, 3730453554, 2362306055, 3730453553], 93.5]
[[8635018129, 3730447406, 3730447408, 3730447405, 3730453554, 3730453555], 93.5]
[[8635018136, 8635018138, 8635018133, 2362306060], 18.1]
[[8635018141, 8635018140, 8635018139, 664958788, 8635018132], 291.5]
[[8635018141, 8635018140, 8635018139, 664958788, 8635018132], 291.5]
[[8635018143, 8635018129, 3730447406], 7.5]
[[8635018147, 8635018188, 8635018187, 8486054630, 8486054910], 195.8]
[[8635018147, 8635018188, 664958770, 664958772], 195.8]
[[8635018149, 8635018148, 8635018187, 8486054911], 10.4]
[[8635018150, 8635018149, 8635018148, 8635018187, 8635018188, 1755866352], 9.3]
[[8635018150, 8635018149, 8635018148, 8635018187, 8486054911, 8486054628], 9.3]
[[8653556890, 9748293230, 5185101623, 6327148610, 2368698893, 2368698878], 107.3]
[[8776665398, 8776681974, 8486054549], 89.1]
[[8776681845, 6796972929, 8776681852, 6796972930], 284.1]
[[8776681865, 6796972922, 6796972960, 8776681880], 178.2]
[[8776681886, 6796972961, 6796972921, 8776681894], 356.3]
[[8776681887, 9644814684, 664958842, 6796972921, 6796972922, 8776681866, 664958805], 359.9]
[[8776681899, 664958780, 9645871542], 354.3]
[[8776681912, 1755866360, 9653108669, 6549291949], 145.3]
[[8776681912, 1755866360, 5185024740, 2362296683, 2362296687], 145.3]
[[8776681912, 5185024598, 5185024924, 6549291948], 55.5]
[[8776681913, 9653108657, 9653108661, 9653108670, 8776681912, 1755866360, 5185024740], 41.4]
[[8776681914, 9653108656, 8776681934, 9653108649], 214.4]
[[8776681923, 9645871558, 8776681907, 8486054609, 6737646323], 173.9]
[[8776681929, 8776681970, 8776681971, 8776681997], 353.7]
[[8776681931, 664958815, 664958832], 91.2]
[[8776681933, 9645871564, 9645864973, 9645864971, 9645871585, 8776681923, 9645871558, 8776681907, 8486054609, 6737646323], 174.8]
[[8776681954, 2361706393, 2361706198], 174.8]
[[8776681954, 664958832, 664958815, 8776681943, 8635018123], 354.8]
[[8776681954, 664958832, 8776681959, 664958834], 354.8]
[[8776681955, 8776681954, 2361706393, 2361706198], 184.1]
[[8776681968, 664958886, 664958868], 351.0]
[[8776681969, 8776681968, 664958886, 2240236699], 269.1]
[[8776681971, 8776681970, 8776681935, 8776681987], 269.2]
[[8776681972, 8776681973, 8776665398, 8776681974, 8486054549, 8776681873], 89.1]
[[8776681972, 8776681973, 8776665398, 8776681974, 6796972925, 6796972959, 8776681865], 89.1]
[[8776681973, 8776665398, 8776681974, 8486054549, 8776681873], 89.1]
[[8776681973, 8776665398, 8776681974, 6796972925, 6796972959, 8776681865], 89.1]
[[8776681973, 8776681972, 664958799], 269.1]
[[8776681987, 8776681935, 8776681992], 177.1]
[[8776681987, 8776681935, 8776681970, 8776681976], 177.1]
[[8776681997, 8776681972, 5253301648, 5253301641], 89.1]
[[8776681997, 8776681972, 8776681973, 8635018124, 8635018155], 89.1]
[[8776682036, 2240236696, 4871911956, 4871911953], 173.0]
[[8776682036, 2240236696, 4871911956, 6227520136], 173.0]
[[8776682055, 2240236693, 3960223222, 8776682042, 6737646316], 350.3]
[[9159920262, 2370851836, 2370851900], 279.8]
[[9159920288, 2370829059, 9159920252], 23.3]
[[9159920289, 2368698889, 9159920305], 306.1]
[[9159920318, 2370851871, 2370851876], 94.3]
[[9187240798, 9187240799, 9187240800, 6760840106, 3960223316], 230.8]
[[9187255219, 9187240810, 9187240808], 129.6]
[[9207679465, 9207679476, 9207679478, 9207679477, 9207679434, 9748293308, 2368698849], 113.8]
[[9207679466, 9207679465, 9207679476, 9207679478, 9207679477, 9207679434, 9748293308, 2368698849], 113.9]
[[9207679475, 2370801686, 9207679476, 9207679465], 198.2]
[[9207679476, 2370801686, 9207679475, 6327148607, 6327148608], 18.1]
[[9211436308, 2754532047, 9211436321], 163.9]
[[9211436317, 9211436320, 9211436321, 7597868403, 2368698912], 59.4]
[[9211436317, 9211436320, 9211436321, 7597868403, 2368698912], 59.4]
[[9211436319, 7104288519, 9211436321, 7597868403], 59.3]
[[9211436321, 7104288519, 9211436308], 342.1]
[[9221077146, 9221077152, 595706789, 595706790], 205.5]
[[9221077153, 9221078641, 595706812, 595706813], 25.4]
[[9221077165, 9221077166, 9221078638, 9221078639, 4987922448, 4987922446], 27.0]
[[9221077169, 595706812, 595706813, 7213240263], 24.8]
[[9221078621, 2309763600, 9221078622, 9221077172, 9221077159], 109.9]
[[9221078623, 2309763580, 9221078624, 9221078622, 9221077172], 110.0]
[[9221078624, 2309763580, 9221078623, 9221077155, 9221077145], 292.5]
[[9221078630, 9221078631, 9221077167], 122.7]
[[9221078632, 9221078633, 9221078631, 9221077167], 123.1]
[[9221078637, 595706812, 9221078641, 595706811], 204.8]
[[9221078638, 2660964898, 9221078634, 9221078635], 302.0]
[[9221078639, 2660964898, 9221078634, 9221078635], 285.4]
[[9221078641, 595706812, 9221077169], 121.6]
[[9644814680, 8776681887, 9644814684, 664958842, 6796972921, 8776681894, 664958843], 358.2]
[[9644814684, 664958842, 6796972921, 8776681894], 359.9]
[[9645864971, 9645871585, 8776681923, 9645871558, 8776681907, 8486054609, 6737646323], 174.9]
[[9645864971, 9645864972, 9645871584, 664958776], 89.1]
[[9645864971, 9645864973, 9645864974, 9645871565], 354.9]
[[9645864972, 9645864974, 9645871565, 9645871568], 355.7]
[[9645864972, 9645864971, 9645864973, 9645871564], 269.1]
[[9645864973, 9645864971, 9645871586, 9645871587], 174.9]
[[9645864973, 9645864971, 9645871585, 8776681923, 9645871558, 8776681907, 8486054609, 6737646323], 174.9]
[[9645864973, 9645864974, 9645864972, 9645871584], 88.8]
[[9645864974, 9645864972, 9645864971, 9645871586], 175.7]
[[9645864974, 9645864973, 9645871564, 8776681933], 268.8]
[[9645871518, 9645864973, 9645864971, 9645871585], 88.8]
[[9645871542, 664958780, 8776681903], 268.9]
[[9645871549, 9645871548, 6737633451, 9645871547, 6737633452, 6737633473], 176.0]
[[9645871550, 9645871549, 9645871548, 6737633451, 9645871547, 6737633452, 6737633473], 178.0]
[[9645871564, 9645864973, 9645864971, 9645871585, 8776681923, 9645871558, 8776681907, 8486054609, 6737646323], 174.8]
[[9645871565, 9645864974, 9645871590, 8776682029], 268.8]
[[9645871585, 8776681923, 9645871558, 8776681907, 8486054609, 6737646323], 174.9]
[[9645871585, 9645864971, 9645864972, 9645871588], 354.9]
[[9645871586, 9645864971, 9645871585, 8776681923], 89.2]
[[9645871588, 9645864972, 9645864974, 9645871590], 269.1]
[[9645871590, 9645864974, 9645864973, 9645871518], 175.7]
[[9651856245, 5925615250, 9651856277], 286.7]
[[9651856276, 9651856245, 9651856278], 291.9]
[[9651856277, 5925615250, 6466016208, 6466016195], 206.5]
[[9651856278, 9651856245, 5925615250, 6466016208], 207.7]
[[9651856302, 3376604983, 9651856023, 9651856024], 296.3]
[[9651856312, 9651856314, 9651856313, 9651856241], 107.9]
[[9651856312, 9651856314, 9651856313, 9651856241], 107.9]
[[9653108634, 6549291949, 9653108669, 1755866360, 5185024740], 43.9]
[[9653108653, 3911955569, 9653108680, 9653108681], 179.0]
[[9653108657, 9653108661, 9653108670, 8776681912, 1755866360, 5185024740], 44.6]
[[9739686681, 9739686680, 9739686690, 9739686679, 9211436324], 30.2]
[[9739686681, 9739686680, 9739686690, 9739686679, 9211436324], 30.2]
[[9748284589, 9748293234, 9748284591, 2368698899], 10.1]
[[9748284591, 2368698899, 2368698843], 108.9]
[[9748293229, 9748293230, 8653556890], 188.9]
[[9748293230, 5185101623, 6327148610, 2368698893, 2368698878], 107.3]
[[9748293232, 9748293233, 9748293231, 9748293235, 9748293234, 9748284604, 9748293222], 189.2]
[[9748293232, 9748293233, 9748293231, 9748293235, 9748293234, 9748284604, 9748293222], 189.2]
[[9748293234, 9748284589, 9748293229, 9748293230, 8653556890, 8653556884], 190.1]
[[9748293305, 9207679476, 9207679478, 9207679477], 18.2]
[[9810950359, 6796972947, 9810950364, 9810950391], 43.2]
[[9810950359, 6796972936, 6549291946], 133.2]
[[9810950361, 6796972947, 9810950359, 9810950398], 128.5]
[[9810950364, 6796972936, 9810950359, 6549291947], 226.8]
[[9810950376, 9810950442, 9810950377, 1992846435, 1992846452, 1992846375], 317.0]
[[9810950378, 9810950379, 9810950342, 803709657], 309.3]
[[9810950391, 9810950364, 6796972947, 6549291945, 9810950410], 317.1]
[[9810950392, 9810950391, 9810950364, 6796972947, 6549291945, 9810950410], 317.1]
[[9810950403, 803689882, 6796972936, 9810950364, 9810950409], 320.8]
[[9810950404, 9810950390, 9810950392, 9810950391, 9810950364, 9810950409, 6796972937], 324.3]
[[9810950416, 2362283916, 803689851], 220.1]
[[9810950418, 1992846384, 9810950431, 6549291943], 146.3]
[[9810950431, 3960021424, 9810950418, 6549291942], 320.8]
[[9810950436, 3960021424, 9810950431, 9810950366], 49.6]
[[9810950442, 9810950377, 1992846435, 1992846452], 317.1]
