[[664958776, 9645871584, 9645864972, 9645864971, 9645871585, 8776681923], [9645864971, 9645864973], [9645864971, 9645871586], 269.1]
[[803711142, 9810950380, 9810950342, 803709657, 803710298], [803709657, 1992846375], [803709657, 803710601], 31.1]
[[2240236699, 5253301542, 5253301566, 5253301548, 5253301554, 5253301549], [5253301548, 8148762073], [5253301548, 8148762075], 270.3]
[[2309780130, 664958879, 664958876, 6465994481], [664958876, 6465994480], [664958876, 9653108675, 9653108673], 94.7]
[[2749938171, 6842596376, 2749938179, 2749938308, 2749938245], [2749938308, 2749938239], [2749938308, 6842596375], 125.8]
[[2749938239, 2749938308, 2749938179, 2749938044], [2749938179, 6842596376], [2749938179, 6842596339, 6842606185], 305.8]
[[3730742581, 3730742582, 3730742580, 3730742578, 2274887273, 3730742574], [2274887273, 3730461049], [2274887273, 3730449784, 3730453553], 271.4]
[[4923799938, 4987922453, 4987922428, 4923802073, 4923799420, 4923807633, 4923799047, 4923807632, 4923807089, 4987922365], [4923807089, 4987984449], [4923807089, 4987984451, 4987922359], 207.5]
[[4923800285, 4987922384, 4987922361, 4923800291, 4987922359, 4987984451, 4923800293], [4987984451, 4987922366], [4987984451, 4923807089, 4923807632], 27.5]
[[4923800306, 4923864480, 4987883381, 4923804453, 4987984434, 4987984514, 4987984515, 4987984519], [4987984514, 4987983335], [4987984514, 4987984626, 4923803781], 118.2]
[[4923800306, 4923864480, 4987883381, 4923804453, 4987910570, 4987910569, 4987983335, 4987984514, 4987984515], [4987983335, 4987983336], [4987983335, 4923803770], 117.4]
[[4923803736, 4923807662, 4987922449, 4987922455, 4987922453, 4987922428, 4923802073, 4923799420, 4923807633, 4923799047, 4923807632, 4923807089, 4987922365], [4923807089, 4987984449], [4923807089, 4987984451, 4987922359], 207.5]
[[4923803753, 4987984519, 4987984515, 4987984514, 4987984626], [4987984514, 4987984434], [4987984514, 4987983335], 208.4]
[[4923806633, 4987984508, 4923808772, 4987883411], [4923808772, 4987984496], [4923808772, 4923804243], 27.5]
[[4923806633, 4987984508, 4923808772, 4923804243, 4987883412], [4923804243, 4923804237], [4923804243, 4923808802, 4923808216], 27.5]
[[4923806638, 4923808171, 4987884249, 4987884248, 7213240282, 4923808172, 4923808173, 2564071661, 4987884255, 595706818], [4987884255, 2564071662], [4987884255, 7213240276], 110.0]
[[4923806658, 4987984480, 4923806678, 4923806676, 4923806674, 4923806834, 4923806844, 4923806785], [4923806834, 4923806794], [4923806834, 4987994240], 87.2]
[[4923806671, 4923806698, 4923806794, 4923806672], [4923806794, 4987984438], [4923806794, 4923806834], 357.6]
[[4923806671, 4923806698, 4923806794, 4923806834, 4923806674], [4923806834, 4987994240], [4923806834, 4923806844, 4923806785], 357.6]
[[4923806672, 4923806794, 4923806834, 4923806674], [4923806834, 4987994240], [4923806834, 4923806844], 357.7]
[[4923806674, 4923806834, 4923806844, 4987994228, 4923806676], [4923806844, 4987994239], [4923806844, 4923806785], 357.7]
[[4923806674, 4923806672, 4923806794, 4923806834], [4923806794, 4923806698], [4923806794, 4987984438], 87.5]
[[4923806676, 4923806674, 4923806834, 4923806844], [4923806834, 4923806794], [4923806834, 4987994240], 87.2]
[[4923806678, 4923806676, 4923806674, 4923806834, 4923806844, 4923806785], [4923806834, 4923806794], [4923806834, 4987994240], 87.2]
[[4923807068, 4987884221, 4987883418, 4923808216, 4923808802, 4923804239], [4923808802, 4987883413], [4923808802, 4923804243, 4923808772], 207.5]
[[4923807074, 4923807080, 4923807068, 4987884221, 4987984431, 4923804239, 4987984498, 4987994234], [4923804239, 4923808802], [4923804239, 4923804237, 4987984496], 207.6]
[[4923807080, 4923807068, 4987884221, 4987984431, 4923804239, 4987984498, 4987994234], [4923804239, 4923808802], [4923804239, 4923804237, 4987984496], 207.6]
[[4923807081, 4923803736, 4923807662, 4987922449, 4987922455, 4987922453, 4987922428, 4923802073, 4923799420, 4923807633, 4923799047, 4923807632, 4923807089, 4987922365], [4923807089, 4987984449], [4923807089, 4987984451, 4987922359], 207.5]
[[4923807099, 4987984499, 4987984486, 4987984498, 4923804239, 4923808802, 4923804243, 4923808772], [4923808802, 4923808216, 4987883418], [4923808802, 4987883413], 297.2]
[[4923807662, 4987922449, 4987922455, 4987922453, 4987922428, 4923802073, 4923799420, 4923807633, 4923799047, 4923807632, 4923807089, 4987922365], [4923807089, 4987984449], [4923807089, 4987984451, 4987922359], 207.5]
[[4923808171, 4987884249, 4987884248, 7213240282, 4923808172, 4923808173, 2564071661, 4987884255, 595706818], [4987884255, 2564071662], [4987884255, 7213240276], 110.0]
[[4923808772, 4987984496, 4923804237, 4923804239, 4923808802], [4923804239, 4987984498, 4987994234], [4923804239, 4987984431, 4987884221], 27.6]
[[4923808813, 4987883414, 4987883413, 4923808802, 4923808216, 4987883418], [4923808802, 4923804243], [4923808802, 4923804239], 117.3]
[[4923808813, 4987883414, 4987883413, 4987883412, 4923804243, 4923808802, 4923808216], [4923804243, 4923808772, 4987984508], [4923804243, 4923804237], 117.5]
[[4923864480, 4987883381, 4923804453, 4987910570, 4987910569, 4987983335, 4987984514, 4987984515], [4987983335, 4987983336], [4987983335, 4923803770], 117.4]
[[4987883409, 4987883410, 4923806633, 4987984508, 4923808772, 4923804243, 4987883412], [4923804243, 4923804237], [4923804243, 4923808802, 4923808216], 27.5]
[[4987883410, 4923806633, 4987984508, 4923808772, 4923804243, 4987883412], [4923804243, 4923804237], [4923804243, 4923808802, 4923808216], 27.5]
[[4987883411, 4923808772, 4923804243, 4923808802, 4987883413], [4923808802, 4923804239], [4923808802, 4923808216, 4987883418], 27.5]
[[4987883413, 4987883412, 4987883411, 4923808772, 4923804243, 4923808802], [4923808772, 4987984508], [4923808772, 4987984496], 117.8]
[[4987883414, 4987883413, 4987883412, 4923804243, 4923808802, 4923808216], [4923804243, 4923808772, 4987984508], [4923804243, 4923804237], 117.5]
[[4987883414, 4987883413, 4987883412, 4987883411, 4923808772, 4923804243, 4923808802], [4923808772, 4987984508], [4923808772, 4987984496], 117.8]
[[4987883418, 4923808216, 4923808802, 4923804239, 4987984431, 4987884221], [4923804239, 4923804237], [4923804239, 4987984498, 4987994234], 117.3]
[[4987884221, 4987883418, 4923808216, 4923808802, 4923804239], [4923808802, 4987883413], [4923808802, 4923804243, 4923808772], 207.5]
[[4987884226, 4923807081, 4923803736, 4923807662, 4987922449, 4987922455, 4987922453, 4987922428, 4923802073, 4923799420, 4923807633, 4923799047, 4923807632, 4923807089, 4987922365], [4923807089, 4987984449], [4923807089, 4987984451, 4987922359], 207.5]
[[4987884233, 7213240284, 4987884250, 4987884251, 4923808184, 4923808183, 2564071661, 4987884255, 595706818], [4987884255, 2564071662], [4987884255, 7213240276], 110.4]
[[4987884248, 7213240282, 4923808172, 4923808173, 2564071661, 4987884255, 595706818], [4987884255, 2564071662], [4987884255, 7213240276], 110.0]
[[4987884249, 4987884248, 7213240282, 4923808172, 4923808173, 2564071661, 4987884255, 595706818], [4987884255, 2564071662], [4987884255, 7213240276], 110.0]
[[4987884250, 4987884251, 4923808184, 4923808183, 2564071661, 4987884255, 595706818], [4987884255, 2564071662], [4987884255, 7213240276], 110.4]
[[4987884251, 4923808184, 4923808183, 2564071661, 4987884255, 595706818], [4987884255, 2564071662], [4987884255, 7213240276], 110.4]
[[4987922421, 4923802073, 4923799420, 4923807633, 4923799047, 4923807632, 4923807089, 4987922365], [4923807089, 4987984449], [4923807089, 4987984451, 4987922359], 207.4]
[[4987922449, 4923807662, 4923804068, 4987983337, 4987983336, 4987983335, 4987910569], [4987983335, 4923803770], [4987983335, 4987984514], 28.4]
[[4987922450, 4923804068, 4987983337, 4987983336, 4987983335, 4987910569], [4987983335, 4923803770], [4987983335, 4987984514], 28.4]
[[4987984431, 4923808204, 4923808216, 4923808802, 4923804243, 4923804237], [4923804243, 4987883412], [4923804243, 4923808772, 4987984508], 207.5]
[[4987984438, 4987994240, 4923806834, 4923806794], [4923806834, 4923806844], [4923806834, 4923806674], 267.2]
[[4987984448, 4987984449, 4923800293, 4987984451, 4923807089, 4923807632], [4987984451, 4987922359, 4923800291], [4987984451, 4987922366], 117.2]
[[4987984454, 4987984457, 4923803770, 4987983335, 4987983336], [4987983335, 4987984514], [4987983335, 4987910569], 297.4]
[[4987984455, 4987984454, 4987984457, 4923803770, 4987983335, 4987983336], [4987983335, 4987984514], [4987983335, 4987910569], 297.4]
[[4987984480, 4923806678, 4923806676, 4987994228, 4923806844, 4923806785], [4923806844, 4923806834], [4923806844, 4987994239], 87.5]
[[4987984480, 4923806678, 4923806676, 4923806674, 4923806834, 4923806844, 4923806785], [4923806834, 4923806794], [4923806834, 4987994240], 87.2]
[[4987984496, 4923804237, 4923804239, 4923808802, 4923804243, 4923808772], [4923808802, 4923808216, 4987883418], [4923808802, 4987883413], 297.3]
[[4987994226, 4987984438, 4923806794, 4923806698], [4923806794, 4923806834], [4923806794, 4923806672], 267.5]
[[4987994226, 4987984438, 4987994240, 4923806834, 4923806794, 4923806698], [4923806834, 4923806844, 4923806785], [4923806834, 4923806674], 267.2]
[[4987994238, 4923806788, 4923806785, 4923806844, 4987994239], [4923806844, 4987994228, 4923806676], [4923806844, 4923806834], 177.8]
[[4987994238, 4923806788, 4923806785, 4923806844, 4923806834, 4987994240], [4923806834, 4923806674], [4923806834, 4923806794, 4923806698], 177.8]
[[4987994239, 4923806844, 4923806834, 4987994240], [4923806834, 4923806674], [4923806834, 4923806794], 177.7]
[[4987994240, 4923806834, 4923806794, 4987984438], [4923806794, 4923806672], [4923806794, 4923806698], 177.7]
[[4987994240, 4987994239, 4923806844, 4923806834], [4923806844, 4923806785], [4923806844, 4987994228, 4923806676], 267.5]
[[5185025291, 5925615242, 5185025307, 5925615252], [5185025307, 6549291954], [5185025307, 5185024595], 132.6]
[[5185025307, 5925615252, 5185025291, 5925615242], [5185025291, 6549291953], [5185025291, 6466016209], 311.8]
[[5253301649, 5253301648, 8776681972, 664958799, 8776681982], [664958799, 8635018153, 8486054670], [664958799, 8776681998, 6737647882], 359.0]
[[6327148607, 9207679475, 2370801686, 9207679476, 9207679478], [9207679476, 9207679465], [9207679476, 9748293305], 198.2]
[[6737646324, 9645871552, 8148711963, 8776681986, 9645871570, 664958891, 8776681982, 664958799, 8635018153, 8635018125, 8635018152], [8635018153, 8776681973, 8635018124], [8635018153, 8486054670, 8776681966], 88.8]
[[6737647851, 6737647850, 8486054628, 8486054911, 8635018187, 8486054630, 664958796], [8486054630, 664958770, 664958794], [8486054630, 8486054910, 8486054909], 282.9]
[[6796972927, 6796972926, 8522945707, 8522945708], [8522945707, 8522945706, 8522945705], [8522945707, 8522945710], 89.8]
[[6796972959, 6796972925, 6796972958, 8776681966, 8486054670, 8635018153, 664958799, 8776681972, 5253301648], [664958799, 8776681998, 6737647882], [664958799, 8776681982], 270.9]
[[6796972959, 6796972925, 6796972958, 8776681966, 8486054670, 8635018153, 8776681973, 8635018124], [8635018153, 8635018125], [8635018153, 664958799, 8776681982], 270.9]
[[6796972959, 6796972925, 8776681974, 8776665398, 8776681973, 8635018124], [8776681973, 8635018153, 8635018125], [8776681973, 8776681972, 8776681997], 269.1]
[[6842596378, 2749938044, 2749938179, 6842596339, 6842606185], [2749938179, 2749938308], [2749938179, 6842596376], 39.7]
[[7153504136, 6465994478, 2309780118, 2309780155, 6370582958], [2309780155, 2274887263, 7153504137], [2309780155, 7153504138, 6370582951], 268.1]
[[7213240242, 2660964885, 2660964825, 595706810, 7213240256, 7213240288, 595706811, 9221078641, 595706789, 9221077152, 9221077146, 9221078627, 9221077147, 9221077151, 9221078630, 9221078632, 2370829144], [9221078632, 9221078633, 4987922377], [9221078632, 9221077149, 9221077148], 25.4]
[[7213240282, 4923808172, 4923808173, 2564071661, 4987884255, 595706818], [4987884255, 2564071662], [4987884255, 7213240276], 110.0]
[[7213240284, 4987884250, 4987884251, 4923808184, 4923808183, 2564071661, 4987884255, 595706818], [4987884255, 2564071662], [4987884255, 7213240276], 110.4]
[[8148711963, 8776681986, 9645871570, 664958891, 8776681971, 8776681997, 8776681972, 8776681973, 8635018153, 8635018125], [8776681973, 8635018124], [8776681973, 8776665398, 8776681974], 89.1]
[[8148711963, 8776681986, 9645871570, 664958891, 8776681982, 664958799, 8635018153, 8635018125], [8635018153, 8776681973, 8635018124], [8635018153, 8486054670, 8776681966], 88.8]
[[8148762074, 8148762075, 5253301548, 8148762073, 8148762072], [5253301548, 5253301554, 5253301549], [5253301548, 5253301566, 5253301542], 88.0]
[[8486054549, 8776681974, 8776681966, 8486054670, 8635018153, 664958799, 8776681972, 5253301648], [664958799, 8776681998, 6737647882], [664958799, 8776681982], 268.9]
[[8486054549, 8776681974, 8776681966, 8486054670, 8635018153, 8776681973, 8635018124], [8635018153, 8635018125], [8635018153, 664958799, 8776681982], 268.9]
[[8486054549, 8776681974, 8776665398, 8776681973, 8635018124], [8776681973, 8635018153, 8635018125], [8776681973, 8776681972, 8776681997], 269.1]
[[8486054576, 8486054673, 8486054572, 8486054678, 8486054672, 8486054604], [8486054678, 8486054677, 8486054603], [8486054678, 8486054573, 8610737910], 89.1]
[[8486054673, 8486054572, 8486054678, 8486054672], [8486054678, 8486054677, 8486054603], [8486054678, 8486054573, 8610737910], 89.1]
[[8776681907, 9645871553, 8776681987, 8776681935, 664958891, 8776681982, 664958799, 8635018153, 8635018125, 8635018152], [8635018153, 8776681973, 8635018124], [8635018153, 8486054670, 8776681966], 89.2]
[[8776681933, 9645871564, 9645864973, 9645864974, 9645871590], [9645864974, 9645864972], [9645864974, 9645871565], 88.8]
[[9211436320, 9211436321, 7104288519, 9211436319], [7104288519, 9211436308], [7104288519, 2754531782], 342.1]
[[9221077169, 595706812, 9221078641, 9221077153], [9221078641, 595706789], [9221078641, 595706811], 301.6]
[[9221078630, 9221078631, 4987922378, 4987922379, 4987922381, 4987922386, 4987922384, 4987922361, 4923800291, 4987922359, 4987984451, 4923800293], [4987984451, 4987922366], [4987984451, 4923807089, 4923807632], 27.5]
[[9221078631, 4987922378, 4987922379, 4987922381, 4987922386, 4987922384, 4987922361, 4923800291, 4987922359, 4987984451, 4923800293], [4987984451, 4987922366], [4987984451, 4923807089, 4923807632], 27.5]
[[9221078632, 9221078633, 4987922377, 4987922381, 4987922386, 4987922384, 4987922361, 4923800291, 4987922359, 4987984451, 4923800293], [4987984451, 4987922366], [4987984451, 4923807089, 4923807632], 27.5]
[[9221078633, 4987922377, 4987922381, 4987922386, 4987922384, 4987922361, 4923800291, 4987922359, 4987984451, 4923800293], [4987984451, 4987922366], [4987984451, 4923807089, 4923807632], 27.5]
[[9221078641, 595706812, 9221078637, 595706789], [9221078637, 7213240285], [9221078637, 9221077168], 24.8]
[[9645864971, 9645864972, 9645864974, 9645864973], [9645864974, 9645871565], [9645864974, 9645871590], 355.7]
[[9645864972, 9645864974, 9645864973, 9645864971], [9645864973, 9645871564], [9645864973, 9645871518], 268.8]
[[9645864973, 9645864971, 9645864972, 9645864974], [9645864972, 9645871584], [9645864972, 9645871588], 89.1]
[[9645864974, 9645864973, 9645864971, 9645864972], [9645864971, 9645871586], [9645864971, 9645871585], 174.9]
[[9645871552, 8148711963, 8776681986, 9645871570, 664958891, 8776681982, 664958799, 8635018153, 8635018125, 8635018152], [8635018153, 8776681973, 8635018124], [8635018153, 8486054670, 8776681966], 88.8]
[[9645871564, 9645864973, 9645864974, 9645871590], [9645864974, 9645864972], [9645864974, 9645871565], 88.8]
[[9645871565, 9645864974, 9645864972, 9645871588], [9645864972, 9645864971], [9645864972, 9645871584], 175.7]
[[9645871568, 9645871565, 9645864974, 9645864972, 9645871588, 9645871589], [9645864972, 9645864971], [9645864972, 9645871584], 175.7]
[[9645871584, 9645864972, 9645864974, 9645864973, 9645864971, 9645871585], [9645864973, 9645871564], [9645864973, 9645871518], 268.8]
[[9645871584, 9645864972, 9645864971, 9645871585], [9645864971, 9645864973], [9645864971, 9645871586], 269.1]
[[9645871586, 9645864971, 9645864973, 9645871518], [9645864973, 9645864974], [9645864973, 9645871564], 354.9]
[[9645871587, 9645871586, 9645864971, 9645864973, 9645871518, 8776681905], [9645864973, 9645864974], [9645864973, 9645871564], 354.9]
