[[595706789, 9221078637, 595706812, 9221077169], [595706789, 9221078641, 595706812], 122.0]
[[2362283983, 2362283923, 2362283898, 2362296663], [2362283983, 2362283910, 2362283898], 324.2]
[[2368698899, 2368698843, 5185101623, 9748293230, 8653556890, 8653556884], [2368698899, 9748284591, 9748293234, 9748284589, 9748293229, 9748293230], 186.6]
[[2749938044, 2749938179, 2749938308, 6842596375, 6842596358], [2749938044, 2749938239, 2749938308], 39.7]
[[2749938179, 2749938308, 2749938239, 6842596377], [2749938179, 2749938044, 2749938239], 125.8]
[[2749938239, 2749938044, 2749938179, 6842596376, 2749938171], [2749938239, 2749938308, 2749938179], 306.0]
[[4923803753, 4987984624, 4987984626, 4987984514, 4987984434], [4923803753, 4987984519, 4987984515, 4987984514], 208.4]
[[4923806676, 4987994228, 4923806844, 4923806834, 4923806794, 4923806698], [4923806676, 4923806674, 4923806834], 87.5]
[[4923806676, 4923806678, 4987984480, 4923806652, 4923806788, 4987994238], [4923806676, 4987994228, 4923806846, 4923806652], 358.4]
[[4923806676, 4923806678, 4987984480, 4923806658, 4987984476, 4987984478, 4923806661], [4923806676, 4987994228, 4923806846, 4923806652, 4987984476], 358.4]
[[4923806678, 4987984480, 4923806658, 4987984476, 4987984478, 4923806661], [4923806678, 4923806846, 4923806652, 4987984476], 358.4]
[[4923806698, 4923806671, 4923806672, 4923806674, 4923806676], [4923806698, 4923806794, 4923806672], 269.6]
[[4923806788, 4987994238, 4987994239, 4987994240, 4987984438], [4923806788, 4923806785, 4923806844, 4987994239], 88.2]
[[4923806788, 4923806785, 4923806844, 4987994228, 4923806676], [4923806788, 4923806652, 4923806846, 4987994228], 177.8]
[[4923806794, 4923806672, 4923806674, 4923806676, 4923806678], [4923806794, 4923806834, 4923806674], 267.5]
[[4923806844, 4987994239, 4987994240, 4987984438, 4987994226], [4923806844, 4923806834, 4987994240], 87.5]
[[4987883393, 4987984515, 4987984514, 4987983335, 4987983336], [4987883393, 4987984434, 4987984514], 117.1]
[[4987883403, 4987984505, 4923799380, 4987984503, 4923799375], [4987883403, 4923807055, 4987922416, 4923799380], 27.5]
[[4987884250, 4987884249, 4987884248, 7213240282], [4987884250, 4987884251, 4987884248], 115.3]
[[4987984437, 5960541503, 5960541502, 5960541506, 5960541504], [4987984437, 4923806965, 5960541502], 107.8]
[[4987984438, 4923806794, 4923806834, 4923806844, 4923806785], [4987984438, 4987994240, 4923806834], 267.5]
[[4987994226, 4923806698, 4923806794, 4923806834, 4923806844], [4987994226, 4987984438, 4923806794], 269.6]
[[5925615242, 5185025291, 5925615252, 6549291951, 6842596361], [5925615242, 5185025307, 5925615252], 43.1]
[[6737633444, 6737633445, 6737633446, 2309773393], [6737633444, 6737626332, 6737633446], 196.2]
[[6796972947, 9810950364, 6796972936, 6549291946], [6796972947, 9810950359, 6796972936], 131.9]
[[8486054912, 8486054641, 1992846527, 1992846490], [8486054912, 6222350326, 1992846527], 297.8]
[[8776681971, 8776681970, 8776681935, 8776681987], [8776681971, 664958891, 8776681935], 269.2]
[[8776681973, 8776665398, 8776681974, 8486054549, 8776681873], [8776681973, 8635018124, 8635008713, 8486054572, 8486054678, 8486054573, 8610737910, 8776665397, 8486054549], 89.1]
[[9187255219, 9187240810, 9187240808, 9187240768], [9187255219, 9187255218, 9187240808], 129.6]
[[9221078622, 2309763600, 9221078621, 9221078623, 9221077155, 9221077145], [9221078622, 9221078624, 2309763580, 9221078623], 292.5]
[[9221078632, 9221078633, 9221078631, 9221077167], [9221078632, 9221078630, 9221078631], 123.1]
[[9221078641, 595706789, 9221078637, 7213240285], [9221078641, 595706812, 9221078637], 25.4]
[[9645864972, 9645864971, 9645864973, 9645871564, 8776681933], [9645864972, 9645864974, 9645864973], 269.1]
[[9645864973, 9645864974, 9645864972, 9645871584, 664958776], [9645864973, 9645864971, 9645864972], 88.8]
[[9645864974, 9645864972, 9645864971, 9645871586, 9645871587], [9645864974, 9645864973, 9645864971], 175.7]
