[[664958815, 8776681931, 664958816, 8776681942, 6737646316, 8776682042, 3960223222, 8776682048, 8776682041, 5253301622, 5253301617, 8776681969, 664958868, 8776681967, 8776681992], [664958868, 9645871546, 9645871545, 664958870, 8776681896, 8776681899, 9651855956, 9645871583], 271.2]
[[664958815, 8776681931, 664958816, 8776681942, 6737646316, 8776682042, 3960223222, 8776682048, 8776682041, 5253301622, 5253301617, 8776681969, 6737646318, 8776681976], [8776681969, 664958868, 9645871546, 9645871545, 664958870, 8776681896, 8776681899, 9651855956, 9645871583], 271.2]
[[664958816, 8776681942, 6737646316, 8776682042, 3960223222, 8776682048, 8776682041, 5253301622, 5253301617, 8776681969, 664958868, 8776681967, 8776681992], [664958868, 9645871546, 9645871545, 664958870, 8776681896, 8776681899, 9651855956, 9645871583], 274.4]
[[664958816, 8776681942, 6737646316, 8776682042, 3960223222, 8776682048, 8776682041, 5253301622, 5253301617, 8776681969, 6737646318, 8776681976], [8776681969, 664958868, 9645871546, 9645871545, 664958870, 8776681896, 8776681899, 9651855956, 9645871583], 274.4]
[[1755866361, 3730461049, 2274887273, 3730449784, 3730453553, 3730453555, 2274887274, 3730447405], [2274887274, 3889198612, 3889198611, 3730447407, 8635018128, 8635018145], 180.9]
[[2564071662, 4987884252, 4923808177, 4923808175, 2564071661, 4987884255], [2564071661, 4923808173, 4923808172, 7213240282, 4987884248, 595706815, 595706816], 291.0]
[[2660964898, 9221078639, 4987922448, 4987922446, 4923807663, 4987922454, 4987922455, 4987922453, 4987922428, 4923802073, 4923799420, 4923807633, 4923799047, 4987984448], [4923799047, 4923807632, 4923807089, 4987984451, 4923800293], 105.4]
[[2660964898, 9221078639, 4987922448, 4987922446, 4923807663, 4987922454, 4987922455, 4987922453, 4987922428, 4923802073, 4923799420, 4923807633, 4923799047, 4923807632, 4923807089, 4987984449], [4923807089, 4987984451, 4987922359, 4923800291, 4923800287], 105.4]
[[2660964898, 9221078639, 4987922448, 4987922446, 4923807663, 4987922454, 4987922455, 4987922453, 4987922428, 4923802073, 4923799420, 4923807633, 4923799047, 4923807632, 4923807089, 4987984449], [4923807089, 4987984451, 4987922359, 4923800291, 4987922361, 4987922384, 4923800285], 105.4]
[[2660964898, 9221078639, 4987922448, 4987922446, 4923807663, 4987922454, 4987922455, 4987922453, 4987922428, 4923802073, 4923799420, 4923807633, 4923799047, 4923807632, 4923807089, 4987984449], [4923807089, 4987984451, 4987922359, 4923800291, 4987922361, 4987922384, 4987922386, 4987922381, 4987922379, 4987922378, 9221078631], 105.4]
[[2660964898, 9221078639, 4987922448, 4987922446, 4923807663, 4987922454, 4987922455, 4987922453, 4987922428, 4923802073, 4923799420, 4923807633, 4923799047, 4923807632, 4923807089, 4987984449], [4923807089, 4987984451, 4987922359, 4923800291, 4987922361, 4987922384, 4987922386, 4987922381, 4987922377, 9221078633], 105.4]
[[3730461048, 3730742578, 2274887273, 3730449784, 3730453553, 2362306055], [3730453553, 3730453555, 2274887274, 3730447405], 183.2]
[[3730461048, 3730742578, 2274887273, 3730449784, 3730453553, 2362306055], [3730453553, 3730453555, 2274887274, 3889198612, 3889198611, 3730447408], 183.2]
[[3730461048, 3730742578, 2274887273, 3730449784, 3730453553, 3730453555, 3730453554], [3730453555, 2274887274, 3889198612, 3889198611, 3730447407, 3730447406], 183.2]
[[3730461048, 3730742578, 2274887273, 3730449784, 3730453553, 3730453555, 3730453554], [3730453555, 2274887274, 3889198612, 3889198611, 3730447407, 8635018128, 8635018145], 183.2]
[[3730461049, 2274887273, 3730449784, 3730453553, 3730453555, 2274887274, 3730447405], [2274887274, 3889198612, 3889198611, 3730447407, 8635018128, 8635018145], 180.9]
[[3807006870, 8776681981, 8776681929, 8776681970, 8776681971, 8776681997, 8776681972, 5253301648], [8776681972, 8776681973, 8776665398, 8776681974, 8486054549], 355.2]
[[3807006870, 8776681981, 8776681929, 8776681970, 8776681971, 8776681997, 8776681972, 5253301648], [8776681972, 8776681973, 8776665398, 8776681974, 6796972925, 6796972959], 355.2]
[[3807006870, 8776681981, 8776681929, 8776681970, 8776681971, 8776681997, 8776681972, 8776681973, 8635018124], [8776681973, 8776665398, 8776681974, 8486054549], 355.2]
[[3807006870, 8776681981, 8776681929, 8776681970, 8776681971, 8776681997, 8776681972, 8776681973, 8635018124], [8776681973, 8776665398, 8776681974, 6796972925, 6796972959], 355.2]
[[3807006870, 8776681981, 8776681929, 8776681970, 8776681935, 664958891, 8776681982, 664958799, 8635018153, 8776681973, 8635018124], [8635018153, 8486054670, 8776681966, 6796972958, 6796972925, 6796972959], 355.2]
[[3807006870, 8776681981, 8776681929, 8776681970, 8776681935, 664958891, 8776681982, 664958799, 8635018153, 8776681973, 8635018124], [8635018153, 8486054670, 8776681966, 8776681974, 8486054549], 355.2]
[[3807006870, 8776681981, 8776681929, 8776681970, 8776681935, 664958891, 8776681982, 664958799, 8776681972, 5253301648], [664958799, 8635018153, 8486054670, 8776681966, 6796972958, 6796972925, 6796972959], 355.2]
[[3807006870, 8776681981, 8776681929, 8776681970, 8776681935, 664958891, 8776681982, 664958799, 8776681972, 5253301648], [664958799, 8635018153, 8486054670, 8776681966, 8776681974, 8486054549], 355.2]
[[4923799047, 4987922422, 4987922365, 4987922366, 4987984451], [4987922366, 4923800281, 4987922384], 117.3]
[[4923799380, 4987922416, 4923807055, 4987883403, 4987984505], [4987883403, 4987883408, 4987984506], 206.9]
[[4923799936, 4987922453, 4987922428, 4923802073, 4923799420, 4923807633, 4923799047, 4987984448], [4923799047, 4923807632, 4923807089, 4987984451, 4923800293], 111.5]
[[4923799936, 4987922453, 4987922428, 4923802073, 4923799420, 4923807633, 4923799047, 4923807632, 4923807089, 4987984449], [4923807089, 4987984451, 4987922359, 4923800291, 4923800287], 111.5]
[[4923799936, 4987922453, 4987922428, 4923802073, 4923799420, 4923807633, 4923799047, 4923807632, 4923807089, 4987984449], [4923807089, 4987984451, 4987922359, 4923800291, 4987922361, 4987922384, 4923800285], 111.5]
[[4923799936, 4987922453, 4987922428, 4923802073, 4923799420, 4923807633, 4923799047, 4923807632, 4923807089, 4987984449], [4923807089, 4987984451, 4987922359, 4923800291, 4987922361, 4987922384, 4987922386, 4987922381, 4987922379, 4987922378, 9221078631], 111.5]
[[4923799936, 4987922453, 4987922428, 4923802073, 4923799420, 4923807633, 4923799047, 4923807632, 4923807089, 4987984449], [4923807089, 4987984451, 4987922359, 4923800291, 4987922361, 4987922384, 4987922386, 4987922381, 4987922377, 9221078633], 111.5]
[[4923799938, 4987922453, 4987922455, 4987922454, 4987922452, 4987922456, 4923805067, 4987910569, 4987910570, 4923804453, 4987984434, 4987984514], [4923804453, 4987883381, 4923864480, 4923800306, 4987883388, 4987883389, 4923804583], 290.7]
[[4923800274, 4923799936, 4987922453, 4987922428, 4923802073, 4923799420, 4923807633, 4923799047, 4987984448], [4923799047, 4923807632, 4923807089, 4987984451, 4923800293], 114.5]
[[4923800274, 4923799936, 4987922453, 4987922428, 4923802073, 4923799420, 4923807633, 4923799047, 4923807632, 4923807089, 4987984449], [4923807089, 4987984451, 4987922359, 4923800291, 4923800287], 114.5]
[[4923800274, 4923799936, 4987922453, 4987922428, 4923802073, 4923799420, 4923807633, 4923799047, 4923807632, 4923807089, 4987984449], [4923807089, 4987984451, 4987922359, 4923800291, 4987922361, 4987922384, 4923800285], 114.5]
[[4923800274, 4923799936, 4987922453, 4987922428, 4923802073, 4923799420, 4923807633, 4923799047, 4923807632, 4923807089, 4987984449], [4923807089, 4987984451, 4987922359, 4923800291, 4987922361, 4987922384, 4987922386, 4987922381, 4987922379, 4987922378, 9221078631], 114.5]
[[4923800274, 4923799936, 4987922453, 4987922428, 4923802073, 4923799420, 4923807633, 4923799047, 4923807632, 4923807089, 4987984449], [4923807089, 4987984451, 4987922359, 4923800291, 4987922361, 4987922384, 4987922386, 4987922381, 4987922377, 9221078633], 114.5]
[[4923800274, 4923799936, 4987922453, 4987922428, 4923802073, 4923799420, 4923807633, 4923799047, 4987984448], [4923799047, 4923807632, 4923807089, 4987984451, 4923800293], 114.5]
[[4923800274, 4923799936, 4987922453, 4987922428, 4923802073, 4923799420, 4923807633, 4923799047, 4923807632, 4923807089, 4987984449], [4923807089, 4987984451, 4987922359, 4923800291, 4923800287], 114.5]
[[4923800274, 4923799936, 4987922453, 4987922428, 4923802073, 4923799420, 4923807633, 4923799047, 4923807632, 4923807089, 4987984449], [4923807089, 4987984451, 4987922359, 4923800291, 4987922361, 4987922384, 4923800285], 114.5]
[[4923800274, 4923799936, 4987922453, 4987922428, 4923802073, 4923799420, 4923807633, 4923799047, 4923807632, 4923807089, 4987984449], [4923807089, 4987984451, 4987922359, 4923800291, 4987922361, 4987922384, 4987922386, 4987922381, 4987922379, 4987922378, 9221078631], 114.5]
[[4923800274, 4923799936, 4987922453, 4987922428, 4923802073, 4923799420, 4923807633, 4923799047, 4923807632, 4923807089, 4987984449], [4923807089, 4987984451, 4987922359, 4923800291, 4987922361, 4987922384, 4987922386, 4987922381, 4987922377, 9221078633], 114.5]
[[4923800281, 4987922384, 4923800285, 4923800287, 4923800293, 4987984449, 4923807089, 4987922365], [4987984449, 4987984448, 4923802724, 4923802073, 4987922421], 296.9]
[[4923800281, 4987922384, 4987922361, 4923800291, 4987922359, 4987984451, 4987922366], [4987984451, 4923807089, 4923807632, 4923799047, 4987922422], 296.9]
[[4923800281, 4987922384, 4987922361, 4923800291, 4987922359, 4987984451, 4923807089, 4987922365], [4923807089, 4923807632, 4923799047, 4923807633, 4923799420, 4923802073, 4987922428, 4987922453, 4923799938], 296.9]
[[4923800281, 4987922384, 4987922361, 4923800291, 4987922359, 4987984451, 4923807089, 4987922365], [4923807089, 4923807632, 4923799047, 4923807633, 4923799420, 4923802073, 4987922428, 4987922453, 4987922455, 4987922449, 4923807662], 296.9]
[[4923800281, 4987922384, 4987922361, 4923800291, 4987922359, 4987984451, 4923807089, 4987922365], [4923807089, 4923807632, 4923799047, 4923807633, 4923799420, 4923802073, 4987922428, 4987922453, 4987922455, 4987922454, 4987922452, 4987922456, 4987983337], 296.9]
[[4923800281, 4987922384, 4987922361, 4923800291, 4987922359, 4987984451, 4923807089, 4923807632, 4923799047, 4987922422], [4923799047, 4923807633, 4923799420, 4923802073, 4987922428, 4987922453, 4987922455, 4987922454, 4987922452, 4987922456, 4923805067, 4987910569, 4987983335], 296.9]
[[4923800281, 4987922384, 4987922361, 4923800291, 4987922359, 4987984451, 4923807089, 4923807632, 4923799047, 4987922422], [4923799047, 4923807633, 4923799420, 4923802073, 4987922428, 4987922453, 4987922455, 4987922454, 4987922452, 4987922456, 4923805067, 4987910569, 4987910570, 4923804453, 4987984434, 4987984514], 296.9]
[[4923800281, 4987922384, 4987922361, 4923800291, 4987922359, 4987984451, 4923807089, 4923807632, 4923799047, 4923807633, 4923799420, 4923802073, 4987922421], [4923802073, 4987922428, 4987922453, 4987922455, 4987922454, 4987922452, 4987922456, 4923805067, 4987910569, 4987910570, 4923804453, 4987984434, 4987984514], 296.9]
[[4923800281, 4987922384, 4987922361, 4923800291, 4987922359, 4987984451, 4923807089, 4923807632, 4923799047, 4923807633, 4923799420, 4923802073, 4987922421], [4923802073, 4987922428, 4987922453, 4987922455, 4987922454, 4987922452, 4987922456, 4923805067, 4987910569, 4987910570, 4923804453, 4987883381, 4923864480, 4923800306, 4987883388, 4987883389, 4923804583], 296.9]
[[4923800291, 4923800287, 4923800293, 4987984449, 4923807089], [4987984449, 4987984448, 4923802724, 4923802073], 297.4]
[[4923800305, 4923800306, 4923864480, 4987883381, 4923804453, 4987910570, 4923805069], [4987910570, 4987910569, 4923805067, 4987922456, 4987922452, 4987922454, 4923807663, 4987922446], 117.5]
[[4923800305, 4923800306, 4923864480, 4987883381, 4923804453, 4987910570, 4923805069], [4987910570, 4987910569, 4923805067, 4987922456, 4987922452, 4987922454, 4987922455, 4923807082, 4987922445], 117.5]
[[4923800305, 4923800306, 4923864480, 4987883381, 4923804453, 4987910570, 4923805069], [4987910570, 4987910569, 4923805067, 4987922456, 4987922452, 4987922454, 4987922455, 4987922453, 4923799936], 117.5]
[[4923800305, 4923800306, 4923864480, 4987883381, 4923804453, 4987910570, 4923805069], [4987910570, 4987910569, 4923805067, 4987922456, 4987922452, 4987922454, 4987922455, 4987922453, 4987922428, 4923802073, 4923802724], 117.5]
[[4923800305, 4923800306, 4923864480, 4987883381, 4923804453, 4987910570, 4987910569, 4923805067, 4923805066], [4923805067, 4987922456, 4987922452, 4987922454, 4987922455, 4987922453, 4987922428, 4923802073, 4923799420, 4923807633, 4923799047, 4987984448], 117.5]
[[4923800305, 4923800306, 4923864480, 4987883381, 4923804453, 4987910570, 4987910569, 4923805067, 4923805066], [4923805067, 4987922456, 4987922452, 4987922454, 4987922455, 4987922453, 4987922428, 4923802073, 4923799420, 4923807633, 4923799047, 4923807632, 4923807089, 4987984449], 117.5]
[[4923800305, 4923800306, 4923864480, 4987883381, 4923804453, 4987910570, 4987910569, 4923805067, 4923805066], [4923805067, 4987922456, 4987922452, 4987922454, 4987922455, 4987922453, 4987922428, 4923802073, 4923799420, 4923807633, 4923799047, 4923807632, 4923807089, 4987984451, 4923800293], 117.5]
[[4923800305, 4923800306, 4923864480, 4987883381, 4923804453, 4987910570, 4987910569, 4923805067, 4987922456, 4987922452, 4987922454, 4923807663, 4987922446], [4987922454, 4987922455, 4987922453, 4987922428, 4923802073, 4923799420, 4923807633, 4923799047, 4923807632, 4923807089, 4987984449], 117.5]
[[4923800305, 4923800306, 4923864480, 4987883381, 4923804453, 4987910570, 4987910569, 4923805067, 4987922456, 4987922452, 4987922454, 4923807663, 4987922446], [4987922454, 4987922455, 4987922453, 4987922428, 4923802073, 4923799420, 4923807633, 4923799047, 4923807632, 4923807089, 4987984451, 4923800293], 117.5]
[[4923800305, 4923800306, 4923864480, 4987883381, 4923804453, 4987910570, 4987910569, 4923805067, 4987922456, 4987922452, 4987922454, 4923807663, 4987922446], [4987922454, 4987922455, 4987922453, 4987922428, 4923802073, 4923799420, 4923807633, 4923799047, 4923807632, 4923807089, 4987984451, 4987922359, 4923800291, 4923800287], 117.5]
[[4923800305, 4923800306, 4923864480, 4987883381, 4923804453, 4987910570, 4987910569, 4923805067, 4987922456, 4987922452, 4987922454, 4923807663, 4987922446], [4987922454, 4987922455, 4987922453, 4987922428, 4923802073, 4923799420, 4923807633, 4923799047, 4923807632, 4923807089, 4987984451, 4987922359, 4923800291, 4987922361, 4987922384, 4923800285], 117.5]
[[4923800305, 4923800306, 4923864480, 4987883381, 4923804453, 4987910570, 4987910569, 4923805067, 4987922456, 4987922452, 4987922454, 4923807663, 4987922446], [4987922454, 4987922455, 4987922453, 4987922428, 4923802073, 4923799420, 4923807633, 4923799047, 4923807632, 4923807089, 4987984451, 4987922359, 4923800291, 4987922361, 4987922384, 4987922386, 4987922381, 4987922379, 4987922378, 9221078631], 117.5]
[[4923800305, 4923800306, 4923864480, 4987883381, 4923804453, 4987910570, 4987910569, 4923805067, 4987922456, 4987922452, 4987922454, 4923807663, 4987922446], [4987922454, 4987922455, 4987922453, 4987922428, 4923802073, 4923799420, 4923807633, 4923799047, 4923807632, 4923807089, 4987984451, 4987922359, 4923800291, 4987922361, 4987922384, 4987922386, 4987922381, 4987922377, 9221078633], 117.5]
[[4923800305, 4923800306, 4923864480, 4987883381, 4923804453, 4987910570, 4987910569, 4923805067, 4987922456, 4987922452, 4987922454, 4987922455, 4923807082, 4987922445], [4987922455, 4987922453, 4987922428, 4923802073, 4923799420, 4923807633, 4923799047, 4923807632, 4923807089, 4987984451, 4923800293], 117.5]
[[4923800305, 4923800306, 4923864480, 4987883381, 4923804453, 4987910570, 4987910569, 4923805067, 4987922456, 4987922452, 4987922454, 4987922455, 4923807082, 4987922445], [4987922455, 4987922453, 4987922428, 4923802073, 4923799420, 4923807633, 4923799047, 4923807632, 4923807089, 4987984451, 4987922359, 4923800291, 4923800287], 117.5]
[[4923800305, 4923800306, 4923864480, 4987883381, 4923804453, 4987910570, 4987910569, 4923805067, 4987922456, 4987922452, 4987922454, 4987922455, 4923807082, 4987922445], [4987922455, 4987922453, 4987922428, 4923802073, 4923799420, 4923807633, 4923799047, 4923807632, 4923807089, 4987984451, 4987922359, 4923800291, 4987922361, 4987922384, 4923800285], 117.5]
[[4923800305, 4923800306, 4923864480, 4987883381, 4923804453, 4987910570, 4987910569, 4923805067, 4987922456, 4987922452, 4987922454, 4987922455, 4923807082, 4987922445], [4987922455, 4987922453, 4987922428, 4923802073, 4923799420, 4923807633, 4923799047, 4923807632, 4923807089, 4987984451, 4987922359, 4923800291, 4987922361, 4987922384, 4987922386, 4987922381, 4987922379, 4987922378, 9221078631], 117.5]
[[4923800305, 4923800306, 4923864480, 4987883381, 4923804453, 4987910570, 4987910569, 4923805067, 4987922456, 4987922452, 4987922454, 4987922455, 4923807082, 4987922445], [4987922455, 4987922453, 4987922428, 4923802073, 4923799420, 4923807633, 4923799047, 4923807632, 4923807089, 4987984451, 4987922359, 4923800291, 4987922361, 4987922384, 4987922386, 4987922381, 4987922377, 9221078633], 117.5]
[[4923800305, 4923800306, 4923864480, 4987883381, 4923804453, 4987910570, 4987910569, 4923805067, 4987922456, 4987922452, 4987922454, 4987922455, 4987922453, 4923799936], [4987922453, 4987922428, 4923802073, 4923799420, 4923807633, 4923799047, 4923807632, 4923807089, 4987984451, 4923800293], 117.5]
[[4923800305, 4923800306, 4923864480, 4987883381, 4923804453, 4987910570, 4987910569, 4923805067, 4987922456, 4987922452, 4987922454, 4987922455, 4987922453, 4923799936], [4987922453, 4987922428, 4923802073, 4923799420, 4923807633, 4923799047, 4923807632, 4923807089, 4987984451, 4987922359, 4923800291, 4923800287], 117.5]
[[4923800305, 4923800306, 4923864480, 4987883381, 4923804453, 4987910570, 4987910569, 4923805067, 4987922456, 4987922452, 4987922454, 4987922455, 4987922453, 4923799936], [4987922453, 4987922428, 4923802073, 4923799420, 4923807633, 4923799047, 4923807632, 4923807089, 4987984451, 4987922359, 4923800291, 4987922361, 4987922384, 4923800285], 117.5]
[[4923800305, 4923800306, 4923864480, 4987883381, 4923804453, 4987910570, 4987910569, 4923805067, 4987922456, 4987922452, 4987922454, 4987922455, 4987922453, 4923799936], [4987922453, 4987922428, 4923802073, 4923799420, 4923807633, 4923799047, 4923807632, 4923807089, 4987984451, 4987922359, 4923800291, 4987922361, 4987922384, 4987922386, 4987922381, 4987922379, 4987922378, 9221078631], 117.5]
[[4923800305, 4923800306, 4923864480, 4987883381, 4923804453, 4987910570, 4987910569, 4923805067, 4987922456, 4987922452, 4987922454, 4987922455, 4987922453, 4923799936], [4987922453, 4987922428, 4923802073, 4923799420, 4923807633, 4923799047, 4923807632, 4923807089, 4987984451, 4987922359, 4923800291, 4987922361, 4987922384, 4987922386, 4987922381, 4987922377, 9221078633], 117.5]
[[4923800305, 4923800306, 4923864480, 4987883381, 4923804453, 4987910570, 4987910569, 4923805067, 4987922456, 4987922452, 4987922454, 4987922455, 4987922453, 4987922428, 4923802073, 4923802724], [4923802073, 4923799420, 4923807633, 4923799047, 4923807632, 4923807089, 4987984451, 4987922359, 4923800291, 4923800287], 117.5]
[[4923800305, 4923800306, 4923864480, 4987883381, 4923804453, 4987910570, 4987910569, 4923805067, 4987922456, 4987922452, 4987922454, 4987922455, 4987922453, 4987922428, 4923802073, 4923802724], [4923802073, 4923799420, 4923807633, 4923799047, 4923807632, 4923807089, 4987984451, 4987922359, 4923800291, 4987922361, 4987922384, 4923800285], 117.5]
[[4923800305, 4923800306, 4923864480, 4987883381, 4923804453, 4987910570, 4987910569, 4923805067, 4987922456, 4987922452, 4987922454, 4987922455, 4987922453, 4987922428, 4923802073, 4923802724], [4923802073, 4923799420, 4923807633, 4923799047, 4923807632, 4923807089, 4987984451, 4987922359, 4923800291, 4987922361, 4987922384, 4987922386, 4987922381, 4987922379, 4987922378, 9221078631], 117.5]
[[4923800305, 4923800306, 4923864480, 4987883381, 4923804453, 4987910570, 4987910569, 4923805067, 4987922456, 4987922452, 4987922454, 4987922455, 4987922453, 4987922428, 4923802073, 4923802724], [4923802073, 4923799420, 4923807633, 4923799047, 4923807632, 4923807089, 4987984451, 4987922359, 4923800291, 4987922361, 4987922384, 4987922386, 4987922381, 4987922377, 9221078633], 117.5]
[[4923800314, 4987883385, 4923800312, 4987883388, 4923800306, 4923800305], [4923800306, 4923864480, 4987883381, 4923804453, 4987910570, 4923805069], 117.8]
[[4923800314, 4987883385, 4923800312, 4987883388, 4923800306, 4923800305], [4923800306, 4923864480, 4987883381, 4923804453, 4987910570, 4987910569, 4923805067, 4923805066], 117.8]
[[4923800314, 4987883385, 4923800312, 4987883388, 4923800306, 4923864480, 4987883381, 4923805575], [4987883381, 4923804453, 4987910570, 4987910569, 4923805067, 4987922456, 4987922452, 4987922454, 4923807663, 4987922446], 117.8]
[[4923800314, 4987883385, 4923800312, 4987883388, 4923800306, 4923864480, 4987883381, 4923805575], [4987883381, 4923804453, 4987910570, 4987910569, 4923805067, 4987922456, 4987922452, 4987922454, 4987922455, 4923807082, 4987922445], 117.8]
[[4923800314, 4987883385, 4923800312, 4987883388, 4923800306, 4923864480, 4987883381, 4923805575], [4987883381, 4923804453, 4987910570, 4987910569, 4923805067, 4987922456, 4987922452, 4987922454, 4987922455, 4987922453, 4923799936], 117.8]
[[4923800314, 4987883385, 4923800312, 4987883388, 4923800306, 4923864480, 4987883381, 4923805575], [4987883381, 4923804453, 4987910570, 4987910569, 4923805067, 4987922456, 4987922452, 4987922454, 4987922455, 4987922453, 4987922428, 4923802073, 4923802724], 117.8]
[[4923800314, 4987883385, 4923800312, 4987883388, 4923800306, 4923864480, 4987883381, 4923805575], [4987883381, 4923804453, 4987910570, 4987910569, 4923805067, 4987922456, 4987922452, 4987922454, 4987922455, 4987922453, 4987922428, 4923802073, 4923799420, 4923807633, 4923799047, 4987984448], 117.8]
[[4923800314, 4987883385, 4923800312, 4987883388, 4923800306, 4923864480, 4987883381, 4923804453, 4987910570, 4923805069], [4987910570, 4987910569, 4923805067, 4987922456, 4987922452, 4987922454, 4987922455, 4987922453, 4987922428, 4923802073, 4923799420, 4923807633, 4923799047, 4987984448], 117.8]
[[4923800314, 4987883385, 4923800312, 4987883388, 4923800306, 4923864480, 4987883381, 4923804453, 4987910570, 4923805069], [4987910570, 4987910569, 4923805067, 4987922456, 4987922452, 4987922454, 4987922455, 4987922453, 4987922428, 4923802073, 4923799420, 4923807633, 4923799047, 4923807632, 4923807089, 4987984449], 117.8]
[[4923800314, 4987883385, 4923800312, 4987883388, 4923800306, 4923864480, 4987883381, 4923804453, 4987910570, 4923805069], [4987910570, 4987910569, 4923805067, 4987922456, 4987922452, 4987922454, 4987922455, 4987922453, 4987922428, 4923802073, 4923799420, 4923807633, 4923799047, 4923807632, 4923807089, 4987984451, 4923800293], 117.8]
[[4923800314, 4987883385, 4923800312, 4987883388, 4923800306, 4923864480, 4987883381, 4923804453, 4987910570, 4987910569, 4923805067, 4923805066], [4923805067, 4987922456, 4987922452, 4987922454, 4987922455, 4987922453, 4987922428, 4923802073, 4923799420, 4923807633, 4923799047, 4923807632, 4923807089, 4987984449], 117.8]
[[4923800314, 4987883385, 4923800312, 4987883388, 4923800306, 4923864480, 4987883381, 4923804453, 4987910570, 4987910569, 4923805067, 4923805066], [4923805067, 4987922456, 4987922452, 4987922454, 4987922455, 4987922453, 4987922428, 4923802073, 4923799420, 4923807633, 4923799047, 4923807632, 4923807089, 4987984451, 4923800293], 117.8]
[[4923800314, 4987883385, 4923800312, 4987883388, 4923800306, 4923864480, 4987883381, 4923804453, 4987910570, 4987910569, 4923805067, 4923805066], [4923805067, 4987922456, 4987922452, 4987922454, 4987922455, 4987922453, 4987922428, 4923802073, 4923799420, 4923807633, 4923799047, 4923807632, 4923807089, 4987984451, 4987922359, 4923800291, 4923800287], 117.8]
[[4923800314, 4987883385, 4923800312, 4987883388, 4923800306, 4923864480, 4987883381, 4923804453, 4987910570, 4987910569, 4923805067, 4923805066], [4923805067, 4987922456, 4987922452, 4987922454, 4987922455, 4987922453, 4987922428, 4923802073, 4923799420, 4923807633, 4923799047, 4923807632, 4923807089, 4987984451, 4987922359, 4923800291, 4987922361, 4987922384, 4923800285], 117.8]
[[4923800314, 4987883385, 4923800312, 4987883388, 4923800306, 4923864480, 4987883381, 4923804453, 4987910570, 4987910569, 4923805067, 4923805066], [4923805067, 4987922456, 4987922452, 4987922454, 4987922455, 4987922453, 4987922428, 4923802073, 4923799420, 4923807633, 4923799047, 4923807632, 4923807089, 4987984451, 4987922359, 4923800291, 4987922361, 4987922384, 4987922386, 4987922381, 4987922379, 4987922378, 9221078631], 117.8]
[[4923800314, 4987883385, 4923800312, 4987883388, 4923800306, 4923864480, 4987883381, 4923804453, 4987910570, 4987910569, 4923805067, 4923805066], [4923805067, 4987922456, 4987922452, 4987922454, 4987922455, 4987922453, 4987922428, 4923802073, 4923799420, 4923807633, 4923799047, 4923807632, 4923807089, 4987984451, 4987922359, 4923800291, 4987922361, 4987922384, 4987922386, 4987922381, 4987922377, 9221078633], 117.8]
[[4923802724, 4923802073, 4923799420, 4923807633, 4923799047, 4923807632, 4923807089, 4987984449], [4923807089, 4987984451, 4987922359, 4923800291, 4923800287], 117.4]
[[4923802724, 4923802073, 4923799420, 4923807633, 4923799047, 4923807632, 4923807089, 4987984449], [4923807089, 4987984451, 4987922359, 4923800291, 4987922361, 4987922384, 4923800285], 117.4]
[[4923802724, 4923802073, 4923799420, 4923807633, 4923799047, 4923807632, 4923807089, 4987984451, 4923800293], [4987984451, 4987922359, 4923800291, 4987922361, 4987922384, 4987922386, 4987922381, 4987922379, 4987922378, 9221078631], 117.4]
[[4923802724, 4923802073, 4923799420, 4923807633, 4923799047, 4923807632, 4923807089, 4987984451, 4923800293], [4987984451, 4987922359, 4923800291, 4987922361, 4987922384, 4987922386, 4987922381, 4987922377, 9221078633], 117.4]
[[4923803736, 4923807662, 4987922449, 4987922455, 4987922454, 4987922452, 4987922456, 4923805067, 4987910569, 4987910570, 4923804453, 4987984434, 4987984514], [4923804453, 4987883381, 4923864480, 4923800306, 4987883388, 4987883389, 4923804583], 294.9]
[[4923804239, 4923804237, 4987984496, 4923808772, 4923804243, 4923808802], [4923808772, 4987883411, 4987883412, 4987883413], 207.6]
[[4923805066, 4923805067, 4987922456, 4987922452, 4987922454, 4987922455, 4987922453, 4987922428, 4923802073, 4923802724], [4923802073, 4923799420, 4923807633, 4923799047, 4923807632, 4923807089, 4987984449], 118.6]
[[4923805066, 4923805067, 4987922456, 4987922452, 4987922454, 4987922455, 4987922453, 4987922428, 4923802073, 4923799420, 4923807633, 4923799047, 4987984448], [4923799047, 4923807632, 4923807089, 4987984451, 4923800293], 118.6]
[[4923805066, 4923805067, 4987922456, 4987922452, 4987922454, 4987922455, 4987922453, 4987922428, 4923802073, 4923799420, 4923807633, 4923799047, 4987984448], [4923799047, 4923807632, 4923807089, 4987984451, 4987922359, 4923800291, 4923800287], 118.6]
[[4923805066, 4923805067, 4987922456, 4987922452, 4987922454, 4987922455, 4987922453, 4987922428, 4923802073, 4923799420, 4923807633, 4923799047, 4987984448], [4923799047, 4923807632, 4923807089, 4987984451, 4987922359, 4923800291, 4987922361, 4987922384, 4923800285], 118.6]
[[4923805066, 4923805067, 4987922456, 4987922452, 4987922454, 4987922455, 4987922453, 4987922428, 4923802073, 4923799420, 4923807633, 4923799047, 4987984448], [4923799047, 4923807632, 4923807089, 4987984451, 4987922359, 4923800291, 4987922361, 4987922384, 4987922386, 4987922381, 4987922377, 9221078633], 118.6]
[[4923805066, 4923805067, 4987922456, 4987922452, 4987922454, 4987922455, 4987922453, 4987922428, 4923802073, 4923799420, 4923807633, 4923799047, 4923807632, 4923807089, 4987984449], [4923807089, 4987984451, 4987922359, 4923800291, 4987922361, 4987922384, 4923800285], 118.6]
[[4923805066, 4923805067, 4987922456, 4987922452, 4987922454, 4987922455, 4987922453, 4987922428, 4923802073, 4923799420, 4923807633, 4923799047, 4923807632, 4923807089, 4987984449], [4923807089, 4987984451, 4987922359, 4923800291, 4987922361, 4987922384, 4987922386, 4987922381, 4987922379, 4987922378, 9221078631], 118.6]
[[4923805066, 4923805067, 4987922456, 4987922452, 4987922454, 4987922455, 4987922453, 4987922428, 4923802073, 4923799420, 4923807633, 4923799047, 4923807632, 4923807089, 4987984449], [4923807089, 4987984451, 4987922359, 4923800291, 4987922361, 4987922384, 4987922386, 4987922381, 4987922377, 9221078633], 118.6]
[[4923805069, 4987910570, 4987910569, 4923805067, 4987922456, 4987922452, 4987922454, 4923807663, 4987922446], [4987922454, 4987922455, 4987922453, 4987922428, 4923802073, 4923799420, 4923807633, 4923799047, 4987984448], 117.7]
[[4923805069, 4987910570, 4987910569, 4923805067, 4987922456, 4987922452, 4987922454, 4923807663, 4987922446], [4987922454, 4987922455, 4987922453, 4987922428, 4923802073, 4923799420, 4923807633, 4923799047, 4923807632, 4923807089, 4987984449], 117.7]
[[4923805069, 4987910570, 4987910569, 4923805067, 4987922456, 4987922452, 4987922454, 4987922455, 4923807082, 4987922445], [4987922455, 4987922453, 4987922428, 4923802073, 4923799420, 4923807633, 4923799047, 4987984448], 117.7]
[[4923805069, 4987910570, 4987910569, 4923805067, 4987922456, 4987922452, 4987922454, 4987922455, 4923807082, 4987922445], [4987922455, 4987922453, 4987922428, 4923802073, 4923799420, 4923807633, 4923799047, 4923807632, 4923807089, 4987984449], 117.7]
[[4923805069, 4987910570, 4987910569, 4923805067, 4987922456, 4987922452, 4987922454, 4987922455, 4987922453, 4923799936], [4987922453, 4987922428, 4923802073, 4923799420, 4923807633, 4923799047, 4987984448], 117.7]
[[4923805069, 4987910570, 4987910569, 4923805067, 4987922456, 4987922452, 4987922454, 4987922455, 4987922453, 4923799936], [4987922453, 4987922428, 4923802073, 4923799420, 4923807633, 4923799047, 4923807632, 4923807089, 4987984449], 117.7]
[[4923805069, 4987910570, 4987910569, 4923805067, 4987922456, 4987922452, 4987922454, 4987922455, 4987922453, 4987922428, 4923802073, 4923802724], [4923802073, 4923799420, 4923807633, 4923799047, 4923807632, 4923807089, 4987984449], 117.7]
[[4923805069, 4987910570, 4987910569, 4923805067, 4987922456, 4987922452, 4987922454, 4987922455, 4987922453, 4987922428, 4923802073, 4923802724], [4923802073, 4923799420, 4923807633, 4923799047, 4923807632, 4923807089, 4987984451, 4923800293], 117.7]
[[4923805069, 4987910570, 4987910569, 4923805067, 4987922456, 4987922452, 4987922454, 4987922455, 4987922453, 4987922428, 4923802073, 4923802724], [4923802073, 4923799420, 4923807633, 4923799047, 4923807632, 4923807089, 4987984451, 4987922359, 4923800291, 4923800287], 117.7]
[[4923805069, 4987910570, 4987910569, 4923805067, 4987922456, 4987922452, 4987922454, 4987922455, 4987922453, 4987922428, 4923802073, 4923799420, 4923807633, 4923799047, 4987984448], [4923799047, 4923807632, 4923807089, 4987984451, 4987922359, 4923800291, 4923800287], 117.7]
[[4923805069, 4987910570, 4987910569, 4923805067, 4987922456, 4987922452, 4987922454, 4987922455, 4987922453, 4987922428, 4923802073, 4923799420, 4923807633, 4923799047, 4987984448], [4923799047, 4923807632, 4923807089, 4987984451, 4987922359, 4923800291, 4987922361, 4987922384, 4923800285], 117.7]
[[4923805069, 4987910570, 4987910569, 4923805067, 4987922456, 4987922452, 4987922454, 4987922455, 4987922453, 4987922428, 4923802073, 4923799420, 4923807633, 4923799047, 4987984448], [4923799047, 4923807632, 4923807089, 4987984451, 4987922359, 4923800291, 4987922361, 4987922384, 4987922386, 4987922381, 4987922379, 4987922378, 9221078631], 117.7]
[[4923805069, 4987910570, 4987910569, 4923805067, 4987922456, 4987922452, 4987922454, 4987922455, 4987922453, 4987922428, 4923802073, 4923799420, 4923807633, 4923799047, 4987984448], [4923799047, 4923807632, 4923807089, 4987984451, 4987922359, 4923800291, 4987922361, 4987922384, 4987922386, 4987922381, 4987922377, 9221078633], 117.7]
[[4923805069, 4987910570, 4987910569, 4923805067, 4987922456, 4987922452, 4987922454, 4987922455, 4987922453, 4987922428, 4923802073, 4923799420, 4923807633, 4923799047, 4923807632, 4923807089, 4987984449], [4923807089, 4987984451, 4987922359, 4923800291, 4987922361, 4987922384, 4987922386, 4987922381, 4987922379, 4987922378, 9221078631], 117.7]
[[4923805575, 4987883381, 4923804453, 4987910570, 4987910569, 4923805067, 4923805066], [4923805067, 4987922456, 4987922452, 4987922454, 4987922455, 4987922453, 4987922428, 4923802073, 4923802724], 117.5]
[[4923805575, 4987883381, 4923804453, 4987910570, 4987910569, 4923805067, 4923805066], [4923805067, 4987922456, 4987922452, 4987922454, 4987922455, 4987922453, 4987922428, 4923802073, 4923799420, 4923807633, 4923799047, 4987984448], 117.5]
[[4923805575, 4987883381, 4923804453, 4987910570, 4987910569, 4923805067, 4987922456, 4987922452, 4987922454, 4923807663, 4987922446], [4987922454, 4987922455, 4987922453, 4987922428, 4923802073, 4923799420, 4923807633, 4923799047, 4923807632, 4923807089, 4987984449], 117.5]
[[4923805575, 4987883381, 4923804453, 4987910570, 4987910569, 4923805067, 4987922456, 4987922452, 4987922454, 4923807663, 4987922446], [4987922454, 4987922455, 4987922453, 4987922428, 4923802073, 4923799420, 4923807633, 4923799047, 4923807632, 4923807089, 4987984451, 4923800293], 117.5]
[[4923805575, 4987883381, 4923804453, 4987910570, 4987910569, 4923805067, 4987922456, 4987922452, 4987922454, 4987922455, 4923807082, 4987922445], [4987922455, 4987922453, 4987922428, 4923802073, 4923799420, 4923807633, 4923799047, 4923807632, 4923807089, 4987984449], 117.5]
[[4923805575, 4987883381, 4923804453, 4987910570, 4987910569, 4923805067, 4987922456, 4987922452, 4987922454, 4987922455, 4923807082, 4987922445], [4987922455, 4987922453, 4987922428, 4923802073, 4923799420, 4923807633, 4923799047, 4923807632, 4923807089, 4987984451, 4923800293], 117.5]
[[4923805575, 4987883381, 4923804453, 4987910570, 4987910569, 4923805067, 4987922456, 4987922452, 4987922454, 4987922455, 4923807082, 4987922445], [4987922455, 4987922453, 4987922428, 4923802073, 4923799420, 4923807633, 4923799047, 4923807632, 4923807089, 4987984451, 4987922359, 4923800291, 4923800287], 117.5]
[[4923805575, 4987883381, 4923804453, 4987910570, 4987910569, 4923805067, 4987922456, 4987922452, 4987922454, 4987922455, 4987922453, 4923799936], [4987922453, 4987922428, 4923802073, 4923799420, 4923807633, 4923799047, 4923807632, 4923807089, 4987984449], 117.5]
[[4923805575, 4987883381, 4923804453, 4987910570, 4987910569, 4923805067, 4987922456, 4987922452, 4987922454, 4987922455, 4987922453, 4923799936], [4987922453, 4987922428, 4923802073, 4923799420, 4923807633, 4923799047, 4923807632, 4923807089, 4987984451, 4923800293], 117.5]
[[4923805575, 4987883381, 4923804453, 4987910570, 4987910569, 4923805067, 4987922456, 4987922452, 4987922454, 4987922455, 4987922453, 4923799936], [4987922453, 4987922428, 4923802073, 4923799420, 4923807633, 4923799047, 4923807632, 4923807089, 4987984451, 4987922359, 4923800291, 4923800287], 117.5]
[[4923805575, 4987883381, 4923804453, 4987910570, 4987910569, 4923805067, 4987922456, 4987922452, 4987922454, 4987922455, 4987922453, 4987922428, 4923802073, 4923802724], [4923802073, 4923799420, 4923807633, 4923799047, 4923807632, 4923807089, 4987984451, 4923800293], 117.5]
[[4923805575, 4987883381, 4923804453, 4987910570, 4987910569, 4923805067, 4987922456, 4987922452, 4987922454, 4987922455, 4987922453, 4987922428, 4923802073, 4923802724], [4923802073, 4923799420, 4923807633, 4923799047, 4923807632, 4923807089, 4987984451, 4987922359, 4923800291, 4923800287], 117.5]
[[4923805575, 4987883381, 4923804453, 4987910570, 4987910569, 4923805067, 4987922456, 4987922452, 4987922454, 4987922455, 4987922453, 4987922428, 4923802073, 4923802724], [4923802073, 4923799420, 4923807633, 4923799047, 4923807632, 4923807089, 4987984451, 4987922359, 4923800291, 4987922361, 4987922384, 4923800285], 117.5]
[[4923805575, 4987883381, 4923804453, 4987910570, 4987910569, 4923805067, 4987922456, 4987922452, 4987922454, 4987922455, 4987922453, 4987922428, 4923802073, 4923802724], [4923802073, 4923799420, 4923807633, 4923799047, 4923807632, 4923807089, 4987984451, 4987922359, 4923800291, 4987922361, 4987922384, 4987922386, 4987922381, 4987922379, 4987922378, 9221078631], 117.5]
[[4923805575, 4987883381, 4923804453, 4987910570, 4987910569, 4923805067, 4987922456, 4987922452, 4987922454, 4987922455, 4987922453, 4987922428, 4923802073, 4923802724], [4923802073, 4923799420, 4923807633, 4923799047, 4923807632, 4923807089, 4987984451, 4987922359, 4923800291, 4987922361, 4987922384, 4987922386, 4987922381, 4987922377, 9221078633], 117.5]
[[4923805575, 4987883381, 4923804453, 4987910570, 4987910569, 4923805067, 4987922456, 4987922452, 4987922454, 4987922455, 4987922453, 4987922428, 4923802073, 4923799420, 4923807633, 4923799047, 4987984448], [4923799047, 4923807632, 4923807089, 4987984451, 4987922359, 4923800291, 4987922361, 4987922384, 4923800285], 117.5]
[[4923805575, 4987883381, 4923804453, 4987910570, 4987910569, 4923805067, 4987922456, 4987922452, 4987922454, 4987922455, 4987922453, 4987922428, 4923802073, 4923799420, 4923807633, 4923799047, 4987984448], [4923799047, 4923807632, 4923807089, 4987984451, 4987922359, 4923800291, 4987922361, 4987922384, 4987922386, 4987922381, 4987922379, 4987922378, 9221078631], 117.5]
[[4923805575, 4987883381, 4923804453, 4987910570, 4987910569, 4923805067, 4987922456, 4987922452, 4987922454, 4987922455, 4987922453, 4987922428, 4923802073, 4923799420, 4923807633, 4923799047, 4987984448], [4923799047, 4923807632, 4923807089, 4987984451, 4987922359, 4923800291, 4987922361, 4987922384, 4987922386, 4987922381, 4987922377, 9221078633], 117.5]
[[4923805756, 4923805757, 4987984473, 4923805754], [4987984473, 4987984472, 4923805752], 129.1]
[[4923805756, 4923805757, 4987984473, 4923805754], [4987984473, 4987984472, 4923805752], 129.1]
[[4923806652, 4923806788, 4987994238, 4987994239, 4987994240, 4923806834], [4987994240, 4987984438, 4987994226, 4923806698], 88.2]
[[4923806658, 4987984476, 4987984478, 4923806661, 4987994238, 4987994239, 4987994240, 4923806834, 4923806674], [4987994240, 4987984438, 4987994226, 4923806698, 4923806671], 87.8]
[[4923806661, 4987994238, 4987994239, 4923806844, 4923806785, 4923806788], [4923806844, 4987994228, 4923806676, 4923806678, 4987984480], 177.7]
[[4923806671, 4923806672, 4923806794, 4923806698], [4923806794, 4987984438, 4987994226], 358.4]
[[4923806671, 4923806672, 4923806674, 4923806834, 4923806794, 4923806698], [4923806834, 4987994240, 4987984438, 4987994226], 358.4]
[[4923806671, 4923806672, 4923806674, 4923806676, 4987994228, 4923806844, 4923806834, 4923806794], [4923806844, 4987994239, 4987994240, 4987984438], 358.4]
[[4923806672, 4923806674, 4923806834, 4923806794], [4923806834, 4987994240, 4987984438], 358.4]
[[4923806672, 4923806674, 4923806676, 4987994228, 4923806844, 4923806834, 4923806794], [4923806844, 4987994239, 4987994240, 4987984438], 358.4]
[[4923806674, 4923806834, 4923806794, 4923806672], [4923806794, 4923806698, 4923806671], 87.2]
[[4923806674, 4923806676, 4987994228, 4923806844, 4923806834], [4923806844, 4987994239, 4987994240], 358.4]
[[4923806676, 4987994228, 4923806844, 4923806834, 4923806674], [4923806834, 4923806794, 4923806672], 87.5]
[[4923806676, 4923806678, 4987984480, 4923806652, 4923806788, 4923806785, 4923806844], [4923806788, 4987994238, 4987994239], 358.4]
[[4923806695, 4987994226, 4923806698, 4923806794, 4987984438], [4923806794, 4923806834, 4987994240], 269.6]
[[4923806695, 4987994226, 4923806698, 4923806794, 4923806834, 4987994240], [4923806834, 4923806844, 4923806785, 4923806788, 4987994238], 269.6]
[[4923806698, 4923806671, 4923806672, 4923806794], [4923806672, 4923806674, 4923806834], 269.6]
[[4923806698, 4923806671, 4923806672, 4923806674, 4923806834], [4923806674, 4923806676, 4923806678, 4987984480, 4923806652, 4923806788], 269.6]
[[4923806698, 4923806671, 4923806672, 4923806674, 4923806834], [4923806674, 4923806676, 4923806678, 4987984480, 4923806658, 4987984476, 4987984478], 269.6]
[[4923806779, 4923807677, 4923806965, 4987883385, 4923800312, 4987883388, 4923800306, 4923800305], [4923800306, 4923864480, 4987883381, 4923804453, 4987910570, 4923805069], 112.8]
[[4923806779, 4923807677, 4923806965, 4987883385, 4923800312, 4987883388, 4923800306, 4923800305], [4923800306, 4923864480, 4987883381, 4923804453, 4987910570, 4987910569, 4923805067, 4923805066], 112.8]
[[4923806779, 4923807677, 4923806965, 4987883385, 4923800312, 4987883388, 4923800306, 4923800305], [4923800306, 4923864480, 4987883381, 4923804453, 4987910570, 4987910569, 4923805067, 4987922456, 4987922452, 4987922454, 4923807663, 4987922446], 112.8]
[[4923806788, 4987994238, 4987994239, 4923806844], [4987994239, 4987994240, 4923806834], 88.2]
[[4923806788, 4987994238, 4987994239, 4987994240, 4923806834], [4987994240, 4987984438, 4987994226, 4923806698], 88.2]
[[4923806794, 4923806672, 4923806674, 4923806834], [4923806674, 4923806676, 4987994228, 4923806844], 267.5]
[[4923806794, 4923806672, 4923806674, 4923806676, 4987994228, 4923806844], [4923806676, 4923806678, 4987984480, 4923806658, 4987984476, 4987984478], 267.5]
[[4923806834, 4923806674, 4923806676, 4987994228, 4923806844], [4923806676, 4923806678, 4987984480, 4923806652, 4923806788], 267.2]
[[4923806834, 4923806674, 4923806676, 4987994228, 4923806844], [4923806676, 4923806678, 4987984480, 4923806658, 4987984476, 4987984478], 267.2]
[[4923806834, 4987994240, 4987984438, 4923806794], [4987984438, 4987994226, 4923806698], 87.2]
[[4923806844, 4987994239, 4987994240, 4923806834], [4987994240, 4987984438, 4923806794], 87.5]
[[4923807080, 4987984474, 4923807077, 4987994235, 4987994234, 4987984498, 4923804239, 4987984431, 4987884221], [4923804239, 4923808802, 4923808216, 4987883418], 193.4]
[[4923807081, 4923803736, 4923807662, 4987922449, 4987922455, 4987922454, 4987922452, 4987922456, 4923805067, 4987910569, 4987910570, 4923804453, 4987984434, 4987984514], [4923804453, 4987883381, 4923864480, 4923800306, 4987883388, 4987883389, 4923804583], 297.6]
[[4923807083, 4987922445, 4923807082, 4987922455, 4987922453, 4987922428, 4923802073, 4923799420, 4923807633, 4923799047, 4987984448], [4923799047, 4923807632, 4923807089, 4987984451, 4923800293], 110.6]
[[4923807083, 4987922445, 4923807082, 4987922455, 4987922453, 4987922428, 4923802073, 4923799420, 4923807633, 4923799047, 4923807632, 4923807089, 4987984449], [4923807089, 4987984451, 4987922359, 4923800291, 4923800287], 110.6]
[[4923807083, 4987922445, 4923807082, 4987922455, 4987922453, 4987922428, 4923802073, 4923799420, 4923807633, 4923799047, 4923807632, 4923807089, 4987984449], [4923807089, 4987984451, 4987922359, 4923800291, 4987922361, 4987922384, 4923800285], 110.6]
[[4923807083, 4987922445, 4923807082, 4987922455, 4987922453, 4987922428, 4923802073, 4923799420, 4923807633, 4923799047, 4923807632, 4923807089, 4987984449], [4923807089, 4987984451, 4987922359, 4923800291, 4987922361, 4987922384, 4987922386, 4987922381, 4987922379, 4987922378, 9221078631], 110.6]
[[4923807083, 4987922445, 4923807082, 4987922455, 4987922453, 4987922428, 4923802073, 4923799420, 4923807633, 4923799047, 4923807632, 4923807089, 4987984449], [4923807089, 4987984451, 4987922359, 4923800291, 4987922361, 4987922384, 4987922386, 4987922381, 4987922377, 9221078633], 110.6]
[[4923807099, 4987984496, 4923808772, 4923804243, 4923808802, 4923804239], [4923808802, 4923808216, 4987883418, 4987884221], 297.8]
[[4923807575, 4987984508, 4923808772, 4923804243, 4923804237], [4923804243, 4923808802, 4923808216, 4923808204, 4987984431], 297.5]
[[4923807662, 4987922449, 4987922455, 4987922454, 4987922452, 4987922456, 4923805067, 4987910569, 4987910570, 4923804453, 4987984434, 4987984514], [4923804453, 4987883381, 4923864480, 4923800306, 4987883388, 4987883389, 4923804583], 291.6]
[[4923808772, 4987883411, 4987883412, 4987883413, 4923808802], [4987883413, 4987883414, 4923808813, 4987883415, 4987883417], 297.8]
[[4923808802, 4923808216, 4987883418, 4987884221, 4987984431, 4923804239], [4987884221, 4923807068, 4923807080, 4987984474, 4923807077], 27.5]
[[4923808813, 4987883415, 4987883417, 4987883418, 4923808216, 4923808802, 4987883413], [4923808802, 4923804243, 4923808772, 4987883411], 117.2]
[[4987883403, 4987984505, 4923799380, 4987922416], [4923799380, 4987984503, 4987922415], 27.5]
[[4987883411, 4987883412, 4987883413, 4923808802, 4923804243, 4923808772], [4923808802, 4923804239, 4923804237, 4987984496], 27.7]
[[4987883411, 4987883412, 4987883413, 4987883414, 4923808216, 4923808802, 4923804243], [4923808216, 4923808204, 4987984431, 4923804239, 4923804237], 27.7]
[[4987883412, 4987883413, 4987883414, 4923808216, 4923808802, 4923804243], [4923808216, 4923808204, 4987984431, 4923804239, 4923804237], 27.7]
[[4987883413, 4987883414, 4923808813, 4987883415, 4987883417, 4987883418, 4923808216, 4923808802], [4987883418, 4987884221, 4923807068, 4923807078, 4923807069], 27.7]
[[4987883413, 4987883414, 4923808813, 4987883415, 4987883417, 4987883418, 4923808216, 4923808802], [4987883418, 4987884221, 4987984431, 4923804239], 27.7]
[[4987883414, 4923808216, 4923808802, 4923804243, 4987883412], [4923804243, 4923808772, 4987984508, 4923806633], 117.7]
[[4987883415, 4987883417, 4987883418, 4923808216, 4923808802, 4987883413], [4923808802, 4923804243, 4923808772, 4987883411], 117.3]
[[4987883417, 4987883418, 4987884221, 4987984431, 4923804239, 4923808802], [4923804239, 4923804237, 4987984496, 4923808772], 117.3]
[[4987883418, 4987884221, 4987984431, 4923804239, 4923808802], [4923804239, 4923804237, 4987984496, 4923808772], 117.3]
[[4987884221, 4987984431, 4923804239, 4923808802, 4923808216, 4987883418], [4923808802, 4987883413, 4987883414, 4923808813], 207.6]
[[4987884221, 4987984431, 4923804239, 4923804237, 4923804243, 4923808802, 4923808216], [4923804243, 4987883412, 4987883413, 4987883414], 207.6]
[[4987884226, 4923807081, 4923803736, 4923807662, 4987922449, 4987922455, 4987922454, 4987922452, 4987922456, 4923805067, 4987910569, 4987910570, 4923804453, 4987984434, 4987984514], [4923804453, 4987883381, 4923864480, 4923800306, 4987883388, 4987883389, 4923804583], 295.3]
[[4987884240, 4987922392, 4987922387, 4987922390, 4987922381, 4987922386, 4987922384, 4987922361, 4923800291, 4987922359, 4987984451, 4987922366], [4987984451, 4923807089, 4923807632, 4923799047, 4987922422], 295.8]
[[4987884240, 4987922392, 4987922387, 4987922390, 4987922381, 4987922386, 4987922384, 4987922361, 4923800291, 4987922359, 4987984451, 4987922366], [4987984451, 4923807089, 4923807632, 4923799047, 4923807633, 4923799420, 4923802073, 4987922421], 295.8]
[[4987884240, 4987922392, 4987922387, 4987922390, 4987922381, 4987922386, 4987922384, 4987922361, 4923800291, 4987922359, 4987984451, 4923807089, 4987922365], [4923807089, 4923807632, 4923799047, 4923807633, 4923799420, 4923802073, 4987922428, 4987922453, 4923799938], 295.8]
[[4987884240, 4987922392, 4987922387, 4987922390, 4987922381, 4987922386, 4987922384, 4987922361, 4923800291, 4987922359, 4987984451, 4923807089, 4987922365], [4923807089, 4923807632, 4923799047, 4923807633, 4923799420, 4923802073, 4987922428, 4987922453, 4987922455, 4987922449, 4923807662], 295.8]
[[4987884240, 4987922392, 4987922387, 4987922390, 4987922381, 4987922386, 4987922384, 4987922361, 4923800291, 4987922359, 4987984451, 4923807089, 4987922365], [4923807089, 4923807632, 4923799047, 4923807633, 4923799420, 4923802073, 4987922428, 4987922453, 4987922455, 4987922454, 4987922452, 4987922456, 4987983337], 295.8]
[[4987884240, 4987922392, 4987922387, 4987922390, 4987922381, 4987922386, 4987922384, 4987922361, 4923800291, 4987922359, 4987984451, 4923807089, 4987922365], [4923807089, 4923807632, 4923799047, 4923807633, 4923799420, 4923802073, 4987922428, 4987922453, 4987922455, 4987922454, 4987922452, 4987922456, 4923805067, 4987910569, 4987983335], 295.8]
[[4987884240, 4987922392, 4987922387, 4987922390, 4987922381, 4987922386, 4987922384, 4987922361, 4923800291, 4987922359, 4987984451, 4923807089, 4923807632, 4923799047, 4987922422], [4923799047, 4923807633, 4923799420, 4923802073, 4987922428, 4987922453, 4987922455, 4987922454, 4987922452, 4987922456, 4923805067, 4987910569, 4987983335], 295.8]
[[4987884240, 4987922392, 4987922387, 4987922390, 4987922381, 4987922386, 4987922384, 4987922361, 4923800291, 4987922359, 4987984451, 4923807089, 4923807632, 4923799047, 4987922422], [4923799047, 4923807633, 4923799420, 4923802073, 4987922428, 4987922453, 4987922455, 4987922454, 4987922452, 4987922456, 4923805067, 4987910569, 4987910570, 4923804453, 4987984434, 4987984514], 295.8]
[[4987884240, 4987922392, 4987922387, 4987922390, 4987922381, 4987922386, 4987922384, 4987922361, 4923800291, 4987922359, 4987984451, 4923807089, 4923807632, 4923799047, 4923807633, 4923799420, 4923802073, 4987922421], [4923802073, 4987922428, 4987922453, 4987922455, 4987922454, 4987922452, 4987922456, 4923805067, 4987910569, 4987910570, 4923804453, 4987984434, 4987984514], 295.8]
[[4987884240, 4987922392, 4987922387, 4987922390, 4987922381, 4987922386, 4987922384, 4987922361, 4923800291, 4987922359, 4987984451, 4923807089, 4923807632, 4923799047, 4923807633, 4923799420, 4923802073, 4987922421], [4923802073, 4987922428, 4987922453, 4987922455, 4987922454, 4987922452, 4987922456, 4923805067, 4987910569, 4987910570, 4923804453, 4987883381, 4923864480, 4923800306, 4987883388, 4987883389, 4923804583], 295.8]
[[4987884240, 4987922392, 4987922387, 4987922390, 4987922381, 4987922386, 4987922384, 4987922361, 4923800291, 4987922359, 4987984451, 4923807089, 4923807632, 4923799047, 4923807633, 4923799420, 4923802073, 4987922428, 4987922453, 4923799938], [4987922453, 4987922455, 4987922454, 4987922452, 4987922456, 4923805067, 4987910569, 4987910570, 4923804453, 4987883381, 4923864480, 4923800306, 4987883388, 4987883389, 4923804583], 295.8]
[[4987884240, 4987922392, 4987922387, 4987922390, 4987922381, 4987922386, 4987922384, 4987922361, 4923800291, 4987922359, 4987984451, 4923807089, 4923807632, 4923799047, 4923807633, 4923799420, 4923802073, 4987922428, 4987922453, 4987922455, 4987922449, 4923807662], [4987922455, 4987922454, 4987922452, 4987922456, 4923805067, 4987910569, 4987910570, 4923804453, 4987883381, 4923864480, 4923800306, 4987883388, 4987883389, 4923804583], 295.8]
[[4987884240, 4987922392, 4987922387, 4987922390, 4987922381, 4987922386, 4987922384, 4987922361, 4923800291, 4987922359, 4987984451, 4923807089, 4923807632, 4923799047, 4923807633, 4923799420, 4923802073, 4987922428, 4987922453, 4987922455, 4987922454, 4987922452, 4987922456, 4987983337], [4987922456, 4923805067, 4987910569, 4987910570, 4923804453, 4987883381, 4923864480, 4923800306, 4987883388, 4987883389, 4923804583], 295.8]
[[4987922365, 4923807089, 4923807632, 4923799047, 4923807633, 4923799420, 4923802073, 4987922421], [4923802073, 4987922428, 4987922453, 4987922455, 4987922454, 4987922452, 4987922456, 4987983337], 297.0]
[[4987922365, 4923807089, 4923807632, 4923799047, 4923807633, 4923799420, 4923802073, 4987922421], [4923802073, 4987922428, 4987922453, 4987922455, 4987922454, 4987922452, 4987922456, 4923805067, 4987910569, 4987983335], 297.0]
[[4987922365, 4923807089, 4923807632, 4923799047, 4923807633, 4923799420, 4923802073, 4987922428, 4987922453, 4923799938], [4987922453, 4987922455, 4987922454, 4987922452, 4987922456, 4923805067, 4987910569, 4987983335], 297.0]
[[4987922365, 4923807089, 4923807632, 4923799047, 4923807633, 4923799420, 4923802073, 4987922428, 4987922453, 4923799938], [4987922453, 4987922455, 4987922454, 4987922452, 4987922456, 4923805067, 4987910569, 4987910570, 4923804453, 4987984434, 4987984514], 297.0]
[[4987922365, 4923807089, 4923807632, 4923799047, 4923807633, 4923799420, 4923802073, 4987922428, 4987922453, 4987922455, 4987922449, 4923807662], [4987922455, 4987922454, 4987922452, 4987922456, 4923805067, 4987910569, 4987910570, 4923804453, 4987984434, 4987984514], 297.0]
[[4987922365, 4923807089, 4923807632, 4923799047, 4923807633, 4923799420, 4923802073, 4987922428, 4987922453, 4987922455, 4987922454, 4987922452, 4987922456, 4987983337], [4987922456, 4923805067, 4987910569, 4987910570, 4923804453, 4987883381, 4923864480, 4923800306, 4987883388, 4987883389, 4923804583], 297.0]
[[4987922365, 4923807089, 4923807632, 4923799047, 4923807633, 4923799420, 4923802073, 4987922428, 4987922453, 4987922455, 4987922454, 4987922452, 4987922456, 4923805067, 4987910569, 4987983335], [4987910569, 4987910570, 4923804453, 4987883381, 4923864480, 4923800306, 4987883388, 4987883389, 4923804583], 297.0]
[[4987922366, 4987984451, 4923807089, 4923807632, 4923799047, 4987922422], [4923799047, 4923807633, 4923799420, 4923802073, 4987922428, 4987922453, 4923799938], 297.2]
[[4987922366, 4987984451, 4923807089, 4923807632, 4923799047, 4987922422], [4923799047, 4923807633, 4923799420, 4923802073, 4987922428, 4987922453, 4987922455, 4987922449, 4923807662], 297.2]
[[4987922366, 4987984451, 4923807089, 4923807632, 4923799047, 4987922422], [4923799047, 4923807633, 4923799420, 4923802073, 4987922428, 4987922453, 4987922455, 4987922454, 4987922452, 4987922456, 4987983337], 297.2]
[[4987922366, 4987984451, 4923807089, 4923807632, 4923799047, 4923807633, 4923799420, 4923802073, 4987922421], [4923802073, 4987922428, 4987922453, 4987922455, 4987922454, 4987922452, 4987922456, 4923805067, 4987910569, 4987983335], 297.2]
[[4987922366, 4987984451, 4923807089, 4923807632, 4923799047, 4923807633, 4923799420, 4923802073, 4987922421], [4923802073, 4987922428, 4987922453, 4987922455, 4987922454, 4987922452, 4987922456, 4923805067, 4987910569, 4987910570, 4923804453, 4987984434, 4987984514], 297.2]
[[4987922366, 4987984451, 4923807089, 4923807632, 4923799047, 4923807633, 4923799420, 4923802073, 4987922428, 4987922453, 4923799938], [4987922453, 4987922455, 4987922454, 4987922452, 4987922456, 4923805067, 4987910569, 4987910570, 4923804453, 4987984434, 4987984514], 297.2]
[[4987922366, 4987984451, 4923807089, 4923807632, 4923799047, 4923807633, 4923799420, 4923802073, 4987922428, 4987922453, 4987922455, 4987922449, 4923807662], [4987922455, 4987922454, 4987922452, 4987922456, 4923805067, 4987910569, 4987910570, 4923804453, 4987984434, 4987984514], 297.2]
[[4987922366, 4987984451, 4923807089, 4923807632, 4923799047, 4923807633, 4923799420, 4923802073, 4987922428, 4987922453, 4987922455, 4987922449, 4923807662], [4987922455, 4987922454, 4987922452, 4987922456, 4923805067, 4987910569, 4987910570, 4923804453, 4987883381, 4923864480, 4923800306, 4987883388, 4987883389, 4923804583], 297.2]
[[4987922366, 4987984451, 4923807089, 4923807632, 4923799047, 4923807633, 4923799420, 4923802073, 4987922428, 4987922453, 4987922455, 4987922454, 4987922452, 4987922456, 4987983337], [4987922456, 4923805067, 4987910569, 4987910570, 4923804453, 4987883381, 4923864480, 4923800306, 4987883388, 4987883389, 4923804583], 297.2]
[[4987922384, 4923800285, 4923800287, 4923800293, 4987984451], [4923800293, 4987984449, 4987984448, 4923799047], 297.3]
[[4987922384, 4923800285, 4923800287, 4923800293, 4987984449, 4923807089], [4987984449, 4987984448, 4923802724, 4923802073], 297.3]
[[4987922392, 4987922387, 4987922390, 4987922381, 4987922386, 4987922384, 4987922361, 4923800291, 4987922359, 4987984451, 4987922366], [4987984451, 4923807089, 4923807632, 4923799047, 4987922422], 298.4]
[[4987922392, 4987922387, 4987922390, 4987922381, 4987922386, 4987922384, 4987922361, 4923800291, 4987922359, 4987984451, 4987922366], [4987984451, 4923807089, 4923807632, 4923799047, 4923807633, 4923799420, 4923802073, 4987922421], 298.4]
[[4987922392, 4987922387, 4987922390, 4987922381, 4987922386, 4987922384, 4987922361, 4923800291, 4987922359, 4987984451, 4923807089, 4987922365], [4923807089, 4923807632, 4923799047, 4923807633, 4923799420, 4923802073, 4987922428, 4987922453, 4923799938], 298.4]
[[4987922392, 4987922387, 4987922390, 4987922381, 4987922386, 4987922384, 4987922361, 4923800291, 4987922359, 4987984451, 4923807089, 4987922365], [4923807089, 4923807632, 4923799047, 4923807633, 4923799420, 4923802073, 4987922428, 4987922453, 4987922455, 4987922449, 4923807662], 298.4]
[[4987922392, 4987922387, 4987922390, 4987922381, 4987922386, 4987922384, 4987922361, 4923800291, 4987922359, 4987984451, 4923807089, 4987922365], [4923807089, 4923807632, 4923799047, 4923807633, 4923799420, 4923802073, 4987922428, 4987922453, 4987922455, 4987922454, 4987922452, 4987922456, 4987983337], 298.4]
[[4987922392, 4987922387, 4987922390, 4987922381, 4987922386, 4987922384, 4987922361, 4923800291, 4987922359, 4987984451, 4923807089, 4987922365], [4923807089, 4923807632, 4923799047, 4923807633, 4923799420, 4923802073, 4987922428, 4987922453, 4987922455, 4987922454, 4987922452, 4987922456, 4923805067, 4987910569, 4987983335], 298.4]
[[4987922392, 4987922387, 4987922390, 4987922381, 4987922386, 4987922384, 4987922361, 4923800291, 4987922359, 4987984451, 4923807089, 4923807632, 4923799047, 4987922422], [4923799047, 4923807633, 4923799420, 4923802073, 4987922428, 4987922453, 4987922455, 4987922454, 4987922452, 4987922456, 4923805067, 4987910569, 4987983335], 298.4]
[[4987922392, 4987922387, 4987922390, 4987922381, 4987922386, 4987922384, 4987922361, 4923800291, 4987922359, 4987984451, 4923807089, 4923807632, 4923799047, 4987922422], [4923799047, 4923807633, 4923799420, 4923802073, 4987922428, 4987922453, 4987922455, 4987922454, 4987922452, 4987922456, 4923805067, 4987910569, 4987910570, 4923804453, 4987984434, 4987984514], 298.4]
[[4987922392, 4987922387, 4987922390, 4987922381, 4987922386, 4987922384, 4987922361, 4923800291, 4987922359, 4987984451, 4923807089, 4923807632, 4923799047, 4923807633, 4923799420, 4923802073, 4987922421], [4923802073, 4987922428, 4987922453, 4987922455, 4987922454, 4987922452, 4987922456, 4923805067, 4987910569, 4987910570, 4923804453, 4987984434, 4987984514], 298.4]
[[4987922392, 4987922387, 4987922390, 4987922381, 4987922386, 4987922384, 4987922361, 4923800291, 4987922359, 4987984451, 4923807089, 4923807632, 4923799047, 4923807633, 4923799420, 4923802073, 4987922421], [4923802073, 4987922428, 4987922453, 4987922455, 4987922454, 4987922452, 4987922456, 4923805067, 4987910569, 4987910570, 4923804453, 4987883381, 4923864480, 4923800306, 4987883388, 4987883389, 4923804583], 298.4]
[[4987922392, 4987922387, 4987922390, 4987922381, 4987922386, 4987922384, 4987922361, 4923800291, 4987922359, 4987984451, 4923807089, 4923807632, 4923799047, 4923807633, 4923799420, 4923802073, 4987922428, 4987922453, 4923799938], [4987922453, 4987922455, 4987922454, 4987922452, 4987922456, 4923805067, 4987910569, 4987910570, 4923804453, 4987883381, 4923864480, 4923800306, 4987883388, 4987883389, 4923804583], 298.4]
[[4987922392, 4987922387, 4987922390, 4987922381, 4987922386, 4987922384, 4987922361, 4923800291, 4987922359, 4987984451, 4923807089, 4923807632, 4923799047, 4923807633, 4923799420, 4923802073, 4987922428, 4987922453, 4987922455, 4987922449, 4923807662], [4987922455, 4987922454, 4987922452, 4987922456, 4923805067, 4987910569, 4987910570, 4923804453, 4987883381, 4923864480, 4923800306, 4987883388, 4987883389, 4923804583], 298.4]
[[4987922402, 4987922403, 4987922405, 4987922407, 4987922396, 4987922395, 4987984458], [4987922395, 4923799985, 4923802721, 4923802722], 297.4]
[[4987922403, 4987922405, 4987922407, 4987922396, 4987922395, 4987984458], [4987922395, 4923799985, 4923802721, 4923802722], 297.4]
[[4987922421, 4923802073, 4987922428, 4987922453, 4987922455, 4987922454, 4987922452, 4987922456, 4987983337], [4987922456, 4923805067, 4987910569, 4987983335], 297.4]
[[4987922421, 4923802073, 4987922428, 4987922453, 4987922455, 4987922454, 4987922452, 4987922456, 4923805067, 4987910569, 4987983335], [4987910569, 4987910570, 4923804453, 4987883381, 4923864480, 4923800306, 4987883388, 4987883389, 4923804583], 297.4]
[[4987922421, 4923802073, 4987922428, 4987922453, 4987922455, 4987922454, 4987922452, 4987922456, 4923805067, 4987910569, 4987910570, 4923804453, 4987984434, 4987984514], [4923804453, 4987883381, 4923864480, 4923800306, 4987883388, 4987883389, 4923804583], 297.4]
[[4987922422, 4987922365, 4987922366, 4987984451, 4923807089, 4923807632], [4987984451, 4923800293, 4987984449, 4987984448], 207.4]
[[4987922422, 4923799047, 4923807633, 4923799420, 4923802073, 4987922428, 4987922453, 4923799938], [4987922453, 4987922455, 4987922454, 4987922452, 4987922456, 4923805067, 4987910569, 4987983335], 297.3]
[[4987922422, 4923799047, 4923807633, 4923799420, 4923802073, 4987922428, 4987922453, 4987922455, 4987922449, 4923807662], [4987922455, 4987922454, 4987922452, 4987922456, 4923805067, 4987910569, 4987983335], 297.3]
[[4987922422, 4923799047, 4923807633, 4923799420, 4923802073, 4987922428, 4987922453, 4987922455, 4987922454, 4987922452, 4987922456, 4987983337], [4987922456, 4923805067, 4987910569, 4987910570, 4923804453, 4987984434, 4987984514], 297.3]
[[4987922422, 4923799047, 4923807633, 4923799420, 4923802073, 4987922428, 4987922453, 4987922455, 4987922454, 4987922452, 4987922456, 4923805067, 4987910569, 4987983335], [4987910569, 4987910570, 4923804453, 4987883381, 4923864480, 4923800306, 4987883388, 4987883389, 4923804583], 297.3]
[[4987922445, 4923807082, 4987922455, 4987922453, 4987922428, 4923802073, 4923799420, 4923807633, 4923799047, 4987984448], [4923799047, 4923807632, 4923807089, 4987984451, 4923800293], 110.6]
[[4987922445, 4923807082, 4987922455, 4987922453, 4987922428, 4923802073, 4923799420, 4923807633, 4923799047, 4923807632, 4923807089, 4987984449], [4923807089, 4987984451, 4987922359, 4923800291, 4923800287], 110.6]
[[4987922445, 4923807082, 4987922455, 4987922453, 4987922428, 4923802073, 4923799420, 4923807633, 4923799047, 4923807632, 4923807089, 4987984449], [4923807089, 4987984451, 4987922359, 4923800291, 4987922361, 4987922384, 4923800285], 110.6]
[[4987922446, 4923807663, 4987922454, 4987922455, 4987922453, 4987922428, 4923802073, 4923799420, 4923807633, 4923799047, 4987984448], [4923799047, 4923807632, 4923807089, 4987984451, 4923800293], 110.8]
[[4987922446, 4923807663, 4987922454, 4987922455, 4987922453, 4987922428, 4923802073, 4923799420, 4923807633, 4923799047, 4923807632, 4923807089, 4987984449], [4923807089, 4987984451, 4987922359, 4923800291, 4923800287], 110.8]
[[4987922446, 4923807663, 4987922454, 4987922455, 4987922453, 4987922428, 4923802073, 4923799420, 4923807633, 4923799047, 4923807632, 4923807089, 4987984449], [4923807089, 4987984451, 4987922359, 4923800291, 4987922361, 4987922384, 4923800285], 110.8]
[[4987922446, 4923807663, 4987922454, 4987922455, 4987922453, 4987922428, 4923802073, 4923799420, 4923807633, 4923799047, 4923807632, 4923807089, 4987984449], [4923807089, 4987984451, 4987922359, 4923800291, 4987922361, 4987922384, 4987922386, 4987922381, 4987922379, 4987922378, 9221078631], 110.8]
[[4987922446, 4923807663, 4987922454, 4987922455, 4987922453, 4987922428, 4923802073, 4923799420, 4923807633, 4923799047, 4923807632, 4923807089, 4987984449], [4923807089, 4987984451, 4987922359, 4923800291, 4987922361, 4987922384, 4987922386, 4987922381, 4987922377, 9221078633], 110.8]
[[4987922448, 4987922446, 4923807663, 4987922454, 4987922455, 4987922453, 4987922428, 4923802073, 4923799420, 4923807633, 4923799047, 4987984448], [4923799047, 4923807632, 4923807089, 4987984451, 4923800293], 111.2]
[[4987922448, 4987922446, 4923807663, 4987922454, 4987922455, 4987922453, 4987922428, 4923802073, 4923799420, 4923807633, 4923799047, 4923807632, 4923807089, 4987984449], [4923807089, 4987984451, 4987922359, 4923800291, 4923800287], 111.2]
[[4987922448, 4987922446, 4923807663, 4987922454, 4987922455, 4987922453, 4987922428, 4923802073, 4923799420, 4923807633, 4923799047, 4923807632, 4923807089, 4987984449], [4923807089, 4987984451, 4987922359, 4923800291, 4987922361, 4987922384, 4923800285], 111.2]
[[4987922448, 4987922446, 4923807663, 4987922454, 4987922455, 4987922453, 4987922428, 4923802073, 4923799420, 4923807633, 4923799047, 4923807632, 4923807089, 4987984449], [4923807089, 4987984451, 4987922359, 4923800291, 4987922361, 4987922384, 4987922386, 4987922381, 4987922379, 4987922378, 9221078631], 111.2]
[[4987922448, 4987922446, 4923807663, 4987922454, 4987922455, 4987922453, 4987922428, 4923802073, 4923799420, 4923807633, 4923799047, 4923807632, 4923807089, 4987984449], [4923807089, 4987984451, 4987922359, 4923800291, 4987922361, 4987922384, 4987922386, 4987922381, 4987922377, 9221078633], 111.2]
[[4987922452, 4987922456, 4923805067, 4987910569, 4987983335, 4987983336, 4987983337], [4987983335, 4923803770, 4987984457, 4987984454], 27.7]
[[4987983337, 4987922456, 4923805067, 4987910569, 4987910570, 4923804453, 4987984434, 4987984514], [4923804453, 4987883381, 4923864480, 4923800306, 4987883388, 4987883389, 4923804583], 296.2]
[[4987984431, 4923804239, 4923804237, 4923804243, 4923808802, 4923808216], [4923804243, 4987883412, 4987883413, 4987883414], 207.6]
[[4987984438, 4923806794, 4923806834, 4987994240], [4923806834, 4923806844, 4987994239], 267.5]
[[4987984438, 4987994226, 4923806698, 4923806794], [4923806698, 4923806671, 4923806672], 177.5]
[[4987984448, 4923799047, 4923807632, 4923807089, 4987984451, 4923800293], [4987984451, 4987922359, 4923800291, 4987922361, 4987922384, 4923800285], 117.3]
[[4987984448, 4923799047, 4923807632, 4923807089, 4987984451, 4923800293], [4987984451, 4987922359, 4923800291, 4987922361, 4987922384, 4987922386, 4987922381, 4987922379, 4987922378, 9221078631], 117.3]
[[4987984448, 4923799047, 4923807632, 4923807089, 4987984451, 4923800293], [4987984451, 4987922359, 4923800291, 4987922361, 4987922384, 4987922386, 4987922381, 4987922377, 9221078633], 117.3]
[[4987984454, 4987884228, 4987884229, 4923804068, 4987983337, 4987983336, 4987983335, 4923803770], [4987983335, 4987984514, 4987984626, 4923803781], 296.4]
[[4987984455, 4987884226, 4923807081, 4923803736, 4923807662, 4923804068, 4987983337, 4987983336, 4987983335, 4923803770], [4987983335, 4987984514, 4987984626, 4923803781], 296.5]
[[4987984476, 4987984478, 4923806661, 4987994238, 4987994239, 4923806844], [4987994239, 4987994240, 4987984438, 4923806794], 87.6]
[[4987984476, 4987984478, 4923806661, 4987994238, 4987994239, 4987994240, 4923806834], [4987994240, 4987984438, 4987994226, 4923806698], 87.6]
[[4987984478, 4923806661, 4987994238, 4987994239, 4923806844], [4987994239, 4987994240, 4987984438, 4923806794], 87.7]
[[4987984478, 4923806661, 4987994238, 4987994239, 4987994240, 4923806834], [4987994240, 4987984438, 4987994226, 4923806698], 87.7]
[[4987984480, 4923806652, 4923806788, 4987994238, 4987994239, 4987994240, 4923806834, 4923806674], [4987994240, 4987984438, 4987994226, 4923806698, 4923806671], 88.2]
[[4987984480, 4923806652, 4923806788, 4923806785, 4923806844, 4987994228, 4923806676], [4923806844, 4923806834, 4923806674], 88.2]
[[4987984480, 4923806652, 4923806788, 4923806785, 4923806844, 4923806834, 4923806674], [4923806834, 4923806794, 4923806698, 4923806671], 88.2]
[[4987984486, 4987984499, 4923807099, 4987984496, 4923808772, 4923804243, 4923808802], [4923808772, 4987883411, 4987883412, 4987883413], 207.5]
[[4987984496, 4923808772, 4923804243, 4923808802, 4923804239], [4923808802, 4923808216, 4987883418, 4987884221], 297.8]
[[4987984498, 4987984486, 4987984499, 4923807099, 4987984496, 4923808772, 4923804243, 4923808802], [4923808772, 4987883411, 4987883412, 4987883413], 204.3]
[[4987984499, 4923807099, 4923807575, 4987984508, 4923808772, 4923804243], [4987984508, 4923806633, 4987883410, 4987883411, 4987883412], 207.2]
[[4987984501, 4923800312, 4987883388, 4923800306, 4923864480, 4987883381, 4923805575], [4987883381, 4923804453, 4987910570, 4987910569, 4923805067, 4923805066], 118.1]
[[4987984501, 4923800312, 4987883388, 4923800306, 4923864480, 4987883381, 4923805575], [4987883381, 4923804453, 4987910570, 4987910569, 4923805067, 4987922456, 4987922452, 4987922454, 4923807663, 4987922446], 118.1]
[[4987984501, 4923800312, 4987883388, 4923800306, 4923864480, 4987883381, 4923805575], [4987883381, 4923804453, 4987910570, 4987910569, 4923805067, 4987922456, 4987922452, 4987922454, 4987922455, 4923807082, 4987922445], 118.1]
[[4987984501, 4923800312, 4987883388, 4923800306, 4923864480, 4987883381, 4923805575], [4987883381, 4923804453, 4987910570, 4987910569, 4923805067, 4987922456, 4987922452, 4987922454, 4987922455, 4987922453, 4923799936], 118.1]
[[4987984501, 4923800312, 4987883388, 4923800306, 4923864480, 4987883381, 4923804453, 4987910570, 4923805069], [4987910570, 4987910569, 4923805067, 4987922456, 4987922452, 4987922454, 4987922455, 4987922453, 4987922428, 4923802073, 4923802724], 118.1]
[[4987984501, 4923800312, 4987883388, 4923800306, 4923864480, 4987883381, 4923804453, 4987910570, 4923805069], [4987910570, 4987910569, 4923805067, 4987922456, 4987922452, 4987922454, 4987922455, 4987922453, 4987922428, 4923802073, 4923799420, 4923807633, 4923799047, 4987984448], 118.1]
[[4987984501, 4923800312, 4987883388, 4923800306, 4923864480, 4987883381, 4923804453, 4987910570, 4923805069], [4987910570, 4987910569, 4923805067, 4987922456, 4987922452, 4987922454, 4987922455, 4987922453, 4987922428, 4923802073, 4923799420, 4923807633, 4923799047, 4923807632, 4923807089, 4987984449], 118.1]
[[4987984501, 4923800312, 4987883388, 4923800306, 4923864480, 4987883381, 4923804453, 4987910570, 4987910569, 4923805067, 4923805066], [4923805067, 4987922456, 4987922452, 4987922454, 4987922455, 4987922453, 4987922428, 4923802073, 4923799420, 4923807633, 4923799047, 4923807632, 4923807089, 4987984449], 118.1]
[[4987984501, 4923800312, 4987883388, 4923800306, 4923864480, 4987883381, 4923804453, 4987910570, 4987910569, 4923805067, 4923805066], [4923805067, 4987922456, 4987922452, 4987922454, 4987922455, 4987922453, 4987922428, 4923802073, 4923799420, 4923807633, 4923799047, 4923807632, 4923807089, 4987984451, 4923800293], 118.1]
[[4987984501, 4923800312, 4987883388, 4923800306, 4923864480, 4987883381, 4923804453, 4987910570, 4987910569, 4923805067, 4923805066], [4923805067, 4987922456, 4987922452, 4987922454, 4987922455, 4987922453, 4987922428, 4923802073, 4923799420, 4923807633, 4923799047, 4923807632, 4923807089, 4987984451, 4987922359, 4923800291, 4923800287], 118.1]
[[4987984501, 4923800312, 4987883388, 4923800306, 4923864480, 4987883381, 4923804453, 4987910570, 4987910569, 4923805067, 4987922456, 4987922452, 4987922454, 4923807663, 4987922446], [4987922454, 4987922455, 4987922453, 4987922428, 4923802073, 4923799420, 4923807633, 4923799047, 4923807632, 4923807089, 4987984451, 4923800293], 118.1]
[[4987984501, 4923800312, 4987883388, 4923800306, 4923864480, 4987883381, 4923804453, 4987910570, 4987910569, 4923805067, 4987922456, 4987922452, 4987922454, 4923807663, 4987922446], [4987922454, 4987922455, 4987922453, 4987922428, 4923802073, 4923799420, 4923807633, 4923799047, 4923807632, 4923807089, 4987984451, 4987922359, 4923800291, 4923800287], 118.1]
[[4987984501, 4923800312, 4987883388, 4923800306, 4923864480, 4987883381, 4923804453, 4987910570, 4987910569, 4923805067, 4987922456, 4987922452, 4987922454, 4923807663, 4987922446], [4987922454, 4987922455, 4987922453, 4987922428, 4923802073, 4923799420, 4923807633, 4923799047, 4923807632, 4923807089, 4987984451, 4987922359, 4923800291, 4987922361, 4987922384, 4923800285], 118.1]
[[4987984501, 4923800312, 4987883388, 4923800306, 4923864480, 4987883381, 4923804453, 4987910570, 4987910569, 4923805067, 4987922456, 4987922452, 4987922454, 4923807663, 4987922446], [4987922454, 4987922455, 4987922453, 4987922428, 4923802073, 4923799420, 4923807633, 4923799047, 4923807632, 4923807089, 4987984451, 4987922359, 4923800291, 4987922361, 4987922384, 4987922386, 4987922381, 4987922379, 4987922378, 9221078631], 118.1]
[[4987984501, 4923800312, 4987883388, 4923800306, 4923864480, 4987883381, 4923804453, 4987910570, 4987910569, 4923805067, 4987922456, 4987922452, 4987922454, 4923807663, 4987922446], [4987922454, 4987922455, 4987922453, 4987922428, 4923802073, 4923799420, 4923807633, 4923799047, 4923807632, 4923807089, 4987984451, 4987922359, 4923800291, 4987922361, 4987922384, 4987922386, 4987922381, 4987922377, 9221078633], 118.1]
[[4987984501, 4923800312, 4987883388, 4923800306, 4923864480, 4987883381, 4923804453, 4987910570, 4987910569, 4923805067, 4987922456, 4987922452, 4987922454, 4987922455, 4923807082, 4987922445], [4987922455, 4987922453, 4987922428, 4923802073, 4923799420, 4923807633, 4923799047, 4923807632, 4923807089, 4987984451, 4923800293], 118.1]
[[4987984501, 4923800312, 4987883388, 4923800306, 4923864480, 4987883381, 4923804453, 4987910570, 4987910569, 4923805067, 4987922456, 4987922452, 4987922454, 4987922455, 4923807082, 4987922445], [4987922455, 4987922453, 4987922428, 4923802073, 4923799420, 4923807633, 4923799047, 4923807632, 4923807089, 4987984451, 4987922359, 4923800291, 4923800287], 118.1]
[[4987984501, 4923800312, 4987883388, 4923800306, 4923864480, 4987883381, 4923804453, 4987910570, 4987910569, 4923805067, 4987922456, 4987922452, 4987922454, 4987922455, 4923807082, 4987922445], [4987922455, 4987922453, 4987922428, 4923802073, 4923799420, 4923807633, 4923799047, 4923807632, 4923807089, 4987984451, 4987922359, 4923800291, 4987922361, 4987922384, 4923800285], 118.1]
[[4987984501, 4923800312, 4987883388, 4923800306, 4923864480, 4987883381, 4923804453, 4987910570, 4987910569, 4923805067, 4987922456, 4987922452, 4987922454, 4987922455, 4923807082, 4987922445], [4987922455, 4987922453, 4987922428, 4923802073, 4923799420, 4923807633, 4923799047, 4923807632, 4923807089, 4987984451, 4987922359, 4923800291, 4987922361, 4987922384, 4987922386, 4987922381, 4987922379, 4987922378, 9221078631], 118.1]
[[4987984501, 4923800312, 4987883388, 4923800306, 4923864480, 4987883381, 4923804453, 4987910570, 4987910569, 4923805067, 4987922456, 4987922452, 4987922454, 4987922455, 4923807082, 4987922445], [4987922455, 4987922453, 4987922428, 4923802073, 4923799420, 4923807633, 4923799047, 4923807632, 4923807089, 4987984451, 4987922359, 4923800291, 4987922361, 4987922384, 4987922386, 4987922381, 4987922377, 9221078633], 118.1]
[[4987984501, 4923800312, 4987883388, 4923800306, 4923864480, 4987883381, 4923804453, 4987910570, 4987910569, 4923805067, 4987922456, 4987922452, 4987922454, 4987922455, 4987922453, 4923799936], [4987922453, 4987922428, 4923802073, 4923799420, 4923807633, 4923799047, 4923807632, 4923807089, 4987984451, 4987922359, 4923800291, 4923800287], 118.1]
[[4987984501, 4923800312, 4987883388, 4923800306, 4923864480, 4987883381, 4923804453, 4987910570, 4987910569, 4923805067, 4987922456, 4987922452, 4987922454, 4987922455, 4987922453, 4923799936], [4987922453, 4987922428, 4923802073, 4923799420, 4923807633, 4923799047, 4923807632, 4923807089, 4987984451, 4987922359, 4923800291, 4987922361, 4987922384, 4923800285], 118.1]
[[4987984501, 4923800312, 4987883388, 4923800306, 4923864480, 4987883381, 4923804453, 4987910570, 4987910569, 4923805067, 4987922456, 4987922452, 4987922454, 4987922455, 4987922453, 4923799936], [4987922453, 4987922428, 4923802073, 4923799420, 4923807633, 4923799047, 4923807632, 4923807089, 4987984451, 4987922359, 4923800291, 4987922361, 4987922384, 4987922386, 4987922381, 4987922379, 4987922378, 9221078631], 118.1]
[[4987984501, 4923800312, 4987883388, 4923800306, 4923864480, 4987883381, 4923804453, 4987910570, 4987910569, 4923805067, 4987922456, 4987922452, 4987922454, 4987922455, 4987922453, 4923799936], [4987922453, 4987922428, 4923802073, 4923799420, 4923807633, 4923799047, 4923807632, 4923807089, 4987984451, 4987922359, 4923800291, 4987922361, 4987922384, 4987922386, 4987922381, 4987922377, 9221078633], 118.1]
[[4987984508, 4923806633, 4987883410, 4987883411, 4987883412, 4923804243], [4987883412, 4987883413, 4987883414, 4923808813, 4987883415, 4987883417], 297.0]
[[4987984508, 4923806633, 4987883410, 4987883411, 4987883412, 4923804243], [4987883412, 4987883413, 4987883414, 4923808216], 297.0]
[[4987994225, 4923807055, 4987922416, 4923806996, 2565693923], [4923806996, 4987922415, 4987922412], 27.6]
[[4987994226, 4923806698, 4923806794, 4987984438], [4923806794, 4923806834, 4987994240], 269.6]
[[4987994226, 4923806698, 4923806794, 4923806834, 4987994240], [4923806834, 4923806844, 4923806785, 4923806788, 4987994238], 269.6]
[[4987994231, 4923807851, 4923807854, 4987994234, 4987984498, 4923804239, 4987984431, 4987884221], [4923804239, 4923808802, 4923808216, 4987883418], 221.1]
[[4987994238, 4987994239, 4923806844, 4923806785], [4923806844, 4987994228, 4923806676, 4923806678, 4987984480], 177.7]
[[4987994238, 4987994239, 4987994240, 4923806834, 4923806844, 4923806785], [4923806834, 4923806674, 4923806676, 4923806678], 177.7]
[[4987994238, 4987994239, 4987994240, 4987984438, 4923806794, 4923806834, 4923806844], [4923806794, 4923806672, 4923806674, 4923806676], 177.7]
[[4987994239, 4987994240, 4923806834, 4923806844], [4923806834, 4923806674, 4923806676], 177.7]
[[4987994239, 4987994240, 4987984438, 4923806794, 4923806834, 4923806844], [4923806794, 4923806672, 4923806674, 4923806676], 177.7]
[[4987994240, 4923806834, 4923806844, 4987994239], [4923806844, 4923806785, 4923806788, 4987994238], 267.2]
[[4987994240, 4987984438, 4923806794, 4923806834], [4923806794, 4923806672, 4923806674], 177.8]
[[4987994240, 4987984438, 4987994226, 4923806698, 4923806794, 4923806834], [4923806698, 4923806671, 4923806672, 4923806674], 177.8]
[[5253301544, 5253301543, 8148762075, 5253301548, 5253301554, 5253301549], [5253301548, 5253301566, 5253301542, 2240236699], 359.2]
[[5253301599, 5253301572, 8776681968, 8776681969, 6737646318, 8776681976, 8776681970, 8776681971, 8776681993, 8776681906], [8776681971, 8776681997, 8776681972, 8776681973, 8776665398, 8776681974, 6796972925, 6796972959], 350.0]
[[5253301617, 8776681969, 6737646318, 8776681976, 8776681970, 8776681971, 8776681993, 8776681906], [8776681971, 8776681997, 8776681972, 5253301648], 350.1]
[[5253301617, 8776681969, 6737646318, 8776681976, 8776681970, 8776681971, 8776681993, 8776681906], [8776681971, 8776681997, 8776681972, 8776681973, 8635018124], 350.1]
[[5253301617, 8776681969, 6737646318, 8776681976, 8776681970, 8776681971, 8776681993, 8776681906], [8776681971, 8776681997, 8776681972, 8776681973, 8776665398, 8776681974, 6796972925, 6796972959], 350.1]
[[5253301622, 5253301617, 8776681969, 6737646318, 8776681976, 8776681970, 8776681971, 8776681993, 8776681906], [8776681971, 8776681997, 8776681972, 5253301648], 350.0]
[[5253301622, 5253301617, 8776681969, 6737646318, 8776681976, 8776681970, 8776681971, 8776681993, 8776681906], [8776681971, 8776681997, 8776681972, 8776681973, 8635018124, 8635018155], 350.0]
[[5253301622, 5253301617, 8776681969, 6737646318, 8776681976, 8776681970, 8776681971, 8776681993, 8776681906], [8776681971, 8776681997, 8776681972, 8776681973, 8776665398, 8776681974, 6796972925, 6796972959], 350.0]
[[5253301651, 8776681906, 8776681993, 8776681971, 664958891, 8776681982, 664958799, 8635018153, 8776681973, 8635018124], [8635018153, 8486054670, 8776681966, 6796972958, 6796972925, 6796972959], 354.8]
[[5253301651, 8776681906, 8776681993, 8776681971, 664958891, 8776681982, 664958799, 8635018153, 8776681973, 8635018124], [8635018153, 8486054670, 8776681966, 8776681974, 8486054549], 354.8]
[[5253301651, 8776681906, 8776681993, 8776681971, 664958891, 8776681982, 664958799, 8776681972, 5253301648], [664958799, 8635018153, 8486054670, 8776681966, 6796972958, 6796972925, 6796972959], 354.8]
[[5253301651, 8776681906, 8776681993, 8776681971, 664958891, 8776681982, 664958799, 8776681972, 5253301648], [664958799, 8635018153, 8486054670, 8776681966, 8776681974, 8486054549], 354.8]
[[5253301651, 8776681906, 8776681993, 8776681971, 8776681997, 8776681972, 5253301648], [8776681972, 8776681973, 8776665398, 8776681974, 8486054549], 354.8]
[[5253301651, 8776681906, 8776681993, 8776681971, 8776681997, 8776681972, 5253301648], [8776681972, 8776681973, 8776665398, 8776681974, 6796972925, 6796972959], 354.8]
[[5253301651, 8776681906, 8776681993, 8776681971, 8776681997, 8776681972, 8776681973, 8635018124], [8776681973, 8776665398, 8776681974, 8486054549], 354.8]
[[5253301651, 8776681906, 8776681993, 8776681971, 8776681997, 8776681972, 8776681973, 8635018124], [8776681973, 8776665398, 8776681974, 6796972925, 6796972959], 354.8]
[[5960541493, 4923807859, 4987984437, 4923806965, 4987883385, 4923800312, 4987883388, 4923800306, 4923800305], [4923800306, 4923864480, 4987883381, 4923804453, 4987910570, 4923805069], 112.0]
[[5960541493, 4923807859, 4987984437, 4923806965, 4987883385, 4923800312, 4987883388, 4923800306, 4923800305], [4923800306, 4923864480, 4987883381, 4923804453, 4987910570, 4987910569, 4923805067, 4923805066], 112.0]
[[5960541493, 4923807859, 4987984437, 4923806965, 4987883385, 4923800312, 4987883388, 4923800306, 4923800305], [4923800306, 4923864480, 4987883381, 4923804453, 4987910570, 4987910569, 4923805067, 4987922456, 4987922452, 4987922454, 4923807663, 4987922446], 112.0]
[[5960541493, 4923807859, 4987984437, 4923806965, 4987883385, 4923800312, 4987883388, 4923800306, 4923800305], [4923800306, 4923864480, 4987883381, 4923804453, 4987910570, 4987910569, 4923805067, 4987922456, 4987922452, 4987922454, 4987922455, 4923807082, 4987922445], 112.0]
[[5960541507, 4923806779, 4923807677, 4923806965, 4987883385, 4923800312, 4987984501], [4923800312, 4987883388, 4923800306, 4923800305], 114.1]
[[5960541507, 4923806779, 4923807677, 4923806965, 4987883385, 4923800312, 4987883388, 4923800306, 4923800305], [4923800306, 4923864480, 4987883381, 4923804453, 4987910570, 4923805069], 114.1]
[[5960541507, 4923806779, 4923807677, 4923806965, 4987883385, 4923800312, 4987883388, 4923800306, 4923800305], [4923800306, 4923864480, 4987883381, 4923804453, 4987910570, 4987910569, 4923805067, 4923805066], 114.1]
[[5960541507, 4923806779, 4923807677, 4923806965, 4987883385, 4923800312, 4987883388, 4923800306, 4923800305], [4923800306, 4923864480, 4987883381, 4923804453, 4987910570, 4987910569, 4923805067, 4987922456, 4987922452, 4987922454, 4923807663, 4987922446], 114.1]
[[5960541507, 4923806779, 4923807677, 4923806965, 4987883385, 4923800312, 4987883388, 4923800306, 4923864480, 4987883381, 4923805575], [4987883381, 4923804453, 4987910570, 4987910569, 4923805067, 4987922456, 4987922452, 4987922454, 4923807663, 4987922446], 114.1]
[[5960541507, 4923806779, 4923807677, 4923806965, 4987883385, 4923800312, 4987883388, 4923800306, 4923864480, 4987883381, 4923805575], [4987883381, 4923804453, 4987910570, 4987910569, 4923805067, 4987922456, 4987922452, 4987922454, 4987922455, 4923807082, 4987922445], 114.1]
[[5960541507, 4923806779, 4923807677, 4923806965, 4987883385, 4923800312, 4987883388, 4923800306, 4923864480, 4987883381, 4923805575], [4987883381, 4923804453, 4987910570, 4987910569, 4923805067, 4987922456, 4987922452, 4987922454, 4987922455, 4987922453, 4923799936], 114.1]
[[5960541507, 4923806779, 4923807677, 4923806965, 4987883385, 4923800312, 4987883388, 4923800306, 4923864480, 4987883381, 4923805575], [4987883381, 4923804453, 4987910570, 4987910569, 4923805067, 4987922456, 4987922452, 4987922454, 4987922455, 4987922453, 4987922428, 4923802073, 4923802724], 114.1]
[[5960541507, 4923806779, 4923807677, 4923806965, 4987883385, 4923800312, 4987883388, 4923800306, 4923864480, 4987883381, 4923805575], [4987883381, 4923804453, 4987910570, 4987910569, 4923805067, 4987922456, 4987922452, 4987922454, 4987922455, 4987922453, 4987922428, 4923802073, 4923799420, 4923807633, 4923799047, 4987984448], 114.1]
[[6327148608, 2370801661, 9207679434, 9207679477], [9207679434, 9748293308, 9748293306, 9748293309], 112.1]
[[6327148609, 6327148610, 5185101623, 2368698843], [5185101623, 9748293230, 9748293229, 9748284589], 186.6]
[[6737646316, 8776682042, 3960223222, 8776682048, 8776682041, 5253301622, 5253301617, 3807008912, 3807006882], [5253301617, 8776681969, 664958868, 8776681967], 273.6]
[[6737646316, 8776682042, 3960223222, 8776682048, 8776682041, 5253301622, 5253301617, 3807008912, 3807006882], [5253301617, 8776681969, 6737646318], 273.6]
[[6796972959, 8776681865, 6796972922, 6796972960, 8776681880, 664958808, 664958811, 8635018161, 8635018119, 8635018123, 8776681943, 664958815, 8776681931, 8776681938, 8776681930], [8776681931, 664958816, 8776681942, 6737646316, 8776682042, 3960223222, 2240236696, 8776682036, 5253301599], 179.1]
[[6796972959, 8776681865, 6796972922, 6796972960, 8776681880, 664958808, 664958811, 8635018161, 8635018119, 8635018123, 8776681943, 664958815, 8776681948, 5253301651], [664958815, 8776681931, 664958816, 8776681942, 6737646316, 8776682042, 3960223222, 2240236696, 8776682036, 5253301599], 179.1]
[[8148762081, 6737633455, 5256862056, 5256862058, 6737633461, 8148762074], [6737633461, 8148762072, 8148762073, 5253301548, 8148762075], 88.4]
[[8148762083, 8148762081, 6737633455, 5256862056, 5256862058, 6737633461, 8148762074], [6737633461, 8148762072, 8148762073, 5253301548, 8148762075], 90.6]
[[8486054549, 8776681873, 664958807, 6796972960, 8776681880, 664958808, 664958811, 8635018161, 8635018119, 8635018123, 8776681943, 664958815, 8776681931, 8776681938, 8776681930], [8776681931, 664958816, 8776681942, 6737646316, 8776682042, 3960223222, 2240236696, 8776682036, 5253301599], 179.7]
[[8486054549, 8776681873, 664958807, 6796972960, 8776681880, 664958808, 664958811, 8635018161, 8635018119, 8635018123, 8776681943, 664958815, 8776681948, 5253301651], [664958815, 8776681931, 664958816, 8776681942, 6737646316, 8776682042, 3960223222, 2240236696, 8776682036, 5253301599], 179.7]
[[8486054678, 8486054572, 8635008713, 8635018124, 8776681973, 8635018153, 8486054670], [8635018153, 8635018125, 6737647878], 269.1]
[[8486054678, 8486054572, 8635008713, 8635018124, 8776681973, 8776665398], [8776681973, 8635018153, 8635018125, 6737647878], 269.1]
[[8610737909, 8610737910, 8486054573, 8486054678, 8486054672, 8486054604], [8486054678, 8486054572, 8635008713, 8635018124, 8776681973], 178.9]
[[8610737909, 8610737910, 8486054573, 8486054678, 8486054672, 8486054604], [8486054678, 8486054572, 8486054673, 8486054576], 178.9]
[[8776681906, 8776681993, 8776681971, 664958891, 8776681982, 664958799, 8635018153, 8776681973, 8635018124], [8635018153, 8486054670, 8776681966, 6796972958, 6796972925, 6796972959], 355.5]
[[8776681906, 8776681993, 8776681971, 664958891, 8776681982, 664958799, 8635018153, 8776681973, 8635018124], [8635018153, 8486054670, 8776681966, 8776681974, 8486054549], 355.5]
[[8776681906, 8776681993, 8776681971, 664958891, 8776681982, 664958799, 8776681972, 5253301648], [664958799, 8635018153, 8486054670, 8776681966, 6796972958, 6796972925, 6796972959], 355.5]
[[8776681906, 8776681993, 8776681971, 664958891, 8776681982, 664958799, 8776681972, 5253301648], [664958799, 8635018153, 8486054670, 8776681966, 8776681974, 8486054549], 355.5]
[[8776681906, 8776681993, 8776681971, 8776681997, 8776681972, 5253301648], [8776681972, 8776681973, 8776665398, 8776681974, 8486054549], 355.5]
[[8776681906, 8776681993, 8776681971, 8776681997, 8776681972, 5253301648], [8776681972, 8776681973, 8776665398, 8776681974, 6796972925, 6796972959], 355.5]
[[8776681906, 8776681993, 8776681971, 8776681997, 8776681972, 8776681973, 8635018124], [8776681973, 8776665398, 8776681974, 8486054549], 355.5]
[[8776681906, 8776681993, 8776681971, 8776681997, 8776681972, 8776681973, 8635018124], [8776681973, 8776665398, 8776681974, 6796972925, 6796972959], 355.5]
[[8776681930, 3807006870, 8776681981, 8776681929, 8776681970, 8776681971, 8776681997, 8776681972, 5253301648], [8776681972, 8776681973, 8776665398, 8776681974, 6796972925, 6796972959], 355.2]
[[8776681930, 3807006870, 8776681981, 8776681929, 8776681970, 8776681971, 8776681997, 8776681972, 8776681973, 8635018124, 8635018155], [8776681973, 8776665398, 8776681974, 6796972925, 6796972959], 355.2]
[[8776681930, 3807006870, 8776681981, 8776681929, 8776681970, 8776681935, 664958891, 8776681982, 664958799, 8635018153, 8776681973, 8635018124], [8635018153, 8486054670, 8776681966, 6796972958, 6796972925, 6796972959], 355.2]
[[8776681930, 3807006870, 8776681981, 8776681929, 8776681970, 8776681935, 664958891, 8776681982, 664958799, 8635018153, 8776681973, 8635018124], [8635018153, 8486054670, 8776681966, 8776681974, 8486054549], 355.2]
[[8776681930, 3807006870, 8776681981, 8776681929, 8776681970, 8776681935, 664958891, 8776681982, 664958799, 8776681972, 5253301648], [664958799, 8635018153, 8486054670, 8776681966, 6796972958, 6796972925, 6796972959], 355.2]
[[8776681930, 3807006870, 8776681981, 8776681929, 8776681970, 8776681935, 664958891, 8776681982, 664958799, 8776681972, 5253301648], [664958799, 8635018153, 8486054670, 8776681966, 8776681974, 8486054549], 355.2]
[[8776681931, 664958816, 8776681942, 6737646316, 8776682042, 3960223222, 8776682048, 8776682041, 5253301622, 5253301617, 8776681969, 664958868, 8776681967, 8776681992], [664958868, 9645871546, 9645871545, 664958870, 8776681896, 8776681899, 9651855956, 9645871583], 271.2]
[[8776681931, 664958816, 8776681942, 6737646316, 8776682042, 3960223222, 8776682048, 8776682041, 5253301622, 5253301617, 8776681969, 6737646318, 8776681976], [8776681969, 664958868, 9645871546, 9645871545, 664958870, 8776681896, 8776681899, 9651855956, 9645871583], 271.2]
[[8776681943, 664958815, 8776681931, 664958816, 8776681942, 6737646316, 8776682042, 3960223222, 8776682048, 8776682041, 5253301622, 5253301617, 8776681969, 664958868, 8776681967, 8776681992], [664958868, 9645871546, 9645871545, 664958870, 8776681896, 8776681899, 9651855956, 9645871583], 269.4]
[[8776681943, 664958815, 8776681931, 664958816, 8776681942, 6737646316, 8776682042, 3960223222, 8776682048, 8776682041, 5253301622, 5253301617, 8776681969, 6737646318, 8776681976], [8776681969, 664958868, 9645871546, 9645871545, 664958870, 8776681896, 8776681899, 9651855956, 9645871583], 269.4]
[[9221078631, 4987922378, 4987922379, 4987922389, 4923802722, 4923800013, 4987984458, 4987922395], [4987984458, 4987922397, 4987922402, 4987922403, 4987922405], 117.3]
[[9221078632, 9221078633, 4987922377, 4987922381, 4987922390, 4987922389, 4923802722, 4923800013, 4987984458, 4987922395], [4987984458, 4987922397, 4987922402, 4987922403, 4987922405], 123.1]
[[9221078633, 4987922377, 4987922381, 4987922390, 4987922389, 4923802722, 4923800013, 4987984458, 4987922395], [4987984458, 4987922397, 4987922402, 4987922403, 4987922405], 117.6]
[[9221078639, 4987922448, 4987922446, 4923807663, 4987922454, 4987922455, 4987922453, 4987922428, 4923802073, 4923799420, 4923807633, 4923799047, 4987984448], [4923799047, 4923807632, 4923807089, 4987984451, 4923800293], 105.4]
[[9221078639, 4987922448, 4987922446, 4923807663, 4987922454, 4987922455, 4987922453, 4987922428, 4923802073, 4923799420, 4923807633, 4923799047, 4923807632, 4923807089, 4987984449], [4923807089, 4987984451, 4987922359, 4923800291, 4923800287], 105.4]
[[9221078639, 4987922448, 4987922446, 4923807663, 4987922454, 4987922455, 4987922453, 4987922428, 4923802073, 4923799420, 4923807633, 4923799047, 4923807632, 4923807089, 4987984449], [4923807089, 4987984451, 4987922359, 4923800291, 4987922361, 4987922384, 4923800285], 105.4]
[[9221078639, 4987922448, 4987922446, 4923807663, 4987922454, 4987922455, 4987922453, 4987922428, 4923802073, 4923799420, 4923807633, 4923799047, 4923807632, 4923807089, 4987984449], [4923807089, 4987984451, 4987922359, 4923800291, 4987922361, 4987922384, 4987922386, 4987922381, 4987922379, 4987922378, 9221078631], 105.4]
[[9221078639, 4987922448, 4987922446, 4923807663, 4987922454, 4987922455, 4987922453, 4987922428, 4923802073, 4923799420, 4923807633, 4923799047, 4923807632, 4923807089, 4987984449], [4923807089, 4987984451, 4987922359, 4923800291, 4987922361, 4987922384, 4987922386, 4987922381, 4987922377, 9221078633], 105.4]
[[9748293304, 9748293305, 9207679476, 9207679478], [9207679476, 2370801686, 9207679475, 6327148607], 287.2]
[[9748293309, 9748293310, 9748293304, 9748293305, 9207679476, 9207679478, 9207679477], [9207679476, 2370801686, 9207679475, 6327148607, 6327148608], 288.9]
[[9748293310, 9748293304, 9748293305, 9207679476, 9207679478], [9207679476, 2370801686, 9207679475, 6327148607], 289.0]
[[9810950341, 803689787, 1992846482, 2362296641, 2362283914, 2362284027], [2362283914, 2362296630, 2362283910, 2362283898], 128.3]
