[[595706786, 4987984462, 595706787, 7213240253, 595706788, 7213240285, 9221078637, 9221077168, 9221077162, 9221078629, 9221077163, 9221077167, 9221078631, 4987922378, 4987922379, 4987922381, 4987922386, 4987922384, 4987922361, 4923800291, 4987922359, 4987984451, 4923807089, 4923807632, 4923799047, 4923807633, 4923799420, 4923802073, 4923802724], 291.7]
[[595706786, 4987984462, 595706787, 7213240253, 595706788, 7213240285, 9221078637, 9221077168, 9221077162, 9221078629, 9221077163, 9221077167, 9221078631, 4987922378, 4987922379, 4987922381, 4987922386, 4987922384, 4987922361, 4923800291, 4987922359, 4987984451, 4923807089, 4923807632, 4923799047, 4923807633, 4923799420, 4923802073, 4987922428, 4987922453, 4923799936], 291.7]
[[595706786, 4987984462, 595706787, 7213240253, 595706788, 7213240285, 9221078637, 9221077168, 9221077162, 9221078629, 9221077163, 9221077167, 9221078631, 4987922378, 4987922379, 4987922381, 4987922386, 4987922384, 4987922361, 4923800291, 4987922359, 4987984451, 4923807089, 4923807632, 4923799047, 4923807633, 4923799420, 4923802073, 4987922428, 4987922453, 4987922455, 4987922454, 4987922452, 4987922456, 4923805067, 4923805066], 291.7]
[[595706786, 4987984462, 595706787, 7213240253, 595706788, 7213240285, 9221078637, 9221077168, 9221077162, 9221078629, 9221077163, 9221077167, 9221078631, 4987922378, 4987922379, 4987922381, 4987922386, 4987922384, 4987922361, 4923800291, 4987922359, 4987984451, 4923807089, 4923807632, 4923799047, 4923807633, 4923799420, 4923802073, 4987922428, 4987922453, 4987922455, 4987922454, 4987922452, 4987922456, 4923805067, 4987910569, 4987910570, 4923805069], 291.7]
[[595706786, 4987984462, 595706787, 7213240253, 595706788, 7213240285, 9221078637, 9221077168, 9221077162, 9221078629, 9221077163, 9221077167, 9221078631, 4987922378, 4987922379, 4987922381, 4987922386, 4987922384, 4987922361, 4923800291, 4987922359, 4987984451, 4923807089, 4923807632, 4923799047, 4923807633, 4923799420, 4923802073, 4987922428, 4987922453, 4987922455, 4987922454, 4987922452, 4987922456, 4923805067, 4987910569, 4987910570, 4923804453, 4987883381, 4923805575], 291.7]
[[595706786, 4987984462, 595706787, 7213240253, 595706788, 7213240285, 9221078637, 9221077168, 9221077162, 9221078629, 9221077163, 9221077167, 9221078631, 9221078633, 4987922377, 4987922381, 4987922386, 4987922384, 4987922361, 4923800291, 4987922359, 4987984451, 4923807089, 4923807632, 4923799047, 4923807633, 4923799420, 4923802073, 4923802724], 291.7]
[[595706786, 4987984462, 595706787, 7213240253, 595706788, 7213240285, 9221078637, 9221077168, 9221077162, 9221078629, 9221077163, 9221077167, 9221078631, 9221078633, 4987922377, 4987922381, 4987922386, 4987922384, 4987922361, 4923800291, 4987922359, 4987984451, 4923807089, 4923807632, 4923799047, 4923807633, 4923799420, 4923802073, 4987922428, 4987922453, 4923799936], 291.7]
[[595706786, 4987984462, 595706787, 7213240253, 595706788, 7213240285, 9221078637, 9221077168, 9221077162, 9221078629, 9221077163, 9221077167, 9221078631, 9221078633, 4987922377, 4987922381, 4987922386, 4987922384, 4987922361, 4923800291, 4987922359, 4987984451, 4923807089, 4923807632, 4923799047, 4923807633, 4923799420, 4923802073, 4987922428, 4987922453, 4987922455, 4987922454, 4987922452, 4987922456, 4923805067, 4923805066], 291.7]
[[595706786, 4987984462, 595706787, 7213240253, 595706788, 7213240285, 9221078637, 9221077168, 9221077162, 9221078629, 9221077163, 9221077167, 9221078631, 9221078633, 4987922377, 4987922381, 4987922386, 4987922384, 4987922361, 4923800291, 4987922359, 4987984451, 4923807089, 4923807632, 4923799047, 4923807633, 4923799420, 4923802073, 4987922428, 4987922453, 4987922455, 4987922454, 4987922452, 4987922456, 4923805067, 4987910569, 4987910570, 4923805069], 291.7]
[[595706786, 4987984462, 595706787, 7213240253, 595706788, 7213240285, 9221078637, 9221077168, 9221077162, 9221078629, 9221077163, 9221077167, 9221078631, 9221078633, 4987922377, 4987922381, 4987922386, 4987922384, 4987922361, 4923800291, 4987922359, 4987984451, 4923807089, 4923807632, 4923799047, 4923807633, 4923799420, 4923802073, 4987922428, 4987922453, 4987922455, 4987922454, 4987922452, 4987922456, 4923805067, 4987910569, 4987910570, 4923804453, 4987883381, 4923805575], 291.7]
[[595706786, 4987984462, 595706787, 7213240253, 595706788, 7213240285, 9221078637, 9221077168, 9221077162, 9221078629, 9221077163, 9221077167, 9221078631, 9221078633, 4987922377, 4987922381, 4987922386, 4987922384, 4987922361, 4923800291, 4987922359, 4987984451, 4923807089, 4923807632, 4923799047, 4923807633, 4923799420, 4923802073, 4987922428, 4987922453, 4987922455, 4987922454, 4987922452, 4987922456, 4923805067, 4987910569, 4987910570, 4923804453, 4987883381, 4923864480, 4923800306, 4923800305], 291.7]
[[664958815, 8776681931, 664958816, 8776681942, 6737646316, 8776682042, 3960223222, 8776682048, 8776682041, 5253301622, 5253301617, 8776681969, 664958868, 8776681967, 8776681992, 8776681935, 8776681987, 9645871553, 8776681907, 8486054609, 6737646323], 271.2]
[[664958815, 8776681931, 664958816, 8776681942, 6737646316, 8776682042, 3960223222, 8776682048, 8776682041, 5253301622, 5253301617, 8776681969, 6737646318, 8776681976, 8776681970, 8776681935, 8776681987, 9645871553, 8776681907, 8486054609, 6737646323], 271.2]
[[664958815, 8776681931, 664958816, 8776681942, 6737646316, 8776682042, 3960223222, 2240236696, 8776682036, 5253301599, 5253301572, 8776681968, 664958886, 664958868, 8776681967, 8776681992, 8776681935, 8776681987, 9645871553, 8776681907, 8486054609, 6737646323], 271.2]
[[664958815, 8776681931, 664958816, 8776681942, 6737646316, 8776682042, 3960223222, 2240236696, 8776682036, 5253301599, 5253301572, 8776681968, 8776681969, 6737646318, 8776681976, 8776681970, 8776681935, 8776681987, 9645871553, 8776681907, 8486054609, 6737646323], 271.2]
[[664958816, 8776681942, 6737646316, 8776682042, 3960223222, 8776682048, 8776682041, 5253301622, 5253301617, 8776681969, 664958868, 8776681967, 8776681992, 8776681935, 8776681987, 9645871553, 8776681907, 8486054609, 6737646323], 274.4]
[[664958816, 8776681942, 6737646316, 8776682042, 3960223222, 8776682048, 8776682041, 5253301622, 5253301617, 8776681969, 6737646318, 8776681976, 8776681970, 8776681935, 8776681987, 9645871553, 8776681907, 8486054609, 6737646323], 274.4]
[[664958816, 8776681942, 6737646316, 8776682042, 3960223222, 2240236696, 8776682036, 5253301599, 5253301572, 8776681968, 664958886, 664958868, 8776681967, 8776681992, 8776681935, 8776681987, 9645871553, 8776681907, 8486054609, 6737646323], 274.4]
[[664958816, 8776681942, 6737646316, 8776682042, 3960223222, 2240236696, 8776682036, 5253301599, 5253301572, 8776681968, 8776681969, 6737646318, 8776681976, 8776681970, 8776681935, 8776681987, 9645871553, 8776681907, 8486054609, 6737646323], 274.4]
[[664958831, 8776681949, 8776682061, 2240236693, 2274887224, 2240236696, 8776682036, 5253301599, 5253301572, 8776681968, 664958886, 664958868, 8776681967, 8776681992, 8776681935, 8776681987, 9645871553, 8776681907, 8486054609, 6737646323], 273.7]
[[664958831, 8776681949, 8776682061, 2240236693, 2274887224, 2240236696, 8776682036, 5253301599, 5253301572, 8776681968, 8776681969, 6737646318, 8776681976, 8776681970, 8776681935, 8776681987, 9645871553, 8776681907, 8486054609, 6737646323], 273.7]
[[664958832, 664958831, 8776681949, 8776682061, 2240236693, 2274887224, 2240236696, 8776682036, 5253301599, 5253301572, 8776681968, 664958886, 664958868, 8776681967, 8776681992, 8776681935, 8776681987, 9645871553, 8776681907, 8486054609, 6737646323], 274.2]
[[664958832, 664958831, 8776681949, 8776682061, 2240236693, 2274887224, 2240236696, 8776682036, 5253301599, 5253301572, 8776681968, 8776681969, 6737646318, 8776681976, 8776681970, 8776681935, 8776681987, 9645871553, 8776681907, 8486054609, 6737646323], 274.2]
[[664958834, 8776681959, 664958832, 664958831, 8776681949, 8776682061, 2240236693, 2274887224, 2240236696, 8776682036, 5253301599, 5253301572, 8776681968, 664958886, 664958868, 8776681967, 8776681992, 8776681935, 8776681987, 9645871553, 8776681907, 8486054609, 6737646323], 269.5]
[[664958834, 8776681959, 664958832, 664958831, 8776681949, 8776682061, 2240236693, 2274887224, 2240236696, 8776682036, 5253301599, 5253301572, 8776681968, 8776681969, 6737646318, 8776681976, 8776681970, 8776681935, 8776681987, 9645871553, 8776681907, 8486054609, 6737646323], 269.5]
[[2660964898, 9221078639, 4987922448, 4987922446, 4923807663, 4987922454, 4987922455, 4987922453, 4987922428, 4923802073, 4923799420, 4923807633, 4923799047, 4987984448, 4987984449, 4923800293, 4987984451], 105.4]
[[2660964898, 9221078639, 4987922448, 4987922446, 4923807663, 4987922454, 4987922455, 4987922453, 4987922428, 4923802073, 4923799420, 4923807633, 4923799047, 4923807632, 4923807089, 4987984449, 4923800293, 4923800287, 4923800291], 105.4]
[[2660964898, 9221078639, 4987922448, 4987922446, 4923807663, 4987922454, 4987922455, 4987922453, 4987922428, 4923802073, 4923799420, 4923807633, 4923799047, 4923807632, 4923807089, 4987984449, 4923800293, 4923800287, 4923800285, 4987922384], 105.4]
[[3730447406, 3730447408, 3730447405, 3730453554, 2362306055, 3730449783, 1755866361, 3730461049, 2274887273, 3730449784, 3730453553, 3730453555, 2274887274, 3889198612, 3889198611, 3730447407, 8635018128, 8635018146, 8635018147, 8635018188, 8635018187, 8486054911], 93.5]
[[3730447406, 3730447408, 3730447405, 3730453554, 2362306055, 3730449783, 1755866361, 3730461049, 2274887273, 3730449784, 3730453553, 3730453555, 2274887274, 3889198612, 3889198611, 3730447407, 8635018128, 8635018146, 8635018147, 8635018188, 1755866352], 93.5]
[[3730447406, 3730447408, 3730447405, 3730453554, 2362306055, 3730449783, 3730449784, 3730453553, 3730453555, 2274887274, 3889198612, 3889198611, 3730447407, 8635018128, 8635018146, 8635018147, 8635018188, 8635018187, 8486054911], 93.5]
[[3730447406, 3730447408, 3730447405, 3730453554, 2362306055, 3730449783, 3730449784, 3730453553, 3730453555, 2274887274, 3889198612, 3889198611, 3730447407, 8635018128, 8635018146, 8635018147, 8635018188, 1755866352], 93.5]
[[3730447406, 3730447408, 3730447405, 3730453554, 2362306055, 3730453553, 3730453555, 2274887274, 3889198612, 3889198611, 3730447407, 8635018128, 8635018146, 8635018147, 8635018188, 8635018187, 8486054911], 93.5]
[[3730447408, 3730447405, 3730453554, 2362306055, 3730449783, 1755866361, 3730461049, 2274887273, 3730449784, 3730453553, 3730453555, 2274887274, 3889198612, 3889198611, 3730447407, 8635018128, 8635018146, 8635018147, 8635018188, 8635018187, 8486054911], 93.5]
[[3730447408, 3730447405, 3730453554, 2362306055, 3730449783, 1755866361, 3730461049, 2274887273, 3730449784, 3730453553, 3730453555, 2274887274, 3889198612, 3889198611, 3730447407, 8635018128, 8635018146, 8635018147, 8635018188, 1755866352], 93.5]
[[3730447408, 3730447405, 3730453554, 2362306055, 3730449783, 3730449784, 3730453553, 3730453555, 2274887274, 3889198612, 3889198611, 3730447407, 8635018128, 8635018146, 8635018147, 8635018188, 8635018187, 8486054911], 93.5]
[[3730447408, 3730447405, 3730453554, 2362306055, 3730449783, 3730449784, 3730453553, 3730453555, 2274887274, 3889198612, 3889198611, 3730447407, 8635018128, 8635018146, 8635018147, 8635018188, 1755866352], 93.5]
[[3730461048, 3730742578, 2274887273, 3730449784, 3730453553, 2362306055, 3730453554, 3730447405, 3730447408, 3730447406, 3730447407], 183.2]
[[3730461048, 3730742578, 2274887273, 3730449784, 3730453553, 2362306055, 3730453554, 3730447405, 3730447408, 3889198611], 183.2]
[[3730461048, 3730742578, 2274887273, 3730449784, 3730453553, 2362306055, 3730453554, 3730447405, 2274887274], 183.2]
[[3730461048, 3730742578, 2274887273, 3730449784, 3730453553, 3730453555, 3730453554, 3730447405, 3730447408, 3730447406, 3730447407], 183.2]
[[3807006870, 8776681981, 8776681929, 8776681970, 8776681971, 8776681997, 8776681972, 8776681973, 8635018124, 8635008713, 8486054572, 8486054678, 8486054573, 8610737910, 8776665397, 8486054549, 8776681974], 355.2]
[[3807006870, 8776681981, 8776681929, 8776681970, 8776681971, 8776681997, 8776681972, 8776681973, 8635018124, 8635008713, 8486054572, 8486054678, 8486054573, 8610737910, 8610737909], 355.2]
[[3807006870, 8776681981, 8776681929, 8776681970, 8776681935, 664958891, 8776681982, 664958799, 8635018153, 8776681973, 8635018124, 8635008713, 8486054572, 8486054678, 8486054573, 8610737910, 8776665397, 8486054549, 8776681974], 355.2]
[[3807006870, 8776681981, 8776681929, 8776681970, 8776681935, 664958891, 8776681982, 664958799, 8635018153, 8776681973, 8635018124, 8635008713, 8486054572, 8486054678, 8486054573, 8610737910, 8610737909], 355.2]
[[4923799047, 4987922422, 4987922365, 4987922366, 4987984451, 4987922359, 4923800291, 4987922361, 4987922384, 4923800281], 117.3]
[[4923799380, 4987922416, 4923807055, 4987883403, 4987984505, 4987984506, 4987883408], 206.9]
[[4923799936, 4987922453, 4987922428, 4923802073, 4923799420, 4923807633, 4923799047, 4987984448, 4987984449, 4923800293, 4987984451], 111.5]
[[4923799936, 4987922453, 4987922428, 4923802073, 4923799420, 4923807633, 4923799047, 4923807632, 4923807089, 4987984449, 4923800293, 4923800287, 4923800291], 111.5]
[[4923799936, 4987922453, 4987922428, 4923802073, 4923799420, 4923807633, 4923799047, 4923807632, 4923807089, 4987984449, 4923800293, 4923800287, 4923800285, 4987922384], 111.5]
[[4923799952, 4987884233, 7213240284, 4987884250, 595706786, 4987984462, 4987984463, 4987984464, 4923799975, 4987922403, 4987922405, 4987984461, 4923799986], 207.2]
[[4923800274, 4923799936, 4987922453, 4987922428, 4923802073, 4923799420, 4923807633, 4923799047, 4987984448, 4987984449, 4923800293, 4987984451], 114.5]
[[4923800274, 4923799936, 4987922453, 4987922428, 4923802073, 4923799420, 4923807633, 4923799047, 4923807632, 4923807089, 4987984449, 4923800293, 4923800287, 4923800291], 114.5]
[[4923800274, 4923799936, 4987922453, 4987922428, 4923802073, 4923799420, 4923807633, 4923799047, 4923807632, 4923807089, 4987984449, 4923800293, 4923800287, 4923800285, 4987922384], 114.5]
[[4923800274, 4923799936, 4987922453, 4987922428, 4923802073, 4923799420, 4923807633, 4923799047, 4987984448, 4987984449, 4923800293, 4987984451], 114.5]
[[4923800274, 4923799936, 4987922453, 4987922428, 4923802073, 4923799420, 4923807633, 4923799047, 4923807632, 4923807089, 4987984449, 4923800293, 4923800287, 4923800291], 114.5]
[[4923800274, 4923799936, 4987922453, 4987922428, 4923802073, 4923799420, 4923807633, 4923799047, 4923807632, 4923807089, 4987984449, 4923800293, 4923800287, 4923800285, 4987922384], 114.5]
[[4923800281, 4987922384, 4987922361, 4923800291, 4987922359, 4987984451, 4987922366, 4987922365, 4987922422, 4923799047], 296.9]
[[4923800285, 4923800287, 4923800293, 4987984451, 4987922359, 4923800291, 4987922361, 4987922384, 4923800281, 4987922366], 27.0]
[[4923800285, 4923800287, 4923800293, 4987984449, 4923807089, 4987984451, 4987922359, 4923800291, 4987922361, 4987922384, 4923800281, 4987922366, 4987922365], 27.0]
[[4923800285, 4923800287, 4923800293, 4987984449, 4987984448, 4923799047, 4923807632, 4923807089, 4987984451, 4987922359, 4923800291, 4987922361, 4987922384, 4923800281, 4987922366, 4987922365], 27.0]
[[4923800287, 4923800293, 4987984449, 4987984448, 4923799047, 4923807632, 4923807089, 4987984451, 4987922366, 4987922365, 4987922422], 27.1]
[[4923800287, 4923800293, 4987984449, 4987984448, 4923799047, 4923807632, 4923807089, 4987984451, 4987922359, 4923800291, 4987922361, 4987922384, 4923800281, 4987922366, 4987922365], 27.1]
[[4923800291, 4923800287, 4923800293, 4987984449, 4923807089, 4923807632, 4923799047, 4923807633, 4923799420, 4923802073, 4923802724], 297.4]
[[4923800291, 4923800287, 4923800293, 4987984449, 4923807089, 4923807632, 4923799047, 4923807633, 4923799420, 4923802073, 4987922428, 4987922453, 4923799936], 297.4]
[[4923800291, 4923800287, 4923800293, 4987984449, 4923807089, 4923807632, 4923799047, 4923807633, 4923799420, 4923802073, 4987922428, 4987922453, 4987922455, 4923807082, 4987922445], 297.4]
[[4923800291, 4923800287, 4923800293, 4987984449, 4923807089, 4923807632, 4923799047, 4923807633, 4923799420, 4923802073, 4987922428, 4987922453, 4987922455, 4987922454, 4923807663, 4987922446], 297.4]
[[4923800291, 4923800287, 4923800293, 4987984449, 4987984448, 4923799047, 4923807633, 4923799420, 4923802073, 4987922428, 4987922453, 4987922455, 4987922454, 4987922452, 4987922456, 4923805067, 4923805066], 297.4]
[[4923800291, 4923800287, 4923800293, 4987984449, 4987984448, 4923799047, 4923807633, 4923799420, 4923802073, 4987922428, 4987922453, 4987922455, 4987922454, 4987922452, 4987922456, 4923805067, 4987910569, 4987910570, 4923805069], 297.4]
[[4923800291, 4923800287, 4923800293, 4987984449, 4987984448, 4923802724, 4923802073, 4987922428, 4987922453, 4987922455, 4987922454, 4987922452, 4987922456, 4923805067, 4987910569, 4987910570, 4923805069], 297.4]
[[4923800291, 4923800287, 4923800293, 4987984449, 4987984448, 4923802724, 4923802073, 4987922428, 4987922453, 4987922455, 4987922454, 4987922452, 4987922456, 4923805067, 4987910569, 4987910570, 4923804453, 4987883381, 4923805575], 297.4]
[[4923800291, 4923800287, 4923800293, 4987984449, 4987984448, 4923802724, 4923802073, 4987922428, 4987922453, 4987922455, 4987922454, 4987922452, 4987922456, 4923805067, 4987910569, 4987910570, 4923804453, 4987883381, 4923864480, 4923800306, 4923800305], 297.4]
[[4923800293, 4987984449, 4987984448, 4923799047, 4923807632, 4923807089, 4987984451, 4987922366, 4987922365, 4987922422], 27.0]
[[4923800305, 4923800306, 4923864480, 4987883381, 4923804453, 4987910570, 4987910569, 4923805067, 4987922456, 4987922452, 4987922454, 4923807663, 4987922446, 4987922448, 9221078639, 2660964898, 9221077150, 9221077148, 9221077149, 9221078632, 9221078633, 4987922377], 117.5]
[[4923800305, 4923800306, 4923864480, 4987883381, 4923804453, 4987910570, 4987910569, 4923805067, 4987922456, 4987922452, 4987922454, 4923807663, 4987922446, 4987922448, 9221078639, 2660964898, 9221077150, 9221077148, 9221077149, 9221078632, 9221078630, 9221078631, 4987922378], 117.5]
[[4923800305, 4923800306, 4923864480, 4987883381, 4923804453, 4987910570, 4987910569, 4923805067, 4987922456, 4987922452, 4987922454, 4923807663, 4987922446, 4987922448, 9221078639, 9221078638, 9221077166, 9221077165, 9221077164, 9221078633, 4987922377], 117.5]
[[4923800305, 4923800306, 4923864480, 4987883381, 4923804453, 4987910570, 4987910569, 4923805067, 4987922456, 4987922452, 4987922454, 4923807663, 4987922446, 4987922448, 9221078639, 9221078638, 9221077166, 9221077165, 9221077164, 9221078633, 9221078631, 4987922378], 117.5]
[[4923800305, 4923800306, 4923864480, 4987883381, 4923804453, 4987910570, 4987910569, 4923805067, 4987922456, 4987922452, 4987922454, 4987922455, 4923807082, 4987922445, 4923807083, 9221078638, 2660964898, 9221077150, 9221077148, 9221077149, 9221078632, 9221078633, 4987922377], 117.5]
[[4923800305, 4923800306, 4923864480, 4987883381, 4923804453, 4987910570, 4987910569, 4923805067, 4987922456, 4987922452, 4987922454, 4987922455, 4923807082, 4987922445, 4923807083, 9221078638, 2660964898, 9221077150, 9221077148, 9221077149, 9221078632, 9221078630, 9221078631, 4987922378], 117.5]
[[4923800305, 4923800306, 4923864480, 4987883381, 4923804453, 4987910570, 4987910569, 4923805067, 4987922456, 4987922452, 4987922454, 4987922455, 4923807082, 4987922445, 4923807083, 9221078638, 9221077166, 9221077165, 9221077164, 9221078633, 4987922377], 117.5]
[[4923800305, 4923800306, 4923864480, 4987883381, 4923804453, 4987910570, 4987910569, 4923805067, 4987922456, 4987922452, 4987922454, 4987922455, 4923807082, 4987922445, 4923807083, 9221078638, 9221077166, 9221077165, 9221077164, 9221078633, 9221078631, 4987922378], 117.5]
[[4923800305, 4923800306, 4923864480, 4987883381, 4923804453, 4987910570, 4987910569, 4923805067, 4987922456, 4987922452, 4987922454, 4987922455, 4987922453, 4987922428, 4923802073, 4923802724, 4987984448, 4987984449, 4923800293, 4923800287, 4923800291], 117.5]
[[4923800305, 4923800306, 4923864480, 4987883381, 4923804453, 4987910570, 4987910569, 4923805067, 4987922456, 4987922452, 4987922454, 4987922455, 4987922453, 4987922428, 4923802073, 4923802724, 4987984448, 4987984449, 4923800293, 4923800287, 4923800285, 4987922384], 117.5]
[[4923800314, 4987883385, 4923800312, 4987883388, 4923800306, 4923800305, 4923805575, 4923805069, 4987910570], 117.8]
[[4923800314, 4987883385, 4923800312, 4987883388, 4923800306, 4923800305, 4923805575, 4923805069, 4923805066, 4923805067], 117.8]
[[4923802074, 4987922421, 4987922422, 4987922365, 4987922366, 4987984451, 4923807089, 4923807632, 4923799047, 4923807633, 4923799420, 4923802073, 4923802724, 4987984448, 4987984449], 207.5]
[[4923802074, 4987922421, 4987922422, 4987922365, 4923807089, 4923807632, 4923799047, 4923807633, 4923799420, 4923802073, 4923802724, 4987984448, 4987984449], 207.5]
[[4923802074, 4987922421, 4987922422, 4987922365, 4987922366, 4987984451, 4923807089, 4923807632, 4923799047, 4923807633, 4923799420, 4923802073, 4923802724, 4987984448, 4987984449], 207.5]
[[4923802074, 4987922421, 4987922422, 4987922365, 4923807089, 4923807632, 4923799047, 4923807633, 4923799420, 4923802073, 4923802724, 4987984448, 4987984449], 207.5]
[[4923802724, 4923802073, 4923799420, 4923807633, 4923799047, 4923807632, 4923807089, 4987984449, 4923800293, 4923800287, 4923800291], 117.4]
[[4923802724, 4923802073, 4923799420, 4923807633, 4923799047, 4923807632, 4923807089, 4987984449, 4923800293, 4923800287, 4923800285, 4987922384], 117.4]
[[4923803770, 4987984457, 4987984454, 4987984455, 4987884226, 4923807081, 4923803736, 4923807662, 4923804068, 4987983337, 4987983336, 4987983335, 4987910569, 4923805067, 4987922456], 207.2]
[[4923803770, 4987984457, 4987984454, 4987884228, 4987884229, 4923804068, 4987983337, 4987983336, 4987983335, 4987910569, 4923805067, 4987922456], 207.2]
[[4923803779, 4923803770, 4987984457, 4987983336, 4987983335, 4987910569, 4923805067], 207.2]
[[4923803779, 4923803770, 4987984457, 4987984454, 4987984455, 4987884226, 4923807081, 4923803736, 4923807662, 4923804068, 4987983337, 4987983336, 4987983335, 4987910569, 4923805067, 4987922456], 207.2]
[[4923803779, 4923803770, 4987984457, 4987984454, 4987884228, 4987884229, 4923804068, 4987983337, 4987983336, 4987983335, 4987910569, 4923805067, 4987922456], 207.2]
[[4923804239, 4923804237, 4987984496, 4923808772, 4923804243, 4923808802, 4987883413, 4987883412, 4987883411], 207.6]
[[4923804239, 4923804237, 4987984496, 4923808772, 4923804243, 4923808802, 4923808216, 4987883414, 4987883413, 4987883412], 207.6]
[[4923804453, 4987984434, 4987984514, 4987983335, 4987983336, 4987983337, 4987922456, 4987922452, 4987922454, 4987922455, 4987922453, 4987922428, 4923802073, 4923799420, 4923807633, 4923799047, 4987922422], 118.2]
[[4923804453, 4987984434, 4987984514, 4987983335, 4987983336, 4987983337, 4923804068, 4923807662, 4987922449, 4987922455, 4987922453, 4987922428, 4923802073, 4923799420, 4923807633, 4923799047, 4987922422], 118.2]
[[4923804453, 4987984434, 4987984514, 4987983335, 4987983336, 4987983337, 4923804068, 4923807662, 4987922449, 4987922455, 4987922453, 4987922428, 4923802073, 4923799420, 4923807633, 4923799047, 4923807632, 4923807089, 4987922365], 118.2]
[[4923805066, 4923805067, 4987922456, 4987922452, 4987922454, 4987922455, 4987922453, 4987922428, 4923802073, 4923802724, 4987984448, 4987984449, 4923807089], 118.6]
[[4923805066, 4923805067, 4987922456, 4987922452, 4987922454, 4987922455, 4987922453, 4987922428, 4923802073, 4923799420, 4923807633, 4923799047, 4987984448, 4987984449, 4923800293, 4987984451], 118.6]
[[4923805066, 4923805067, 4987922456, 4987922452, 4987922454, 4987922455, 4987922453, 4987922428, 4923802073, 4923799420, 4923807633, 4923799047, 4987984448, 4987984449, 4923800293, 4923800287, 4923800291], 118.6]
[[4923805066, 4923805067, 4987922456, 4987922452, 4987922454, 4987922455, 4987922453, 4987922428, 4923802073, 4923799420, 4923807633, 4923799047, 4987984448, 4987984449, 4923800293, 4923800287, 4923800285, 4987922384], 118.6]
[[4923805066, 4923805067, 4987922456, 4987922452, 4987922454, 4987922455, 4987922453, 4987922428, 4923802073, 4923799420, 4923807633, 4923799047, 4923807632, 4923807089, 4987984449, 4923800293, 4923800287, 4923800285, 4987922384], 118.6]
[[4923805066, 4923805069, 4923805575, 4987883381, 4923804453, 4987910570, 4987910569, 4987983335, 4987984514], 27.1]
[[4923805066, 4923805069, 4923805575, 4923800305, 4923800306, 4923864480, 4987883381, 4923804453, 4987910570, 4987910569, 4987983335, 4987984514, 4987984515], 27.1]
[[4923805067, 4923805066, 4923805069, 4923805575, 4987883381, 4923864480, 4923800306, 4987883388, 4923800312, 4987984501], 298.6]
[[4923805067, 4923805066, 4923805069, 4923805575, 4923800305, 4923800306, 4987883388, 4923800312, 4987883385, 4923800314], 298.6]
[[4923805067, 4923805066, 4923805069, 4923805575, 4923800305, 4923800306, 4987883388, 4923800312, 4987883385, 4923806965, 4987984437, 4923807859, 5960541493], 298.6]
[[4923805067, 4923805066, 4923805069, 4923805575, 4923800305, 4923800306, 4987883388, 4923800312, 4987883385, 4923806965, 4923807677, 4923806779], 298.6]
[[4923805067, 4987910569, 4987910570, 4923804453, 4987984434, 4987984514, 4987983335, 4987983336, 4987984457, 4923803770, 4923803779], 27.7]
[[4923805069, 4987910570, 4987910569, 4923805067, 4987922456, 4987922452, 4987922454, 4987922455, 4987922453, 4987922428, 4923802073, 4923802724, 4987984448, 4987984449, 4923807089], 117.7]
[[4923805069, 4987910570, 4987910569, 4923805067, 4987922456, 4987922452, 4987922454, 4987922455, 4987922453, 4987922428, 4923802073, 4923802724, 4987984448, 4987984449, 4923800293, 4987984451], 117.7]
[[4923805069, 4987910570, 4987910569, 4923805067, 4987922456, 4987922452, 4987922454, 4987922455, 4987922453, 4987922428, 4923802073, 4923802724, 4987984448, 4987984449, 4923800293, 4923800287, 4923800291], 117.7]
[[4923805069, 4987910570, 4987910569, 4923805067, 4987922456, 4987922452, 4987922454, 4987922455, 4987922453, 4987922428, 4923802073, 4923799420, 4923807633, 4923799047, 4987984448, 4987984449, 4923800293, 4923800287, 4923800291], 117.7]
[[4923805069, 4987910570, 4987910569, 4923805067, 4987922456, 4987922452, 4987922454, 4987922455, 4987922453, 4987922428, 4923802073, 4923799420, 4923807633, 4923799047, 4987984448, 4987984449, 4923800293, 4923800287, 4923800285, 4987922384], 117.7]
[[4923805069, 4923805575, 4923800305, 4923800306, 4923864480, 4987883381, 4923804453, 4987984434, 4987984514, 4987984515, 4987984519], 27.1]
[[4923805069, 4923805575, 4923800305, 4923800306, 4923864480, 4987883381, 4923804453, 4987910570, 4987910569, 4987983335, 4987984514, 4987984515], 27.1]
[[4923805575, 4987883381, 4923804453, 4987910570, 4987910569, 4923805067, 4987922456, 4987922452, 4987922454, 4987922455, 4987922453, 4987922428, 4923802073, 4923802724, 4987984448, 4987984449, 4923800293, 4987984451], 117.5]
[[4923805575, 4987883381, 4923804453, 4987910570, 4987910569, 4923805067, 4987922456, 4987922452, 4987922454, 4987922455, 4987922453, 4987922428, 4923802073, 4923802724, 4987984448, 4987984449, 4923800293, 4923800287, 4923800291], 117.5]
[[4923805575, 4987883381, 4923804453, 4987910570, 4987910569, 4923805067, 4987922456, 4987922452, 4987922454, 4987922455, 4987922453, 4987922428, 4923802073, 4923802724, 4987984448, 4987984449, 4923800293, 4923800287, 4923800285, 4987922384], 117.5]
[[4923805575, 4987883381, 4923804453, 4987910570, 4987910569, 4923805067, 4987922456, 4987922452, 4987922454, 4987922455, 4987922453, 4987922428, 4923802073, 4923799420, 4923807633, 4923799047, 4987984448, 4987984449, 4923800293, 4923800287, 4923800285, 4987922384], 117.5]
[[4923806652, 4923806788, 4987994238, 4987994239, 4987994240, 4923806834, 4923806674, 4923806672, 4923806671, 4923806698, 4987994226], 88.2]
[[4923806652, 4923806788, 4987994238, 4987994239, 4987994240, 4923806834, 4923806794, 4923806698, 4987994226], 88.2]
[[4923806658, 4987984476, 4987984478, 4923806661, 4987994238, 4987994239, 4987994240, 4923806834, 4923806674, 4923806672, 4923806671, 4923806698, 4987994226], 87.8]
[[4923806661, 4987994238, 4987994239, 4923806844, 4923806785, 4923806788, 4923806652, 4987984480, 4923806678, 4923806676], 177.7]
[[4923806671, 4923806672, 4923806794, 4923806698, 4987994226, 4987984438], 358.4]
[[4923806671, 4923806672, 4923806674, 4923806834, 4923806794, 4923806698, 4987994226, 4987984438, 4987994240], 358.4]
[[4923806671, 4923806672, 4923806674, 4923806676, 4987994228, 4923806844, 4923806834, 4923806794, 4987984438, 4987994240, 4987994239], 358.4]
[[4923806671, 4923806672, 4923806674, 4923806676, 4987994228, 4923806844, 4923806834, 4923806794, 4923806698, 4987994226, 4987984438, 4987994240], 358.4]
[[4923806672, 4923806674, 4923806834, 4923806794, 4987984438, 4987994240], 358.4]
[[4923806672, 4923806674, 4923806676, 4987994228, 4923806844, 4923806834, 4923806794, 4987984438, 4987994240, 4987994239], 358.4]
[[4923806672, 4923806674, 4923806676, 4987994228, 4923806844, 4923806834, 4923806794, 4923806698, 4987994226, 4987984438, 4987994240], 358.4]
[[4923806672, 4923806674, 4923806676, 4923806678, 4987984480, 4923806652, 4923806788, 4923806785, 4923806844, 4923806834, 4923806794, 4923806698, 4987994226, 4923806695, 4923805106, 4923805103], 358.4]
[[4923806674, 4923806834, 4923806794, 4923806672, 4923806671, 4923806698], 87.2]
[[4923806674, 4923806676, 4987994228, 4923806844, 4923806834, 4987994240, 4987994239], 358.4]
[[4923806674, 4923806676, 4923806678, 4987984480, 4923806652, 4923806788, 4923806785, 4923806844, 4923806834, 4987994240, 4987994239, 4987994238], 358.4]
[[4923806676, 4987994228, 4923806844, 4923806834, 4923806674, 4923806672, 4923806794], 87.5]
[[4923806676, 4923806678, 4987984480, 4923806652, 4923806788, 4923806785, 4923806844, 4987994239, 4987994238], 358.4]
[[4923806695, 4987994226, 4923806698, 4923806671, 4923806672, 4923806674, 4923806834, 4987994240, 4987994239, 4987994238, 4923806788, 4923806652], 269.6]
[[4923806695, 4987994226, 4923806698, 4923806671, 4923806672, 4923806674, 4923806834, 4987994240, 4987994239, 4987994238, 4923806661, 4987984478, 4987984476], 269.6]
[[4923806695, 4987994226, 4923806698, 4923806794, 4987984438, 4987994240, 4923806834], 269.6]
[[4923806695, 4987994226, 4923806698, 4923806794, 4923806834, 4987994240, 4987994239, 4987994238, 4923806788], 269.6]
[[4923806695, 4987994226, 4923806698, 4923806794, 4923806834, 4987994240, 4987994239, 4987994238, 4923806661, 4987984478], 269.6]
[[4923806698, 4923806671, 4923806672, 4923806794, 4923806834, 4923806674], 269.6]
[[4923806698, 4923806671, 4923806672, 4923806674, 4923806834, 4923806844, 4923806785, 4923806788, 4923806652, 4987984480], 269.6]
[[4923806779, 4923807677, 4923806965, 4987883385, 4923800312, 4987883388, 4923800306, 4923800305, 4923805575, 4923805069, 4987910570], 112.8]
[[4923806779, 4923807677, 4923806965, 4987883385, 4923800312, 4987883388, 4923800306, 4923800305, 4923805575, 4923805069, 4923805066, 4923805067], 112.8]
[[4923806788, 4987994238, 4987994239, 4923806844, 4923806834, 4987994240], 88.2]
[[4923806788, 4987994238, 4987994239, 4987994240, 4923806834, 4923806794, 4923806698, 4987994226], 88.2]
[[4923806794, 4923806672, 4923806674, 4923806834, 4923806844, 4987994228, 4923806676], 267.5]
[[4923806834, 4923806674, 4923806676, 4987994228, 4923806844, 4923806785, 4923806788, 4923806652, 4987984480], 267.2]
[[4923806834, 4987994240, 4987984438, 4923806794, 4923806698, 4987994226], 87.2]
[[4923806844, 4987994239, 4987994240, 4923806834, 4923806794, 4987984438], 87.5]
[[4923807068, 4923807080, 4987984474, 4923807077, 4987994235, 4987994234, 4987984498, 4987984486, 4987984499, 4923807099, 4923807575, 4923807576], 117.3]
[[4923807080, 4987984474, 4923807077, 4987994235, 4987994234, 4987984498, 4923804239, 4987984431, 4987884221, 4987883418, 4923808216, 4923808802], 193.4]
[[4923807083, 4987922445, 4923807082, 4987922455, 4987922453, 4987922428, 4923802073, 4923799420, 4923807633, 4923799047, 4987984448, 4987984449, 4923800293, 4987984451], 110.6]
[[4923807083, 4987922445, 4923807082, 4987922455, 4987922453, 4987922428, 4923802073, 4923799420, 4923807633, 4923799047, 4923807632, 4923807089, 4987984449, 4923800293, 4923800287, 4923800291], 110.6]
[[4923807083, 4987922445, 4923807082, 4987922455, 4987922453, 4987922428, 4923802073, 4923799420, 4923807633, 4923799047, 4923807632, 4923807089, 4987984449, 4923800293, 4923800287, 4923800285, 4987922384], 110.6]
[[4923807089, 4987984449, 4987984448, 4923802724, 4923802073, 4987922428, 4987922453, 4987922455, 4987922454, 4987922452, 4987922456, 4923805067, 4923805066], 297.0]
[[4923807089, 4987984449, 4987984448, 4923802724, 4923802073, 4987922428, 4987922453, 4987922455, 4987922454, 4987922452, 4987922456, 4923805067, 4987910569, 4987910570, 4923805069], 297.0]
[[4923807099, 4987984496, 4923808772, 4923804243, 4923808802, 4923804239, 4987984431, 4987884221, 4987883418], 297.8]
[[4923807575, 4987984508, 4923808772, 4923804243, 4923804237, 4923804239, 4987984431, 4923808204], 297.5]
[[4923808170, 4923806638, 4923808171, 4987884249, 4987884250, 595706786, 4987984462, 4987984463, 4987984464, 4923799975, 4987922403, 4987922405, 4987984461, 4923799986], 206.8]
[[4923808204, 4987984431, 4923804239, 4923804237, 4923804243, 4923808772, 4987984508, 4923807575], 117.5]
[[4923808216, 4923808204, 4987984431, 4923804239, 4923804237, 4923804243, 4923808772, 4987984508, 4923807575], 113.0]
[[4923808772, 4987883411, 4987883412, 4987883413, 4923808802, 4923808216, 4987883418, 4987883417, 4987883415], 297.8]
[[4923808802, 4923808216, 4987883418, 4987884221, 4987984431, 4923804239, 4987984498, 4987994234, 4923807854, 4923807851, 4987994231], 27.5]
[[4923808813, 4987883415, 4987883417, 4987883418, 4923808216, 4923808802, 4987883413, 4987883412, 4987883411, 4923808772], 117.2]
[[4923808813, 4987883415, 4987883417, 4987883418, 4923808216, 4923808802, 4923804243, 4987883412, 4987883411, 4987883410, 4923806633, 4987984508], 117.2]
[[4923864480, 4923800306, 4987883388, 4987883389, 4987883393, 4987984515, 4987984519, 5960541486], 27.7]
[[4987883381, 4923864480, 4923800306, 4987883388, 4987883389, 4987883393, 4987984515, 4987984519, 5960541486], 27.7]
[[4987883403, 4987984505, 4923799380, 4987922416, 4923806996, 4987922415, 4987984503], 27.5]
[[4987883410, 4987883411, 4987883412, 4923804243, 4923808772, 4987984508, 4923807575, 4923807099, 4987984499], 27.7]
[[4987883410, 4987883411, 4987883412, 4987883413, 4923808802, 4923804243, 4923808772, 4987984508, 4923807575, 4923807099, 4987984499], 27.7]
[[4987883410, 4987883411, 4987883412, 4987883413, 4987883414, 4923808216, 4923808802, 4923804243, 4923808772, 4987984496, 4923804237, 4923804239], 27.7]
[[4987883411, 4987883412, 4987883413, 4923808802, 4923804243, 4923808772, 4987984496, 4923807099, 4987984499, 4987984486], 27.7]
[[4987883411, 4987883412, 4987883413, 4923808802, 4923804243, 4923808772, 4987984496, 4923804237, 4923804239], 27.7]
[[4987883411, 4987883412, 4987883413, 4987883414, 4923808813, 4987883415, 4987883417, 4987883418, 4923808216, 4923808802, 4923804243, 4923804237, 4923804239, 4987984431], 27.7]
[[4987883411, 4987883412, 4987883413, 4987883414, 4923808216, 4923808802, 4923804243, 4923804237, 4923804239, 4987984431], 27.7]
[[4987883411, 4987883412, 4987883413, 4987883414, 4923808216, 4923808802, 4923804243, 4923808772, 4987984496, 4923804237, 4923804239], 27.7]
[[4987883412, 4987883413, 4987883414, 4923808813, 4987883415, 4987883417, 4987883418, 4923808216, 4923808802, 4923804243, 4923804237, 4923804239, 4987984431], 27.7]
[[4987883412, 4987883413, 4987883414, 4923808216, 4923808802, 4923804243, 4923804237, 4923804239, 4987984431], 27.7]
[[4987883412, 4987883413, 4987883414, 4923808216, 4923808802, 4923804243, 4923808772, 4987984496, 4923804237, 4923804239], 27.7]
[[4987883413, 4987883414, 4923808813, 4987883415, 4987883417, 4987883418, 4923808216, 4923808802, 4923804239, 4987984431, 4987884221], 27.7]
[[4987883414, 4923808216, 4923808802, 4923804243, 4987883412, 4987883411, 4987883410, 4923806633, 4987984508], 117.7]
[[4987883415, 4987883417, 4987883418, 4923808216, 4923808802, 4987883413, 4987883412, 4987883411, 4923808772], 117.3]
[[4987883415, 4987883417, 4987883418, 4923808216, 4923808802, 4923804243, 4987883412, 4987883411, 4987883410, 4923806633, 4987984508], 117.3]
[[4987883417, 4987883418, 4987884221, 4987984431, 4923804239, 4923808802, 4923804243, 4923808772, 4987984496], 117.3]
[[4987883418, 4987884221, 4987984431, 4923804239, 4923808802, 4923804243, 4923808772, 4987984496], 117.3]
[[4987884221, 4923807068, 4923807080, 4987984474, 4923807077, 4987994235, 4987994234, 4987984498, 4987984486, 4987984499, 4923807099, 4923807575, 4923807576], 117.3]
[[4987884221, 4987984431, 4923804239, 4923808802, 4923808216, 4987883418, 4987883417, 4987883415, 4923808813, 4987883414, 4987883413], 207.6]
[[4987884221, 4987984431, 4923804239, 4923804237, 4923804243, 4923808802, 4923808216, 4987883414, 4987883413, 4987883412], 207.6]
[[4987884221, 4987984431, 4923804239, 4923804237, 4987984496, 4923808772, 4923804243, 4923808802, 4923808216, 4987883414, 4987883413, 4987883412], 207.6]
[[4987884240, 4987922392, 4987922387, 4987922390, 4987922381, 4987922386, 4987922384, 4987922361, 4923800291, 4987922359, 4987984451, 4987922366, 4987922365, 4987922422, 4987922421, 4923802073], 295.8]
[[4987884240, 4987922392, 4987922387, 4987922390, 4987922381, 4987922386, 4987922384, 4987922361, 4923800291, 4987922359, 4987984451, 4987922366, 4987922365, 4987922422, 4923799047], 295.8]
[[4987910570, 4923805069, 4923805575, 4923800305, 4923800306, 4987883388, 4923800312, 4987883385, 4923800314], 297.7]
[[4987910570, 4923805069, 4923805575, 4923800305, 4923800306, 4987883388, 4923800312, 4987883385, 4923806965, 4987984437, 4923807859, 5960541493], 297.7]
[[4987910570, 4923805069, 4923805575, 4923800305, 4923800306, 4987883388, 4923800312, 4987883385, 4923806965, 4923807677, 4923806779], 297.7]
[[4987922365, 4923807089, 4923807632, 4923799047, 4923807633, 4923799420, 4923802073, 4987922428, 4987922453, 4987922455, 4987922449, 4923807662, 4923804068, 4987983337, 4987983336, 4987983335, 4987984514, 4987984434, 4923804453], 297.0]
[[4987922366, 4923800281, 4987922384, 4987922361, 4923800291, 4987922359, 4987984451, 4923800293, 4923800287, 4923800285], 207.5]
[[4987922377, 9221078633, 9221078632, 9221077149, 9221077148, 9221077150, 2660964898, 9221078639, 4987922448, 4987922446, 4923807663, 4987922454, 4987922452, 4987922456, 4923805067, 4987910569, 4987910570, 4923804453, 4987883381, 4923864480, 4923800306, 4923800305], 297.6]
[[4987922377, 9221078633, 9221078632, 9221077149, 9221077148, 9221077150, 2660964898, 9221078639, 4987922448, 4987922446, 4923807663, 4987922454, 4987922452, 4987922456, 4923805067, 4987910569, 4987910570, 4923804453, 4987883381, 4923864480, 4923800306, 4987883388, 4923800312, 4987984501], 297.6]
[[4987922377, 9221078633, 9221078632, 9221077149, 9221077148, 9221077150, 2660964898, 9221078639, 4987922448, 4987922446, 4923807663, 4987922454, 4987922452, 4987922456, 4923805067, 4987910569, 4987910570, 4923804453, 4987883381, 4923864480, 4923800306, 4987883388, 4923800312, 4987883385, 4923800314], 297.6]
[[4987922377, 9221078633, 9221077164, 9221077165, 9221077166, 9221078638, 9221078639, 4987922448, 4987922446, 4923807663, 4987922454, 4987922452, 4987922456, 4923805067, 4987910569, 4987910570, 4923804453, 4987883381, 4923864480, 4923800306, 4923800305], 297.6]
[[4987922377, 9221078633, 9221077164, 9221077165, 9221077166, 9221078638, 9221078639, 4987922448, 4987922446, 4923807663, 4987922454, 4987922452, 4987922456, 4923805067, 4987910569, 4987910570, 4923804453, 4987883381, 4923864480, 4923800306, 4987883388, 4923800312, 4987984501], 297.6]
[[4987922377, 9221078633, 9221077164, 9221077165, 9221077166, 9221078638, 9221078639, 4987922448, 4987922446, 4923807663, 4987922454, 4987922452, 4987922456, 4923805067, 4987910569, 4987910570, 4923804453, 4987883381, 4923864480, 4923800306, 4987883388, 4923800312, 4987883385, 4923800314], 297.6]
[[4987922378, 9221078631, 9221078630, 9221078632, 9221077149, 9221077148, 9221077150, 2660964898, 9221078639, 4987922448, 4987922446, 4923807663, 4987922454, 4987922452, 4987922456, 4923805067, 4987910569, 4987910570, 4923804453, 4987883381, 4923864480, 4923800306, 4923800305], 297.3]
[[4987922378, 9221078631, 9221078630, 9221078632, 9221077149, 9221077148, 9221077150, 2660964898, 9221078639, 4987922448, 4987922446, 4923807663, 4987922454, 4987922452, 4987922456, 4923805067, 4987910569, 4987910570, 4923804453, 4987883381, 4923864480, 4923800306, 4987883388, 4923800312, 4987984501], 297.3]
[[4987922378, 9221078631, 9221078630, 9221078632, 9221077149, 9221077148, 9221077150, 2660964898, 9221078639, 4987922448, 4987922446, 4923807663, 4987922454, 4987922452, 4987922456, 4923805067, 4987910569, 4987910570, 4923804453, 4987883381, 4923864480, 4923800306, 4987883388, 4923800312, 4987883385, 4923800314], 297.3]
[[4987922378, 9221078631, 9221078633, 9221077164, 9221077165, 9221077166, 9221078638, 9221078639, 4987922448, 4987922446, 4923807663, 4987922454, 4987922452, 4987922456, 4923805067, 4987910569, 4987910570, 4923804453, 4987883381, 4923864480, 4923800306, 4923800305], 297.3]
[[4987922378, 9221078631, 9221078633, 9221077164, 9221077165, 9221077166, 9221078638, 9221078639, 4987922448, 4987922446, 4923807663, 4987922454, 4987922452, 4987922456, 4923805067, 4987910569, 4987910570, 4923804453, 4987883381, 4923864480, 4923800306, 4987883388, 4923800312, 4987984501], 297.3]
[[4987922378, 9221078631, 9221078633, 9221077164, 9221077165, 9221077166, 9221078638, 9221078639, 4987922448, 4987922446, 4923807663, 4987922454, 4987922452, 4987922456, 4923805067, 4987910569, 4987910570, 4923804453, 4987883381, 4923864480, 4923800306, 4987883388, 4923800312, 4987883385, 4923800314], 297.3]
[[4987922379, 4987922378, 9221078631, 9221078630, 9221078632, 9221077149, 9221077148, 9221077150, 2660964898, 9221078639, 4987922448, 4987922446, 4923807663, 4987922454, 4987922452, 4987922456, 4923805067, 4987910569, 4987910570, 4923804453, 4987883381, 4923864480, 4923800306, 4923800305], 297.3]
[[4987922379, 4987922378, 9221078631, 9221078630, 9221078632, 9221077149, 9221077148, 9221077150, 2660964898, 9221078639, 4987922448, 4987922446, 4923807663, 4987922454, 4987922452, 4987922456, 4923805067, 4987910569, 4987910570, 4923804453, 4987883381, 4923864480, 4923800306, 4987883388, 4923800312, 4987984501], 297.3]
[[4987922379, 4987922378, 9221078631, 9221078630, 9221078632, 9221077149, 9221077148, 9221077150, 2660964898, 9221078639, 4987922448, 4987922446, 4923807663, 4987922454, 4987922452, 4987922456, 4923805067, 4987910569, 4987910570, 4923804453, 4987883381, 4923864480, 4923800306, 4987883388, 4923800312, 4987883385, 4923800314], 297.3]
[[4987922379, 4987922378, 9221078631, 9221078633, 9221077164, 9221077165, 9221077166, 9221078638, 9221078639, 4987922448, 4987922446, 4923807663, 4987922454, 4987922452, 4987922456, 4923805067, 4987910569, 4987910570, 4923804453, 4987883381, 4923864480, 4923800306, 4923800305], 297.3]
[[4987922379, 4987922378, 9221078631, 9221078633, 9221077164, 9221077165, 9221077166, 9221078638, 9221078639, 4987922448, 4987922446, 4923807663, 4987922454, 4987922452, 4987922456, 4923805067, 4987910569, 4987910570, 4923804453, 4987883381, 4923864480, 4923800306, 4987883388, 4923800312, 4987984501], 297.3]
[[4987922379, 4987922378, 9221078631, 9221078633, 9221077164, 9221077165, 9221077166, 9221078638, 9221078639, 4987922448, 4987922446, 4923807663, 4987922454, 4987922452, 4987922456, 4923805067, 4987910569, 4987910570, 4923804453, 4987883381, 4923864480, 4923800306, 4987883388, 4923800312, 4987883385, 4923800314], 297.3]
[[4987922381, 4987922377, 9221078633, 9221078632, 9221077149, 9221077148, 9221077150, 2660964898, 9221078639, 4987922448, 4987922446, 4923807663, 4987922454, 4987922452, 4987922456, 4923805067, 4987910569, 4987910570, 4923804453, 4987883381, 4923864480, 4923800306, 4923800305], 297.2]
[[4987922381, 4987922377, 9221078633, 9221078632, 9221077149, 9221077148, 9221077150, 2660964898, 9221078639, 4987922448, 4987922446, 4923807663, 4987922454, 4987922452, 4987922456, 4923805067, 4987910569, 4987910570, 4923804453, 4987883381, 4923864480, 4923800306, 4987883388, 4923800312, 4987984501], 297.2]
[[4987922381, 4987922377, 9221078633, 9221078632, 9221077149, 9221077148, 9221077150, 2660964898, 9221078639, 4987922448, 4987922446, 4923807663, 4987922454, 4987922452, 4987922456, 4923805067, 4987910569, 4987910570, 4923804453, 4987883381, 4923864480, 4923800306, 4987883388, 4923800312, 4987883385, 4923800314], 297.2]
[[4987922381, 4987922377, 9221078633, 9221077164, 9221077165, 9221077166, 9221078638, 9221078639, 4987922448, 4987922446, 4923807663, 4987922454, 4987922452, 4987922456, 4923805067, 4987910569, 4987910570, 4923804453, 4987883381, 4923864480, 4923800306, 4923800305], 297.2]
[[4987922381, 4987922377, 9221078633, 9221077164, 9221077165, 9221077166, 9221078638, 9221078639, 4987922448, 4987922446, 4923807663, 4987922454, 4987922452, 4987922456, 4923805067, 4987910569, 4987910570, 4923804453, 4987883381, 4923864480, 4923800306, 4987883388, 4923800312, 4987984501], 297.2]
[[4987922381, 4987922377, 9221078633, 9221077164, 9221077165, 9221077166, 9221078638, 9221078639, 4987922448, 4987922446, 4923807663, 4987922454, 4987922452, 4987922456, 4923805067, 4987910569, 4987910570, 4923804453, 4987883381, 4923864480, 4923800306, 4987883388, 4923800312, 4987883385, 4923800314], 297.2]
[[4987922384, 4923800285, 4923800287, 4923800293, 4987984451, 4923807089, 4923807632, 4923799047, 4987984448], 297.3]
[[4987922384, 4923800285, 4923800287, 4923800293, 4987984449, 4923807089, 4923807632, 4923799047, 4923807633, 4923799420, 4923802073, 4923802724], 297.3]
[[4987922384, 4923800285, 4923800287, 4923800293, 4987984449, 4923807089, 4923807632, 4923799047, 4923807633, 4923799420, 4923802073, 4987922428, 4987922453, 4923799936], 297.3]
[[4987922384, 4923800285, 4923800287, 4923800293, 4987984449, 4923807089, 4923807632, 4923799047, 4923807633, 4923799420, 4923802073, 4987922428, 4987922453, 4987922455, 4923807082, 4987922445], 297.3]
[[4987922384, 4923800285, 4923800287, 4923800293, 4987984449, 4923807089, 4923807632, 4923799047, 4923807633, 4923799420, 4923802073, 4987922428, 4987922453, 4987922455, 4987922454, 4923807663, 4987922446], 297.3]
[[4987922384, 4923800285, 4923800287, 4923800293, 4987984449, 4923807089, 4923807632, 4923799047, 4923807633, 4923799420, 4923802073, 4987922428, 4987922453, 4987922455, 4987922454, 4987922452, 4987922456, 4923805067, 4923805066], 297.3]
[[4987922384, 4923800285, 4923800287, 4923800293, 4987984449, 4987984448, 4923799047, 4923807633, 4923799420, 4923802073, 4987922428, 4987922453, 4987922455, 4987922454, 4987922452, 4987922456, 4923805067, 4923805066], 297.3]
[[4987922384, 4923800285, 4923800287, 4923800293, 4987984449, 4987984448, 4923799047, 4923807633, 4923799420, 4923802073, 4987922428, 4987922453, 4987922455, 4987922454, 4987922452, 4987922456, 4923805067, 4987910569, 4987910570, 4923805069], 297.3]
[[4987922384, 4923800285, 4923800287, 4923800293, 4987984449, 4987984448, 4923799047, 4923807633, 4923799420, 4923802073, 4987922428, 4987922453, 4987922455, 4987922454, 4987922452, 4987922456, 4923805067, 4987910569, 4987910570, 4923804453, 4987883381, 4923805575], 297.3]
[[4987922384, 4923800285, 4923800287, 4923800293, 4987984449, 4987984448, 4923802724, 4923802073, 4987922428, 4987922453, 4987922455, 4987922454, 4987922452, 4987922456, 4923805067, 4987910569, 4987910570, 4923804453, 4987883381, 4923805575], 297.3]
[[4987922384, 4923800285, 4923800287, 4923800293, 4987984449, 4987984448, 4923802724, 4923802073, 4987922428, 4987922453, 4987922455, 4987922454, 4987922452, 4987922456, 4923805067, 4987910569, 4987910570, 4923804453, 4987883381, 4923864480, 4923800306, 4923800305], 297.3]
[[4987922384, 4923800285, 4923800287, 4923800293, 4987984449, 4987984448, 4923802724, 4923802073, 4987922428, 4987922453, 4987922455, 4987922454, 4987922452, 4987922456, 4923805067, 4987910569, 4987910570, 4923804453, 4987883381, 4923864480, 4923800306, 4987883388, 4923800312, 4987984501], 297.3]
[[4987922384, 4923800285, 4923800287, 4923800293, 4987984449, 4987984448, 4923802724, 4923802073, 4987922428, 4987922453, 4987922455, 4987922454, 4987922452, 4987922456, 4923805067, 4987910569, 4987910570, 4923804453, 4987883381, 4923864480, 4923800306, 4987883388, 4923800312, 4987883385, 4923800314], 297.3]
[[4987922387, 4987922390, 4987922381, 4987922377, 9221078633, 9221078632, 9221077149, 9221077148, 9221077150, 2660964898, 9221078639, 4987922448, 4987922446, 4923807663, 4987922454, 4987922452, 4987922456, 4923805067, 4987910569, 4987910570, 4923804453, 4987883381, 4923864480, 4923800306, 4923800305], 298.4]
[[4987922387, 4987922390, 4987922381, 4987922377, 9221078633, 9221078632, 9221077149, 9221077148, 9221077150, 2660964898, 9221078639, 4987922448, 4987922446, 4923807663, 4987922454, 4987922452, 4987922456, 4923805067, 4987910569, 4987910570, 4923804453, 4987883381, 4923864480, 4923800306, 4987883388, 4923800312, 4987984501], 298.4]
[[4987922387, 4987922390, 4987922381, 4987922377, 9221078633, 9221078632, 9221077149, 9221077148, 9221077150, 2660964898, 9221078639, 4987922448, 4987922446, 4923807663, 4987922454, 4987922452, 4987922456, 4923805067, 4987910569, 4987910570, 4923804453, 4987883381, 4923864480, 4923800306, 4987883388, 4923800312, 4987883385, 4923800314], 298.4]
[[4987922387, 4987922390, 4987922381, 4987922377, 9221078633, 9221077164, 9221077165, 9221077166, 9221078638, 9221078639, 4987922448, 4987922446, 4923807663, 4987922454, 4987922452, 4987922456, 4923805067, 4987910569, 4987910570, 4923804453, 4987883381, 4923864480, 4923800306, 4923800305], 298.4]
[[4987922387, 4987922390, 4987922381, 4987922377, 9221078633, 9221077164, 9221077165, 9221077166, 9221078638, 9221078639, 4987922448, 4987922446, 4923807663, 4987922454, 4987922452, 4987922456, 4923805067, 4987910569, 4987910570, 4923804453, 4987883381, 4923864480, 4923800306, 4987883388, 4923800312, 4987984501], 298.4]
[[4987922387, 4987922390, 4987922381, 4987922377, 9221078633, 9221077164, 9221077165, 9221077166, 9221078638, 9221078639, 4987922448, 4987922446, 4923807663, 4987922454, 4987922452, 4987922456, 4923805067, 4987910569, 4987910570, 4923804453, 4987883381, 4923864480, 4923800306, 4987883388, 4923800312, 4987883385, 4923800314], 298.4]
[[4987922389, 4987922379, 4987922378, 9221078631, 9221078630, 9221078632, 9221077149, 9221077148, 9221077150, 2660964898, 9221078639, 4987922448, 4987922446, 4923807663, 4987922454, 4987922452, 4987922456, 4923805067, 4987910569, 4987910570, 4923804453, 4987883381, 4923864480, 4923800306, 4923800305], 298.0]
[[4987922389, 4987922379, 4987922378, 9221078631, 9221078630, 9221078632, 9221077149, 9221077148, 9221077150, 2660964898, 9221078639, 4987922448, 4987922446, 4923807663, 4987922454, 4987922452, 4987922456, 4923805067, 4987910569, 4987910570, 4923804453, 4987883381, 4923864480, 4923800306, 4987883388, 4923800312, 4987984501], 298.0]
[[4987922389, 4987922379, 4987922378, 9221078631, 9221078630, 9221078632, 9221077149, 9221077148, 9221077150, 2660964898, 9221078639, 4987922448, 4987922446, 4923807663, 4987922454, 4987922452, 4987922456, 4923805067, 4987910569, 4987910570, 4923804453, 4987883381, 4923864480, 4923800306, 4987883388, 4923800312, 4987883385, 4923800314], 298.0]
[[4987922389, 4987922379, 4987922378, 9221078631, 9221078633, 9221077164, 9221077165, 9221077166, 9221078638, 9221078639, 4987922448, 4987922446, 4923807663, 4987922454, 4987922452, 4987922456, 4923805067, 4987910569, 4987910570, 4923804453, 4987883381, 4923864480, 4923800306, 4923800305], 298.0]
[[4987922389, 4987922379, 4987922378, 9221078631, 9221078633, 9221077164, 9221077165, 9221077166, 9221078638, 9221078639, 4987922448, 4987922446, 4923807663, 4987922454, 4987922452, 4987922456, 4923805067, 4987910569, 4987910570, 4923804453, 4987883381, 4923864480, 4923800306, 4987883388, 4923800312, 4987984501], 298.0]
[[4987922389, 4987922379, 4987922378, 9221078631, 9221078633, 9221077164, 9221077165, 9221077166, 9221078638, 9221078639, 4987922448, 4987922446, 4923807663, 4987922454, 4987922452, 4987922456, 4923805067, 4987910569, 4987910570, 4923804453, 4987883381, 4923864480, 4923800306, 4987883388, 4923800312, 4987883385, 4923800314], 298.0]
[[4987922390, 4987922381, 4987922377, 9221078633, 9221078632, 9221077149, 9221077148, 9221077150, 2660964898, 9221078639, 4987922448, 4987922446, 4923807663, 4987922454, 4987922452, 4987922456, 4923805067, 4987910569, 4987910570, 4923804453, 4987883381, 4923864480, 4923800306, 4923800305], 297.6]
[[4987922390, 4987922381, 4987922377, 9221078633, 9221078632, 9221077149, 9221077148, 9221077150, 2660964898, 9221078639, 4987922448, 4987922446, 4923807663, 4987922454, 4987922452, 4987922456, 4923805067, 4987910569, 4987910570, 4923804453, 4987883381, 4923864480, 4923800306, 4987883388, 4923800312, 4987984501], 297.6]
[[4987922390, 4987922381, 4987922377, 9221078633, 9221078632, 9221077149, 9221077148, 9221077150, 2660964898, 9221078639, 4987922448, 4987922446, 4923807663, 4987922454, 4987922452, 4987922456, 4923805067, 4987910569, 4987910570, 4923804453, 4987883381, 4923864480, 4923800306, 4987883388, 4923800312, 4987883385, 4923800314], 297.6]
[[4987922390, 4987922381, 4987922377, 9221078633, 9221077164, 9221077165, 9221077166, 9221078638, 9221078639, 4987922448, 4987922446, 4923807663, 4987922454, 4987922452, 4987922456, 4923805067, 4987910569, 4987910570, 4923804453, 4987883381, 4923864480, 4923800306, 4923800305], 297.6]
[[4987922390, 4987922381, 4987922377, 9221078633, 9221077164, 9221077165, 9221077166, 9221078638, 9221078639, 4987922448, 4987922446, 4923807663, 4987922454, 4987922452, 4987922456, 4923805067, 4987910569, 4987910570, 4923804453, 4987883381, 4923864480, 4923800306, 4987883388, 4923800312, 4987984501], 297.6]
[[4987922390, 4987922381, 4987922377, 9221078633, 9221077164, 9221077165, 9221077166, 9221078638, 9221078639, 4987922448, 4987922446, 4923807663, 4987922454, 4987922452, 4987922456, 4923805067, 4987910569, 4987910570, 4923804453, 4987883381, 4923864480, 4923800306, 4987883388, 4923800312, 4987883385, 4923800314], 297.6]
[[4987922392, 4987922387, 4987922390, 4987922381, 4987922386, 4987922384, 4987922361, 4923800291, 4987922359, 4987984451, 4987922366, 4987922365, 4987922422, 4987922421, 4923802073], 298.4]
[[4987922392, 4987922387, 4987922390, 4987922381, 4987922386, 4987922384, 4987922361, 4923800291, 4987922359, 4987984451, 4987922366, 4987922365, 4987922422, 4923799047], 298.4]
[[4987922395, 4987984458, 4987922397, 4987922402, 4987922403, 4987922405, 4987984461, 4923799986, 4987984463], 116.7]
[[4987922402, 4987922403, 4987922405, 4987922407, 4987922396, 4987922395, 4987984458, 4923800013, 4923802722, 4923802721], 297.4]
[[4987922403, 4987922405, 4987922407, 4987922396, 4987922395, 4987984458, 4923800013, 4923802722, 4923802721], 297.4]
[[4987922421, 4987922422, 4987922365, 4987922366, 4987984451, 4923807089, 4923807632, 4923799047, 4923807633, 4923799420, 4923802073, 4923802724, 4987984448, 4987984449], 207.5]
[[4987922421, 4987922422, 4987922365, 4923807089, 4923807632, 4923799047, 4923807633, 4923799420, 4923802073, 4923802724, 4987984448, 4987984449], 207.5]
[[4987922421, 4923802073, 4987922428, 4987922453, 4987922455, 4987922454, 4987922452, 4987922456, 4987983337, 4987983336, 4987983335, 4987910569], 297.4]
[[4987922422, 4987922365, 4987922366, 4987984451, 4923807089, 4923807632, 4923799047, 4987984448, 4987984449, 4923800293], 207.4]
[[4987922422, 4923799047, 4923807633, 4923799420, 4923802073, 4987922428, 4987922453, 4987922455, 4987922449, 4923807662, 4923804068, 4987983337, 4987983336, 4987983335, 4987910569], 297.3]
[[4987922422, 4923799047, 4923807633, 4923799420, 4923802073, 4987922428, 4987922453, 4987922455, 4987922449, 4923807662, 4923804068, 4987983337, 4987983336, 4987983335, 4987984514, 4987984434, 4923804453], 297.3]
[[4987922422, 4923799047, 4923807633, 4923799420, 4923802073, 4987922428, 4987922453, 4987922455, 4987922454, 4987922452, 4987922456, 4987983337, 4987983336, 4987983335, 4987984514, 4987984434, 4923804453], 297.3]
[[4987922445, 4923807082, 4987922455, 4987922453, 4987922428, 4923802073, 4923799420, 4923807633, 4923799047, 4987984448, 4987984449, 4923800293, 4987984451], 110.6]
[[4987922445, 4923807082, 4987922455, 4987922453, 4987922428, 4923802073, 4923799420, 4923807633, 4923799047, 4923807632, 4923807089, 4987984449, 4923800293, 4923800287, 4923800291], 110.6]
[[4987922445, 4923807082, 4987922455, 4987922453, 4987922428, 4923802073, 4923799420, 4923807633, 4923799047, 4923807632, 4923807089, 4987984449, 4923800293, 4923800287, 4923800285, 4987922384], 110.6]
[[4987922446, 4923807663, 4987922454, 4987922455, 4987922453, 4987922428, 4923802073, 4923799420, 4923807633, 4923799047, 4987984448, 4987984449, 4923800293, 4987984451], 110.8]
[[4987922446, 4923807663, 4987922454, 4987922455, 4987922453, 4987922428, 4923802073, 4923799420, 4923807633, 4923799047, 4923807632, 4923807089, 4987984449, 4923800293, 4923800287, 4923800291], 110.8]
[[4987922446, 4923807663, 4987922454, 4987922455, 4987922453, 4987922428, 4923802073, 4923799420, 4923807633, 4923799047, 4923807632, 4923807089, 4987984449, 4923800293, 4923800287, 4923800285, 4987922384], 110.8]
[[4987922448, 4987922446, 4923807663, 4987922454, 4987922455, 4987922453, 4987922428, 4923802073, 4923799420, 4923807633, 4923799047, 4987984448, 4987984449, 4923800293, 4987984451], 111.2]
[[4987922448, 4987922446, 4923807663, 4987922454, 4987922455, 4987922453, 4987922428, 4923802073, 4923799420, 4923807633, 4923799047, 4923807632, 4923807089, 4987984449, 4923800293, 4923800287, 4923800291], 111.2]
[[4987922448, 4987922446, 4923807663, 4987922454, 4987922455, 4987922453, 4987922428, 4923802073, 4923799420, 4923807633, 4923799047, 4923807632, 4923807089, 4987984449, 4923800293, 4923800287, 4923800285, 4987922384], 111.2]
[[4987922452, 4987922456, 4923805067, 4987910569, 4987983335, 4987983336, 4987983337, 4923804068, 4987884229, 4987884228, 4987984454, 4987984457, 4923803770], 27.7]
[[4987922452, 4987922456, 4923805067, 4987910569, 4987910570, 4923804453, 4987984434, 4987984514, 4987983335, 4987983336, 4987984457, 4923803770, 4923803779], 27.7]
[[4987922453, 4987922455, 4987922454, 4987922452, 4987922456, 4923805067, 4987910569, 4987983335, 4987983336, 4987983337, 4923804068, 4987884229, 4987884228, 4987984454, 4987984457, 4923803770], 27.5]
[[4987922454, 4987922452, 4987922456, 4923805067, 4987910569, 4987983335, 4987983336, 4987983337, 4923804068, 4987884229, 4987884228, 4987984454, 4987984457, 4923803770], 27.8]
[[4987922454, 4987922452, 4987922456, 4923805067, 4987910569, 4987910570, 4923804453, 4987984434, 4987984514, 4987983335, 4987983336, 4987984457, 4923803770, 4923803779], 27.8]
[[4987922455, 4987922454, 4987922452, 4987922456, 4923805067, 4987910569, 4987983335, 4987983336, 4987983337, 4923804068, 4987884229, 4987884228, 4987984454, 4987984457, 4923803770], 27.7]
[[4987922455, 4987922454, 4987922452, 4987922456, 4923805067, 4987910569, 4987910570, 4923804453, 4987984434, 4987984514, 4987983335, 4987983336, 4987984457, 4923803770, 4923803779], 27.7]
[[4987922456, 4923805067, 4987910569, 4987910570, 4923804453, 4987984434, 4987984514, 4987983335, 4987983336, 4987984457, 4923803770, 4923803779], 27.7]
[[4987984431, 4923804239, 4923804237, 4923804243, 4923808802, 4923808216, 4987883414, 4987883413, 4987883412], 207.6]
[[4987984431, 4923804239, 4923804237, 4987984496, 4923808772, 4923804243, 4923808802, 4923808216, 4987883414, 4987883413, 4987883412], 207.6]
[[4987984438, 4923806794, 4923806672, 4923806674, 4923806676, 4987994228, 4923806844, 4987994239, 4987994238, 4923806661, 4987984478, 4987984476], 267.5]
[[4987984438, 4923806794, 4923806834, 4987994240, 4987994239, 4923806844], 267.5]
[[4987984438, 4923806794, 4923806834, 4923806844, 4987994239, 4987994238, 4923806661, 4987984478], 267.5]
[[4987984438, 4987994226, 4923806698, 4923806794, 4923806672, 4923806671], 177.5]
[[4987984448, 4923799047, 4923807632, 4923807089, 4987984451, 4923800293, 4923800287, 4923800285, 4987922384], 117.3]
[[4987984449, 4987984448, 4923802724, 4923802073, 4923799420, 4923807633, 4923799047, 4923807632, 4923807089, 4987922365, 4987922422, 4987922421], 27.1]
[[4987984451, 4923800293, 4987984449, 4987984448, 4923799047, 4923807633, 4923799420, 4923802073, 4987922428, 4987922453, 4923799936], 297.2]
[[4987984451, 4923800293, 4987984449, 4987984448, 4923799047, 4923807633, 4923799420, 4923802073, 4987922428, 4987922453, 4987922455, 4923807082, 4987922445], 297.2]
[[4987984451, 4923800293, 4987984449, 4987984448, 4923799047, 4923807633, 4923799420, 4923802073, 4987922428, 4987922453, 4987922455, 4987922454, 4923807663, 4987922446], 297.2]
[[4987984451, 4923800293, 4987984449, 4987984448, 4923799047, 4923807633, 4923799420, 4923802073, 4987922428, 4987922453, 4987922455, 4987922454, 4987922452, 4987922456, 4923805067, 4923805066], 297.2]
[[4987984451, 4923800293, 4987984449, 4987984448, 4923802724, 4923802073, 4987922428, 4987922453, 4987922455, 4987922454, 4987922452, 4987922456, 4923805067, 4987910569, 4987910570, 4923805069], 297.2]
[[4987984451, 4923800293, 4987984449, 4987984448, 4923802724, 4923802073, 4987922428, 4987922453, 4987922455, 4987922454, 4987922452, 4987922456, 4923805067, 4987910569, 4987910570, 4923804453, 4987883381, 4923805575], 297.2]
[[4987984462, 595706787, 7213240253, 595706788, 7213240285, 9221078637, 9221077168, 9221077162, 9221078629, 9221077163, 9221077167, 9221078631, 4987922378, 4987922379, 4987922381, 4987922386, 4987922384, 4987922361, 4923800291, 4987922359, 4987984451, 4923807089, 4923807632, 4923799047, 4923807633, 4923799420, 4923802073, 4923802724], 291.7]
[[4987984462, 595706787, 7213240253, 595706788, 7213240285, 9221078637, 9221077168, 9221077162, 9221078629, 9221077163, 9221077167, 9221078631, 4987922378, 4987922379, 4987922381, 4987922386, 4987922384, 4987922361, 4923800291, 4987922359, 4987984451, 4923807089, 4923807632, 4923799047, 4923807633, 4923799420, 4923802073, 4987922428, 4987922453, 4923799936], 291.7]
[[4987984462, 595706787, 7213240253, 595706788, 7213240285, 9221078637, 9221077168, 9221077162, 9221078629, 9221077163, 9221077167, 9221078631, 4987922378, 4987922379, 4987922381, 4987922386, 4987922384, 4987922361, 4923800291, 4987922359, 4987984451, 4923807089, 4923807632, 4923799047, 4923807633, 4923799420, 4923802073, 4987922428, 4987922453, 4987922455, 4987922454, 4987922452, 4987922456, 4923805067, 4923805066], 291.7]
[[4987984462, 595706787, 7213240253, 595706788, 7213240285, 9221078637, 9221077168, 9221077162, 9221078629, 9221077163, 9221077167, 9221078631, 4987922378, 4987922379, 4987922381, 4987922386, 4987922384, 4987922361, 4923800291, 4987922359, 4987984451, 4923807089, 4923807632, 4923799047, 4923807633, 4923799420, 4923802073, 4987922428, 4987922453, 4987922455, 4987922454, 4987922452, 4987922456, 4923805067, 4987910569, 4987910570, 4923805069], 291.7]
[[4987984462, 595706787, 7213240253, 595706788, 7213240285, 9221078637, 9221077168, 9221077162, 9221078629, 9221077163, 9221077167, 9221078631, 4987922378, 4987922379, 4987922381, 4987922386, 4987922384, 4987922361, 4923800291, 4987922359, 4987984451, 4923807089, 4923807632, 4923799047, 4923807633, 4923799420, 4923802073, 4987922428, 4987922453, 4987922455, 4987922454, 4987922452, 4987922456, 4923805067, 4987910569, 4987910570, 4923804453, 4987883381, 4923805575], 291.7]
[[4987984462, 595706787, 7213240253, 595706788, 7213240285, 9221078637, 9221077168, 9221077162, 9221078629, 9221077163, 9221077167, 9221078631, 9221078633, 4987922377, 4987922381, 4987922386, 4987922384, 4987922361, 4923800291, 4987922359, 4987984451, 4923807089, 4923807632, 4923799047, 4923807633, 4923799420, 4923802073, 4923802724], 291.7]
[[4987984462, 595706787, 7213240253, 595706788, 7213240285, 9221078637, 9221077168, 9221077162, 9221078629, 9221077163, 9221077167, 9221078631, 9221078633, 4987922377, 4987922381, 4987922386, 4987922384, 4987922361, 4923800291, 4987922359, 4987984451, 4923807089, 4923807632, 4923799047, 4923807633, 4923799420, 4923802073, 4987922428, 4987922453, 4923799936], 291.7]
[[4987984462, 595706787, 7213240253, 595706788, 7213240285, 9221078637, 9221077168, 9221077162, 9221078629, 9221077163, 9221077167, 9221078631, 9221078633, 4987922377, 4987922381, 4987922386, 4987922384, 4987922361, 4923800291, 4987922359, 4987984451, 4923807089, 4923807632, 4923799047, 4923807633, 4923799420, 4923802073, 4987922428, 4987922453, 4987922455, 4987922454, 4987922452, 4987922456, 4923805067, 4923805066], 291.7]
[[4987984462, 595706787, 7213240253, 595706788, 7213240285, 9221078637, 9221077168, 9221077162, 9221078629, 9221077163, 9221077167, 9221078631, 9221078633, 4987922377, 4987922381, 4987922386, 4987922384, 4987922361, 4923800291, 4987922359, 4987984451, 4923807089, 4923807632, 4923799047, 4923807633, 4923799420, 4923802073, 4987922428, 4987922453, 4987922455, 4987922454, 4987922452, 4987922456, 4923805067, 4987910569, 4987910570, 4923805069], 291.7]
[[4987984462, 595706787, 7213240253, 595706788, 7213240285, 9221078637, 9221077168, 9221077162, 9221078629, 9221077163, 9221077167, 9221078631, 9221078633, 4987922377, 4987922381, 4987922386, 4987922384, 4987922361, 4923800291, 4987922359, 4987984451, 4923807089, 4923807632, 4923799047, 4923807633, 4923799420, 4923802073, 4987922428, 4987922453, 4987922455, 4987922454, 4987922452, 4987922456, 4923805067, 4987910569, 4987910570, 4923804453, 4987883381, 4923805575], 291.7]
[[4987984462, 595706787, 7213240253, 595706788, 7213240285, 9221078637, 9221077168, 9221077162, 9221078629, 9221077163, 9221077167, 9221078631, 9221078633, 4987922377, 4987922381, 4987922386, 4987922384, 4987922361, 4923800291, 4987922359, 4987984451, 4923807089, 4923807632, 4923799047, 4923807633, 4923799420, 4923802073, 4987922428, 4987922453, 4987922455, 4987922454, 4987922452, 4987922456, 4923805067, 4987910569, 4987910570, 4923804453, 4987883381, 4923864480, 4923800306, 4923800305], 291.7]
[[4987984463, 4923799986, 4987984461, 4987922405, 4987922403, 4987922402, 4987922397, 4987984458, 4987922395], 297.0]
[[4987984476, 4987984478, 4923806661, 4987994238, 4987994239, 4923806844, 4987994228, 4923806676, 4923806674, 4923806834, 4987994240], 87.6]
[[4987984476, 4987984478, 4923806661, 4987994238, 4987994239, 4923806844, 4987994228, 4923806676, 4923806674, 4923806672, 4923806794, 4987984438], 87.6]
[[4987984476, 4987984478, 4923806661, 4987994238, 4987994239, 4923806844, 4923806834, 4923806794, 4987984438], 87.6]
[[4987984476, 4987984478, 4923806661, 4987994238, 4987994239, 4987994240, 4923806834, 4923806674, 4923806672, 4923806671, 4923806698, 4987994226], 87.6]
[[4987984476, 4987984478, 4923806661, 4987994238, 4987994239, 4987994240, 4923806834, 4923806794, 4923806698, 4987994226], 87.6]
[[4987984478, 4923806661, 4987994238, 4987994239, 4923806844, 4923806834, 4923806794, 4987984438], 87.7]
[[4987984478, 4923806661, 4987994238, 4987994239, 4987994240, 4923806834, 4923806794, 4923806698, 4987994226], 87.7]
[[4987984480, 4923806652, 4923806788, 4987994238, 4987994239, 4987994240, 4923806834, 4923806674, 4923806672, 4923806671, 4923806698, 4987994226], 88.2]
[[4987984480, 4923806652, 4923806788, 4923806785, 4923806844, 4987994228, 4923806676, 4923806674, 4923806834], 88.2]
[[4987984480, 4923806652, 4923806788, 4923806785, 4923806844, 4923806834, 4923806674, 4923806672, 4923806671, 4923806698], 88.2]
[[4987984486, 4987984499, 4923807099, 4987984496, 4923808772, 4923804243, 4923808802, 4987883413, 4987883412, 4987883411], 207.5]
[[4987984496, 4923808772, 4923804243, 4923808802, 4923804239, 4987984431, 4987884221, 4987883418], 297.8]
[[4987984498, 4987984486, 4987984499, 4923807099, 4987984496, 4923808772, 4923804243, 4923808802, 4987883413, 4987883412, 4987883411], 204.3]
[[4987984498, 4987984486, 4987984499, 4923807099, 4987984496, 4923808772, 4923804243, 4923808802, 4923808216, 4987883414, 4987883413, 4987883412], 204.3]
[[4987984499, 4923807099, 4923807575, 4987984508, 4923808772, 4923804243, 4987883412, 4987883411, 4987883410], 207.2]
[[4987984501, 4923800312, 4987883388, 4923800306, 4923864480, 4987883381, 4923805575, 4923805069, 4923805066, 4923805067], 118.1]
[[4987984501, 4923800312, 4987883388, 4923800306, 4923864480, 4987883381, 4923804453, 4987910570, 4987910569, 4923805067, 4987922456, 4987922452, 4987922454, 4923807663, 4987922446, 4987922448, 9221078639, 2660964898, 9221077150, 9221077148, 9221077149, 9221078632, 9221078633, 4987922377], 118.1]
[[4987984501, 4923800312, 4987883388, 4923800306, 4923864480, 4987883381, 4923804453, 4987910570, 4987910569, 4923805067, 4987922456, 4987922452, 4987922454, 4923807663, 4987922446, 4987922448, 9221078639, 2660964898, 9221077150, 9221077148, 9221077149, 9221078632, 9221078630, 9221078631, 4987922378], 118.1]
[[4987984501, 4923800312, 4987883388, 4923800306, 4923864480, 4987883381, 4923804453, 4987910570, 4987910569, 4923805067, 4987922456, 4987922452, 4987922454, 4923807663, 4987922446, 4987922448, 9221078639, 9221078638, 9221077166, 9221077165, 9221077164, 9221078633, 4987922377], 118.1]
[[4987984501, 4923800312, 4987883388, 4923800306, 4923864480, 4987883381, 4923804453, 4987910570, 4987910569, 4923805067, 4987922456, 4987922452, 4987922454, 4923807663, 4987922446, 4987922448, 9221078639, 9221078638, 9221077166, 9221077165, 9221077164, 9221078633, 9221078631, 4987922378], 118.1]
[[4987984501, 4923800312, 4987883388, 4923800306, 4923864480, 4987883381, 4923804453, 4987910570, 4987910569, 4923805067, 4987922456, 4987922452, 4987922454, 4987922455, 4923807082, 4987922445, 4923807083, 9221078638, 2660964898, 9221077150, 9221077148, 9221077149, 9221078632, 9221078633, 4987922377], 118.1]
[[4987984501, 4923800312, 4987883388, 4923800306, 4923864480, 4987883381, 4923804453, 4987910570, 4987910569, 4923805067, 4987922456, 4987922452, 4987922454, 4987922455, 4923807082, 4987922445, 4923807083, 9221078638, 2660964898, 9221077150, 9221077148, 9221077149, 9221078632, 9221078630, 9221078631, 4987922378], 118.1]
[[4987984501, 4923800312, 4987883388, 4923800306, 4923864480, 4987883381, 4923804453, 4987910570, 4987910569, 4923805067, 4987922456, 4987922452, 4987922454, 4987922455, 4923807082, 4987922445, 4923807083, 9221078638, 9221077166, 9221077165, 9221077164, 9221078633, 4987922377], 118.1]
[[4987984501, 4923800312, 4987883388, 4923800306, 4923864480, 4987883381, 4923804453, 4987910570, 4987910569, 4923805067, 4987922456, 4987922452, 4987922454, 4987922455, 4923807082, 4987922445, 4923807083, 9221078638, 9221077166, 9221077165, 9221077164, 9221078633, 9221078631, 4987922378], 118.1]
[[4987984508, 4923806633, 4987883410, 4987883411, 4987883412, 4923804243, 4923808802, 4923808216, 4987883418, 4987883417, 4987883415], 297.0]
[[4987984508, 4923806633, 4987883410, 4987883411, 4987883412, 4923804243, 4923808802, 4923808216, 4987883414], 297.0]
[[4987984514, 4987983335, 4987983336, 4987983337, 4987922456, 4923805067, 4987910569, 4987910570, 4923804453, 4987883381, 4923805575, 4923805069, 4923805066], 208.4]
[[4987984515, 4987984514, 4987983335, 4987910569, 4987910570, 4923804453, 4987883381, 4923805575, 4923805069], 208.4]
[[4987984515, 4987984514, 4987983335, 4987910569, 4987910570, 4923804453, 4987883381, 4923864480, 4923800306, 4923800305, 4923805575, 4923805069], 208.4]
[[4987984515, 4987984514, 4987983335, 4987983336, 4987983337, 4987922456, 4923805067, 4987910569, 4987910570, 4923804453, 4987883381, 4923805575, 4923805069, 4923805066], 208.4]
[[4987984519, 4987984515, 4987984514, 4987983335, 4987910569, 4987910570, 4923804453, 4987883381, 4923864480, 4923800306, 4923800305, 4923805575, 4923805069], 208.4]
[[4987984519, 4987984515, 4987984514, 4987983335, 4987983336, 4987983337, 4987922456, 4923805067, 4987910569, 4987910570, 4923804453, 4987883381, 4923805575, 4923805069, 4923805066], 208.4]
[[4987994225, 4923807055, 4987922416, 4923806996, 2565693923, 4987922431, 4987922412, 4987922415], 27.6]
[[4987994226, 4923806698, 4923806671, 4923806672, 4923806674, 4923806834, 4987994240, 4987994239, 4987994238, 4923806788, 4923806652], 269.6]
[[4987994226, 4923806698, 4923806671, 4923806672, 4923806674, 4923806834, 4987994240, 4987994239, 4987994238, 4923806661, 4987984478, 4987984476], 269.6]
[[4987994226, 4923806698, 4923806794, 4987984438, 4987994240, 4923806834], 269.6]
[[4987994226, 4923806698, 4923806794, 4923806834, 4987994240, 4987994239, 4987994238, 4923806788], 269.6]
[[4987994226, 4923806698, 4923806794, 4923806834, 4987994240, 4987994239, 4987994238, 4923806661, 4987984478], 269.6]
[[4987994231, 4923807851, 4923807854, 4987994234, 4987984498, 4923804239, 4987984431, 4987884221, 4987883418, 4923808216, 4923808802], 221.1]
[[4987994238, 4987994239, 4923806844, 4923806785, 4923806788, 4923806652, 4987984480, 4923806678, 4923806676], 177.7]
[[4987994238, 4987994239, 4987994240, 4987984438, 4923806794, 4923806834, 4923806844, 4987994228, 4923806676, 4923806674, 4923806672], 177.7]
[[4987994239, 4987994240, 4923806834, 4923806844, 4987994228, 4923806676, 4923806674], 177.7]
[[4987994239, 4987994240, 4987984438, 4923806794, 4923806834, 4923806844, 4987994228, 4923806676, 4923806674, 4923806672], 177.7]
[[4987994240, 4923806834, 4923806844, 4987994239, 4987994238, 4923806788], 267.2]
[[4987994240, 4987984438, 4923806794, 4923806834, 4923806674, 4923806672], 177.8]
[[4987994240, 4987984438, 4987994226, 4923806698, 4923806794, 4923806834, 4923806674, 4923806672, 4923806671], 177.8]
[[5253301548, 8148762075, 8148762074, 6737633461, 5256862058, 5256862056, 6737633455, 8148762081], 268.0]
[[5253301651, 8776681906, 8776681993, 8776681971, 664958891, 8776681982, 664958799, 8635018153, 8776681973, 8635018124, 8635008713, 8486054572, 8486054678, 8486054573, 8610737910, 8776665397, 8486054549, 8776681974], 354.8]
[[5253301651, 8776681906, 8776681993, 8776681971, 664958891, 8776681982, 664958799, 8635018153, 8776681973, 8635018124, 8635008713, 8486054572, 8486054678, 8486054573, 8610737910, 8610737909], 354.8]
[[5253301651, 8776681906, 8776681993, 8776681971, 8776681997, 8776681972, 8776681973, 8635018124, 8635008713, 8486054572, 8486054678, 8486054573, 8610737910, 8776665397, 8486054549, 8776681974], 354.8]
[[5253301651, 8776681906, 8776681993, 8776681971, 8776681997, 8776681972, 8776681973, 8635018124, 8635008713, 8486054572, 8486054678, 8486054573, 8610737910, 8610737909], 354.8]
[[5256862071, 5256862072, 5256862073, 8776681908, 9645871562, 8776681933, 9645871564, 9645864973, 9645864971, 9645871586, 9645871587, 9645871583, 9651855956, 8776681899, 8776681896, 664958870, 9645871545, 9645871546, 664958868, 8776681969, 6737646318, 8776681976], 88.3]
[[5256862071, 5256862072, 5256862073, 8776681908, 9645871562, 8776681933, 9645871564, 9645864973, 9645864971, 9645871586, 9645871587, 9645871583, 9651855956, 8776681899, 8776681896, 664958870, 9645871545, 9645871546, 664958868, 8776681967, 8776681992], 88.3]
[[5256862071, 5256862072, 5256862073, 8776681908, 9645871562, 8776681933, 9645871564, 9645864973, 9645871518, 8776681905, 9645871576, 4391404647, 4391404646, 9645871523, 9645871542, 664958780, 8776681899, 8776681896, 664958870, 9645871545, 9645871546, 664958868, 8776681969, 6737646318, 8776681976], 88.3]
[[5256862071, 5256862072, 5256862073, 8776681908, 9645871562, 8776681933, 9645871564, 9645864973, 9645871518, 8776681905, 9645871576, 4391404647, 4391404646, 9645871523, 9645871542, 664958780, 8776681899, 8776681896, 664958870, 9645871545, 9645871546, 664958868, 8776681967, 8776681992], 88.3]
[[5960541486, 4987984519, 4987984515, 4987883393, 4987883389, 4987883388, 4923800306, 4923864480], 208.4]
[[5960541486, 4987984519, 4987984515, 4987984514, 4987984434, 4987883393, 4987883389, 4987883388, 4923800306, 4923864480], 208.4]
[[5960541486, 4987984519, 4987984515, 4987984514, 4987983335, 4987910569, 4987910570, 4923804453, 4987883381, 4923864480, 4923800306, 4923800305, 4923805575, 4923805069], 208.4]
[[5960541493, 4923807859, 4987984437, 4923806965, 4987883385, 4923800312, 4987883388, 4923800306, 4923800305, 4923805575, 4923805069, 4987910570], 112.0]
[[5960541493, 4923807859, 4987984437, 4923806965, 4987883385, 4923800312, 4987883388, 4923800306, 4923800305, 4923805575, 4923805069, 4923805066, 4923805067], 112.0]
[[5960541507, 4923806779, 4923807677, 4923806965, 4987883385, 4923800312, 4987883388, 4923800306, 4923800305, 4923805575, 4923805069, 4987910570], 114.1]
[[5960541507, 4923806779, 4923807677, 4923806965, 4987883385, 4923800312, 4987883388, 4923800306, 4923800305, 4923805575, 4923805069, 4923805066, 4923805067], 114.1]
[[8148762075, 8148762074, 6737633461, 8148762072, 8148762073, 5253301548, 5253301566, 5253301542, 5256862057], 359.6]
[[8148762081, 6737633455, 5256862056, 5256862058, 6737633461, 8148762074, 8148762075, 5253301548], 88.4]
[[8148762083, 8148762081, 6737633455, 5256862056, 5256862058, 6737633461, 8148762074, 8148762075, 5253301548], 90.6]
[[8610737909, 8610737910, 8486054573, 8486054678, 8486054572, 8635008713, 8635018124, 8776681973, 8776681972, 8776681997, 8776681971, 8776681993, 8776681906], 178.9]
[[8635018123, 8776681943, 664958815, 8776681931, 664958816, 8776681942, 6737646316, 8776682042, 3960223222, 8776682048, 8776682041, 5253301622, 5253301617, 8776681969, 664958868, 8776681967, 8776681992, 8776681935, 8776681987, 9645871553, 8776681907, 8486054609, 6737646323], 269.4]
[[8635018123, 8776681943, 664958815, 8776681931, 664958816, 8776681942, 6737646316, 8776682042, 3960223222, 8776682048, 8776682041, 5253301622, 5253301617, 8776681969, 6737646318, 8776681976, 8776681970, 8776681935, 8776681987, 9645871553, 8776681907, 8486054609, 6737646323], 269.4]
[[8635018129, 3730447406, 3730447408, 3730447405, 3730453554, 2362306055, 3730449783, 1755866361, 3730461049, 2274887273, 3730449784, 3730453553, 3730453555, 2274887274, 3889198612, 3889198611, 3730447407, 8635018128, 8635018146, 8635018147, 8635018188, 8635018187, 8486054911], 93.5]
[[8635018129, 3730447406, 3730447408, 3730447405, 3730453554, 2362306055, 3730449783, 1755866361, 3730461049, 2274887273, 3730449784, 3730453553, 3730453555, 2274887274, 3889198612, 3889198611, 3730447407, 8635018128, 8635018146, 8635018147, 8635018188, 1755866352], 93.5]
[[8635018129, 3730447406, 3730447408, 3730447405, 3730453554, 2362306055, 3730449783, 3730449784, 3730453553, 3730453555, 2274887274, 3889198612, 3889198611, 3730447407, 8635018128, 8635018146, 8635018147, 8635018188, 8635018187, 8486054911], 93.5]
[[8635018129, 3730447406, 3730447408, 3730447405, 3730453554, 2362306055, 3730449783, 3730449784, 3730453553, 3730453555, 2274887274, 3889198612, 3889198611, 3730447407, 8635018128, 8635018146, 8635018147, 8635018188, 1755866352], 93.5]
[[8635018129, 3730447406, 3730447408, 3730447405, 3730453554, 2362306055, 3730453553, 3730453555, 2274887274, 3889198612, 3889198611, 3730447407, 8635018128, 8635018146, 8635018147, 8635018188, 8635018187, 8486054911], 93.5]
[[8635018129, 3730447406, 3730447408, 3730447405, 3730453554, 3730453555, 2274887274, 3889198612, 3889198611, 3730447407, 8635018128, 8635018146, 8635018147, 8635018188, 8635018187, 8486054911], 93.5]
[[8776681906, 8776681993, 8776681971, 664958891, 8776681982, 664958799, 8635018153, 8776681973, 8635018124, 8635008713, 8486054572, 8486054678, 8486054573, 8610737910, 8776665397, 8486054549, 8776681974], 355.5]
[[8776681906, 8776681993, 8776681971, 664958891, 8776681982, 664958799, 8635018153, 8776681973, 8635018124, 8635008713, 8486054572, 8486054678, 8486054573, 8610737910, 8610737909], 355.5]
[[8776681906, 8776681993, 8776681971, 8776681997, 8776681972, 8776681973, 8635018124, 8635008713, 8486054572, 8486054678, 8486054573, 8610737910, 8776665397, 8486054549, 8776681974], 355.5]
[[8776681906, 8776681993, 8776681971, 8776681997, 8776681972, 8776681973, 8635018124, 8635008713, 8486054572, 8486054678, 8486054573, 8610737910, 8610737909], 355.5]
[[8776681930, 3807006870, 8776681981, 8776681929, 8776681970, 8776681935, 664958891, 8776681982, 664958799, 8635018153, 8776681973, 8635018124, 8635008713, 8486054572, 8486054678, 8486054573, 8610737910, 8776665397, 8486054549, 8776681974], 355.2]
[[8776681930, 3807006870, 8776681981, 8776681929, 8776681970, 8776681935, 664958891, 8776681982, 664958799, 8635018153, 8776681973, 8635018124, 8635008713, 8486054572, 8486054678, 8486054573, 8610737910, 8610737909], 355.2]
[[8776681931, 664958816, 8776681942, 6737646316, 8776682042, 3960223222, 8776682048, 8776682041, 5253301622, 5253301617, 8776681969, 664958868, 8776681967, 8776681992, 8776681935, 8776681987, 9645871553, 8776681907, 8486054609, 6737646323], 271.2]
[[8776681931, 664958816, 8776681942, 6737646316, 8776682042, 3960223222, 8776682048, 8776682041, 5253301622, 5253301617, 8776681969, 6737646318, 8776681976, 8776681970, 8776681935, 8776681987, 9645871553, 8776681907, 8486054609, 6737646323], 271.2]
[[8776681931, 664958816, 8776681942, 6737646316, 8776682042, 3960223222, 2240236696, 8776682036, 5253301599, 5253301572, 8776681968, 664958886, 664958868, 8776681967, 8776681992, 8776681935, 8776681987, 9645871553, 8776681907, 8486054609, 6737646323], 271.2]
[[8776681931, 664958816, 8776681942, 6737646316, 8776682042, 3960223222, 2240236696, 8776682036, 5253301599, 5253301572, 8776681968, 8776681969, 6737646318, 8776681976, 8776681970, 8776681935, 8776681987, 9645871553, 8776681907, 8486054609, 6737646323], 271.2]
[[8776681942, 6737646316, 8776682042, 3960223222, 2240236696, 8776682036, 5253301599, 5253301572, 8776681968, 664958886, 664958868, 8776681967, 8776681992, 8776681935, 8776681987, 9645871553, 8776681907, 8486054609, 6737646323], 274.4]
[[8776681942, 6737646316, 8776682042, 3960223222, 2240236696, 8776682036, 5253301599, 5253301572, 8776681968, 8776681969, 6737646318, 8776681976, 8776681970, 8776681935, 8776681987, 9645871553, 8776681907, 8486054609, 6737646323], 274.4]
[[8776681943, 664958815, 8776681931, 664958816, 8776681942, 6737646316, 8776682042, 3960223222, 8776682048, 8776682041, 5253301622, 5253301617, 8776681969, 664958868, 8776681967, 8776681992, 8776681935, 8776681987, 9645871553, 8776681907, 8486054609, 6737646323], 269.4]
[[8776681943, 664958815, 8776681931, 664958816, 8776681942, 6737646316, 8776682042, 3960223222, 8776682048, 8776682041, 5253301622, 5253301617, 8776681969, 6737646318, 8776681976, 8776681970, 8776681935, 8776681987, 9645871553, 8776681907, 8486054609, 6737646323], 269.4]
[[8776681959, 664958832, 664958831, 8776681949, 8776682061, 2240236693, 2274887224, 2240236696, 8776682036, 5253301599, 5253301572, 8776681968, 664958886, 664958868, 8776681967, 8776681992, 8776681935, 8776681987, 9645871553, 8776681907, 8486054609, 6737646323], 269.5]
[[8776681959, 664958832, 664958831, 8776681949, 8776682061, 2240236693, 2274887224, 2240236696, 8776682036, 5253301599, 5253301572, 8776681968, 8776681969, 6737646318, 8776681976, 8776681970, 8776681935, 8776681987, 9645871553, 8776681907, 8486054609, 6737646323], 269.5]
[[8776681966, 8776681974, 8486054549, 8776665397, 8610737910, 8486054573, 8486054678, 8486054572, 8635008713, 8635018124, 8776681973, 8776681972, 8776681997, 8776681971, 8776681993, 8776681906], 179.6]
[[8776681974, 8486054549, 8776665397, 8610737910, 8486054573, 8486054678, 8486054572, 8635008713, 8635018124, 8776681973, 8776681972, 8776681997, 8776681971, 8776681993, 8776681906], 179.6]
[[9221078631, 4987922378, 4987922379, 4987922389, 4923802722, 4923800013, 4987984458, 4987922395, 4987922396, 4987922407, 4987922405, 4987922403], 117.3]
[[9221078632, 9221078633, 4987922377, 4987922381, 4987922390, 4987922389, 4923802722, 4923800013, 4987984458, 4987922395, 4987922396, 4987922407, 4987922405, 4987922403], 123.1]
[[9221078633, 4987922377, 4987922381, 4987922390, 4987922389, 4923802722, 4923800013, 4987984458, 4987922395, 4987922396, 4987922407, 4987922405, 4987922403], 117.6]
[[9221078639, 4987922448, 4987922446, 4923807663, 4987922454, 4987922455, 4987922453, 4987922428, 4923802073, 4923799420, 4923807633, 4923799047, 4987984448, 4987984449, 4923800293, 4987984451], 105.4]
[[9221078639, 4987922448, 4987922446, 4923807663, 4987922454, 4987922455, 4987922453, 4987922428, 4923802073, 4923799420, 4923807633, 4923799047, 4923807632, 4923807089, 4987984449, 4923800293, 4923800287, 4923800291], 105.4]
[[9221078639, 4987922448, 4987922446, 4923807663, 4987922454, 4987922455, 4987922453, 4987922428, 4923802073, 4923799420, 4923807633, 4923799047, 4923807632, 4923807089, 4987984449, 4923800293, 4923800287, 4923800285, 4987922384], 105.4]
[[9810950341, 803689787, 1992846482, 2362296641, 2362283914, 2362284027, 2362296663, 2362283898, 2362283910], 128.3]
