[0, 102, 1059]
[1, 243, 415]
[2, 1089, 587]
[4, 22, 1185]
[6, 39, 1185]
[8, 39, 1185]
[10, 22, 1185]
[18, 243, 415]
[19, 243, 415]
[20, 222, 415]
[22, 222, 415]
[23, 202, 643]
[24, 222, 415]
[25, 202, 643]
[26, 207, 415]
[27, 202, 643]
[28, 222, 415]
[29, 549, 1206]
[31, 1102, 682]
[33, 380, 1752]
[39, 22, 1185]
[41, 39, 1185]
[44, 39, 1185]
[45, 697, 415]
[46, 39, 1185]
[47, 697, 415]
[48, 39, 1185]
[50, 39, 1185]
[57, 66, 1059]
[59, 66, 1059]
[64, 907, 690]
[65, 19, 690]
[66, 405, 1206]
[71, 298, 415]
[72, 298, 415]
[75, 955, 682]
[79, 1058, 682]
[80, 1045, 682]
[81, 222, 415]
[82, 222, 415]
[83, 222, 415]
[84, 222, 415]
[88, 452, 1059]
[89, 102, 1059]
[90, 1029, 1752]
[91, 392, 1752]
[92, 661, 1752]
[103, 222, 415]
[106, 222, 415]
[108, 222, 415]
[109, 661, 1775]
[112, 430, 682]
[114, 936, 1185]
[115, 430, 682]
[117, 452, 1059]
[120, 452, 1059]
[122, 241, 587]
[126, 955, 682]
[127, 549, 1206]
[128, 549, 1206]
[129, 549, 1206]
[131, 1102, 682]
[132, 1064, 682]
[133, 1102, 682]
[134, 1102, 682]
[137, 222, 415]
[138, 222, 415]
[147, 1102, 682]
[148, 1102, 682]
[149, 1102, 682]
[150, 1102, 682]
[152, 549, 1206]
[153, 549, 1206]
[154, 549, 1206]
