[(121.48938612244515, 31.08403475838199), (121.48502462244514, 31.082909658381983), (121.48701280000002, 31.0752024), (121.49137430000003, 31.076327500000005), (121.48938612244515, 31.08403475838199), 253.5, (121.48819946122256, 31.07961857919099), 878.0, 434.0, 2543.9159999999997, 0]
[(121.4877255, 31.086842900000008), (121.4856832410785, 31.092851788160893), (121.48261359999998, 31.0918085), (121.48465585892147, 31.085799611839114), (121.4877255, 31.086842900000008), 253.2, (121.48516955, 31.089325700000007), 696.0, 314.0, 1961.6140000000003, 1]
[(121.49033580000004, 31.079337400000014), (121.48904728643942, 31.084012953612973), (121.48516880000003, 31.082944100000002), (121.48645731356065, 31.078268546387044), (121.49033580000004, 31.079337400000014), 253.5, (121.48775230000004, 31.08114075000001), 534.0, 388.0, 1776.862, 2]
[(121.48361003885134, 31.098645080527657), (121.48578059935907, 31.092382418975312), (121.4887870317389, 31.093424411000306), (121.48661647123117, 31.09968707255265), (121.48361003885134, 31.098645080527657), 73.5, (121.48619853529513, 31.09603474576398), 726.0, 309.0, 2006.9070000000002, 3]
[(121.48991704231305, 31.07926168288193), (121.50005939999998, 31.0818358), (121.49888389046403, 31.086467461121543), (121.4887415327771, 31.083893344003474), (121.48991704231305, 31.07926168288193), 343.7, (121.49440046638853, 31.08286457200174), 1006.9999999999999, 527.0, 2937.057, 4]
[(121.48375650000001, 31.098222500000006), (121.48578327955067, 31.092382037486928), (121.48878730664372, 31.093424506412667), (121.48676052709305, 31.099264968925745), (121.48375650000001, 31.098222500000006), 73.5, (121.48627190332188, 31.09582350320634), 677.0, 309.0, 1910.4410000000003, 5]
[(121.48679679240898, 31.07846976753654), (121.50005939999998, 31.0818358), (121.49888389046403, 31.086467461121543), (121.48562128287303, 31.083101428658082), (121.48679679240898, 31.07846976753654), 343.7, (121.49284034143649, 31.082468614329045), 1317.0, 527.0, 3522.5469999999996, 6]
[(121.48908284267189, 31.093493796575444), (121.48704381012284, 31.099364298791997), (121.4837565, 31.098222500000006), (121.48579553254905, 31.092351997783453), (121.48908284267189, 31.093493796575444), 73.5, (121.48641967133595, 31.095858148287725), 338.0, 681.0, 1968.303, 7]
[(121.48633417844088, 31.078352356716383), (121.50005939999998, 31.0818358), (121.49888389046403, 31.086467461121543), (121.48515866890493, 31.082984017837926), (121.48633417844088, 31.078352356716383), 343.7, (121.49260903445243, 31.082409908918958), 1363.0, 527.0, 3656.0860000000002, 8]
[(121.48908284267189, 31.093493796575444), (121.48689706816185, 31.099786778073984), (121.48360975803901, 31.098644979281993), (121.48579553254905, 31.092351997783453), (121.48908284267189, 31.093493796575444), 73.5, (121.48634630035545, 31.09606938792872), 338.0, 730.0, 2063.849, 9]
[(121.48997196979073, 31.079246103732675), (121.50005939999997, 31.08183579999999), (121.49897923020923, 31.08604329626731), (121.48889179999999, 31.083453599999995), (121.48997196979073, 31.079246103732675), 343.7, (121.49447559999996, 31.08264469999999), 1002.9999999999999, 479.0, 2842.05, 10]
[(121.50064900101309, 31.096732096346123), (121.49670745968665, 31.10797487498506), (121.49157057892187, 31.10617396539913), (121.4955121202483, 31.094931186760192), (121.50064900101309, 31.096732096346123), 253.6, (121.49610978996748, 31.101453030872626), 1305.0, 528.0, 3546.042, 11]
[(121.48579620000001, 31.112467300000002), (121.48748835262819, 31.10742027264645), (121.49078690000002, 31.108526200000007), (121.48909474737184, 31.11357322735356), (121.48579620000001, 31.112467300000002), 72.1, (121.48829155000001, 31.110496750000003), 584.0, 337.0, 1793.2279999999998, 12]
[(121.49973109999999, 31.099350299999994), (121.49669660852517, 31.107977042514754), (121.4915657169831, 31.106172230719814), (121.49460020845792, 31.097545488205053), (121.49973109999999, 31.099350299999994), 253.6, (121.49564840849155, 31.102761265359906), 1002.0, 528.0, 2940.6380000000004, 13]
[(121.4857962, 31.1124673), (121.48759944417014, 31.1074016013471), (121.4906421, 31.108484699999998), (121.48883885582985, 31.113550398652897), (121.4857962, 31.1124673), 72.1, (121.48821914999999, 31.110475999999995), 589.0, 314.0, 1754.5819999999999, 14]
[(121.50064002121157, 31.09672832765792), (121.49674005561329, 31.10797858984092), (121.49146002824234, 31.10614823915489), (121.49535999384062, 31.094897976971893), (121.50064002121157, 31.09672832765792), 253.6, (121.49605002472694, 31.101438283406402), 1305.0, 542.0, 3574.1459999999997, 15]
[(121.4997311, 31.099350299999998), (121.49672046967031, 31.10798283322841), (121.49145544660631, 31.106146635474676), (121.494466076936, 31.097514102246265), (121.4997311, 31.099350299999998), 253.6, (121.49559327330314, 31.102748467737335), 1002.0, 541.0, 2966.7619999999997, 16]
[(121.4875658127104, 31.107111968091353), (121.4943962, 31.109111399999996), (121.4935443872896, 31.11202133190865), (121.486714, 31.110021900000007), (121.4875658127104, 31.107111968091353), 162.0, (121.4905551, 31.109566649999998), 334.0, 687.0, 2003.821, 17]
[(121.4905442893551, 31.08762054304198), (121.49500878935511, 31.08874024304198), (121.4935367, 31.0946098), (121.4890722, 31.0934901), (121.4905442893551, 31.08762054304198), 253.5, (121.49204049467755, 31.091115171520993), 443.0, 668.0, 2114.709, 18]
[(121.4902564562438, 31.087536534029816), (121.4950061562438, 31.088721934029817), (121.49353670000004, 31.094609800000008), (121.48878700000003, 31.093424400000007), (121.4902564562438, 31.087536534029816), 253.5, (121.49189657812194, 31.091073167014915), 471.0, 669.0, 2175.744, 19]
[(121.483618, 31.109186300000008), (121.48525291494758, 31.104398697125923), (121.48829870000002, 31.1054388), (121.48666378505244, 31.110226402874087), (121.483618, 31.109186300000008), 253.0, (121.48595834999999, 31.107312550000003), 312.0, 555.0, 1674.638, 20]
[(121.49537350000003, 31.095364500000002), (121.49341910056236, 31.10097744343466), (121.49022680000002, 31.099865900000008), (121.4921811994377, 31.09425295656535), (121.49537350000003, 31.095364500000002), 72.1, (121.49280015000002, 31.097615200000007), 328.0, 651.0, 1896.468, 21]
[(121.483618, 31.1091863), (121.48529379896095, 31.104281548340822), (121.4883393, 31.105322100000002), (121.48666350103906, 31.11022685165918), (121.483618, 31.1091863), 253.0, (121.48597865000002, 31.1072542), 312.0, 568.0, 1701.705, 22]
[(121.49006371731264, 31.100280128444425), (121.49219277343857, 31.094242817592594), (121.49537349999999, 31.095364499999995), (121.49324444387406, 31.101401810851826), (121.49006371731264, 31.100280128444425), 72.1, (121.49271860865632, 31.09782231422221), 701.0, 328.0, 1993.896, 23]
[(121.4833411, 31.109109000000004), (121.48498129299793, 31.10430594114819), (121.48829870000002, 31.1054388), (121.48665850700209, 31.110241858851815), (121.4833411, 31.109109000000004), 253.0, (121.48581990000001, 31.1072739), 340.0, 556.0, 1728.9349999999997, 24]
[(121.49007968431809, 31.100285760091992), (121.49215322197504, 31.09427516748398), (121.49521709440646, 31.0953321439382), (121.4931435567495, 31.101342736546215), (121.49007968431809, 31.100285760091992), 72.1, (121.49264838936227, 31.097808952015097), 697.0, 315.0, 1964.659, 25]
[(121.4892099, 31.1028268), (121.48667097911661, 31.110248181397093), (121.48334109999999, 31.109108999999993), (121.48588002088339, 31.1016876186029), (121.4892099, 31.1028268), 253.0, (121.4862755, 31.1059679), 860.0, 341.0, 2341.893, 26]
[(121.4902268, 31.099865899999998), (121.49215525243528, 31.0942758679533), (121.49521709440646, 31.0953321439382), (121.49328864197118, 31.1009221759849), (121.4902268, 31.099865899999998), 72.1, (121.49272194720324, 31.0975990219691), 648.0, 314.0, 1868.462, 27]
[(121.48334110000002, 31.109109000000004), (121.48502219438421, 31.104188749622537), (121.4883393, 31.105322100000002), (121.48665820561581, 31.11024235037747), (121.48334110000002, 31.109109000000004), 253.0, (121.4858402, 31.107215550000006), 340.0, 570.0, 1754.321, 28]
[(121.48540551617685, 31.092760877660712), (121.49211720000002, 31.094473000000015), (121.49141494964213, 31.09722588877363), (121.48470326581896, 31.095513766434326), (121.48540551617685, 31.092760877660712), 343.0, (121.48841023290949, 31.094993383217176), 667.0, 313.0, 1907.1820000000002, 29]
[(121.50048884465342, 31.078681004722412), (121.5039095434075, 31.079533395351184), (121.50259830000002, 31.084795500000002), (121.49917760124593, 31.08394310937123), (121.50048884465342, 31.078681004722412), 253.6, (121.5015435723267, 31.081738252361202), 339.0, 598.0, 1789.6460000000002, 30]
[(121.4934806154683, 31.101182666506812), (121.48361499999999, 31.098646799999997), (121.48444252083458, 31.095427386705108), (121.49430813630289, 31.097963253211923), (121.4934806154683, 31.101182666506812), 165.0, (121.48896156815144, 31.098305026605967), 981.0, 367.0, 2635.5300000000007, 31]
[(121.50062260119941, 31.078715367347893), (121.50390930119941, 31.079534367347893), (121.50259830000002, 31.084795500000002), (121.49931160000001, 31.083976500000002), (121.50062260119941, 31.078715367347893), 253.6, (121.5016104505997, 31.081755433673944), 326.0, 598.0, 1763.592, 32]
[(121.49035820710539, 31.10038007990555), (121.48361499999999, 31.098646799999997), (121.48444252083458, 31.095427386705108), (121.49118572793998, 31.09716066661066), (121.49035820710539, 31.10038007990555), 165.0, (121.48740036396998, 31.097903733305326), 670.0, 367.0, 2013.961, 33]
[(121.50034068205476, 31.079846727119254), (121.50362738205476, 31.080665727119253), (121.50259830000002, 31.084795500000002), (121.49931160000001, 31.083976500000002), (121.50034068205476, 31.079846727119254), 253.6, (121.50146949102738, 31.08232111355963), 326.0, 470.0, 1524.6970000000001, 34]
[(121.48133361659916, 31.105225063179745), (121.48370609667059, 31.098372101448646), (121.48671296579035, 31.09941307283357), (121.48434048571892, 31.10626603456467), (121.48133361659916, 31.105225063179745), 73.9, (121.48402329119475, 31.10231906800666), 795.0, 309.0, 2154.131, 35]
[(121.50031292817641, 31.079958105229096), (121.50359962817642, 31.080777105229096), (121.50259830000002, 31.084795500000002), (121.49931160000001, 31.083976500000002), (121.50031292817641, 31.079958105229096), 253.6, (121.50145561408821, 31.08237680261455), 326.0, 457.0, 1502.503, 36]
[(121.48183520000003, 31.10377810000001), (121.48370909726994, 31.098371876837213), (121.48671308601976, 31.099413115082022), (121.48483918874986, 31.10481933824482), (121.48183520000003, 31.10377810000001), 73.9, (121.4842741430099, 31.101595607541014), 627.0, 309.0, 1809.112, 37]
[(121.48187150000001, 31.1036735), (121.48370955495102, 31.09837181349542), (121.48671310714083, 31.09941312251442), (121.48487505218982, 31.104714809019), (121.48187150000001, 31.1036735), 73.9, (121.48429230357041, 31.101543311257206), 615.0, 309.0, 1785.1329999999998, 38]
[(121.49002611762722, 31.07883191189619), (121.50019869999998, 31.081413699999995), (121.49891411514986, 31.086475132107278), (121.4887415327771, 31.083893344003474), (121.49002611762722, 31.07883191189619), 344.2, (121.49447011638856, 31.082653522001735), 1010.0, 576.0, 3033.4139999999998, 39]
[(121.48699870969972, 31.099483723714478), (121.4846124667759, 31.106362491416988), (121.48133306931784, 31.105224869197848), (121.48371931224166, 31.098346101495338), (121.48699870969972, 31.099483723714478), 73.9, (121.48416588950877, 31.102354296456166), 337.0, 798.0, 2211.0229999999997, 40]
[(121.48690586772315, 31.0780399965508), (121.50019869999998, 31.081413699999995), (121.49891411514986, 31.086475132107278), (121.48562128287303, 31.083101428658082), (121.48690586772315, 31.0780399965508), 344.2, (121.4929099914365, 31.08225756432904), 1320.0, 576.0, 3614.6830000000004, 41]
[(121.48699868677771, 31.09948371569134), (121.48511463625235, 31.10491557795722), (121.48183519999999, 31.103778099999992), (121.48371925052535, 31.09834623773411), (121.48699868677771, 31.09948371569134), 73.9, (121.48441694338885, 31.101630907845664), 337.0, 630.0, 1864.8449999999998, 42]
[(121.48699868494633, 31.09948371505041), (121.48515093935136, 31.104810966431078), (121.48187150000001, 31.103673500000003), (121.48371924559498, 31.098346248619336), (121.48699868494633, 31.09948371505041), 73.9, (121.48443509247318, 31.101578607525205), 337.0, 618.0, 1839.185, 43]
[(121.48644325375506, 31.077922585730644), (121.50019869999998, 31.081413699999995), (121.49891411514986, 31.086475132107278), (121.48515866890493, 31.082984017837926), (121.48644325375506, 31.077922585730644), 344.2, (121.49267868445249, 31.082198858918957), 1366.0, 576.0, 3760.3920000000003, 44]
[(121.48001956071428, 31.097706635725416), (121.48221578774071, 31.09140224345154), (121.48571418844944, 31.092620962378284), (121.483517961423, 31.09892535465216), (121.48001956071428, 31.097706635725416), 253.0, (121.48286687458187, 31.09516379905185), 360.0, 732.0, 2106.222, 45]
[(121.4869603871736, 31.07801675847147), (121.50019870000003, 31.081413700000006), (121.49900881282645, 31.08605084152854), (121.48577050000002, 31.082653900000004), (121.4869603871736, 31.07801675847147), 344.2, (121.49298460000001, 31.08203380000001), 1316.0, 528.0, 3519.322, 46]
[(121.48001956071428, 31.097706635725416), (121.48213325499454, 31.091639158306478), (121.48563165570326, 31.09285787723322), (121.483517961423, 31.09892535465216), (121.48001956071428, 31.097706635725416), 253.0, (121.48282560820877, 31.09528225647931), 360.0, 704.0, 2053.891, 47]
[(121.48650027491655, 31.077901505060414), (121.50019870000003, 31.081413700000006), (121.4990097250835, 31.086050994939594), (121.48531130000002, 31.082538800000002), (121.48650027491655, 31.077901505060414), 344.2, (121.49275500000003, 31.081976250000007), 1362.0, 528.0, 3665.259, 48]
[(121.49245551226284, 31.103682875192987), (121.49451054314319, 31.097731121731933), (121.4979665, 31.098924399999994), (121.49591146911965, 31.10487615346105), (121.49245551226284, 31.103682875192987), 254.7, (121.49521100613141, 31.101303637596487), 355.0, 690.0, 2018.446, 49]
[(121.49008224631675, 31.078816552679168), (121.50019869999997, 31.08141369999999), (121.49900825368321, 31.08605074732082), (121.48889179999999, 31.083453599999995), (121.49008224631675, 31.078816552679168), 344.2, (121.49454524999999, 31.082433649999995), 1006.0, 528.0, 2938.407, 50]
[(121.4923322, 31.1036484), (121.49438973044528, 31.09768940733187), (121.4979665, 31.098924399999994), (121.49590896955473, 31.104883392668125), (121.4923322, 31.1036484), 254.7, (121.49514935, 31.101286400000003), 367.0, 691.0, 2044.7589999999998, 51]
[(121.49007884235448, 31.111061414139773), (121.48361586107191, 31.109193701487808), (121.48446091871746, 31.10626948734804), (121.49092390000003, 31.108137200000005), (121.49007884235448, 31.111061414139773), 163.10000000000002, (121.48726988053598, 31.108665450743906), 649.0, 335.0, 1929.93, 52]
[(121.48771143249965, 31.086837994823846), (121.48964605343133, 31.081289716891682), (121.49293490000002, 31.082436500000007), (121.49100027906834, 31.08798477793217), (121.48771143249965, 31.086837994823846), 73.4, (121.49032316624982, 31.08463724741192), 644.0, 338.0, 1900.973, 53]
[(121.48993252352196, 31.111020946201865), (121.48361590763699, 31.10919353243622), (121.48446178411503, 31.106269686234352), (121.4907784, 31.1080971), (121.48993252352196, 31.111020946201865), 163.10000000000002, (121.48719715381851, 31.108645316218112), 635.0, 335.0, 1892.62, 54]
[(121.48771651273914, 31.086839784624836), (121.48962912862872, 31.081322253977916), (121.49261850000003, 31.082358500000005), (121.49070588411045, 31.087876030646925), (121.48771651273914, 31.086839784624836), 73.4, (121.49016750636956, 31.084599142312417), 640.0, 307.0, 1837.157, 55]
[(121.48500382617345, 31.104313646869212), (121.49508069999999, 31.1071796), (121.49369207149749, 31.112062106298243), (121.48361519767096, 31.109196153167456), (121.48500382617345, 31.104313646869212), 163.10000000000002, (121.48934794883544, 31.108187876583724), 559.0, 1010.9999999999999, 3046.9129999999996, 56]
[(121.4864153, 31.080773900000004), (121.48836320017364, 31.07526315682696), (121.4914016093996, 31.076337153141612), (121.48945370922597, 31.081847896314656), (121.4864153, 31.080773900000004), 253.3, (121.4889084546998, 31.07855552657081), 313.0, 640.0, 1766.4619999999998, 57]
[(121.485035747419, 31.104201409735843), (121.49512330000002, 31.107070399999998), (121.49370275025197, 31.11206514343161), (121.48361519767096, 31.109196153167456), (121.485035747419, 31.104201409735843), 163.10000000000002, (121.48936924883547, 31.10813327658372), 572.0, 1012.0, 3073.68, 58]
[(121.48998945932073, 31.08169589625169), (121.48562795932071, 31.080570796251685), (121.48701280000002, 31.0752024), (121.49137430000003, 31.076327500000005), (121.48998945932073, 31.08169589625169), 253.3, (121.48850112966035, 31.07844914812584), 611.0, 434.0, 2010.572, 59]
[(121.48227911922778, 31.103787351625133), (121.47921989491618, 31.102992347657903), (121.4805571, 31.0978467), (121.4836163243116, 31.098641703967232), (121.48227911922778, 31.103787351625133), 73.1, (121.48141810961388, 31.10081702581257), 304.0, 586.0, 1698.5980000000002, 60]
[(121.49508070000003, 31.10717960000001), (121.49340794224192, 31.11213205047119), (121.48996130000002, 31.1109679), (121.49163405775813, 31.10601544952882), (121.49508070000003, 31.10717960000001), 251.0, (121.49252100000004, 31.109073750000007), 573.0, 353.0, 1797.6200000000001, 61]
[(121.52603157331264, 31.08246433346955), (121.51828240000003, 31.080210900000008), (121.51916942668743, 31.077160566530463), (121.52691860000003, 31.079414000000003), (121.52603157331264, 31.08246433346955), 341.4, (121.52260050000004, 31.07981245000001), 350.0, 779.0, 2195.4230000000002, 62]
[(121.4960101, 31.1045905), (121.49335445971765, 31.112158562889803), (121.48991676833091, 31.11095227379603), (121.49257240861327, 31.103384210906228), (121.4960101, 31.1045905), 251.0, (121.49296343416546, 31.107771386898015), 879.0, 354.0, 2400.255, 63]
[(121.49725173957748, 31.101686535408685), (121.49022612453484, 31.099868510281972), (121.49094144565463, 31.097104208102873), (121.49796706069726, 31.098922233229587), (121.49725173957748, 31.101686535408685), 162.89999999999998, (121.49409659261605, 31.099395371755776), 699.0, 315.0, 1977.1940000000002, 64]
[(121.49677937888022, 31.1015643021791), (121.49022612453484, 31.099868510281972), (121.49094144565463, 31.097104208102873), (121.4974947, 31.0988), (121.49677937888022, 31.1015643021791), 162.89999999999998, (121.49386041226742, 31.099334255140985), 652.0, 315.0, 1882.9180000000001, 65]
[(121.48945035174214, 31.102894685447794), (121.48274156777683, 31.101174846353263), (121.48351801603467, 31.098146060905464), (121.49022679999997, 31.099865899999994), (121.48945035174214, 31.102894685447794), 342.9, (121.4864841838884, 31.100520373176625), 345.0, 667.0, 1970.3490000000002, 66]
[(121.49336669999997, 31.1006812), (121.49135711956447, 31.106495815705234), (121.48829869999997, 31.10543879999999), (121.49030828043547, 31.099624184294758), (121.49336669999997, 31.1006812), 73.1, (121.49083269999998, 31.103059999999996), 314.0, 674.0, 1914.6250000000002, 67]
[(121.49336670000002, 31.10068120000001), (121.491397796102, 31.106378982245985), (121.4883393, 31.105322100000002), (121.49030820389802, 31.099624317754028), (121.49336670000002, 31.10068120000001), 73.1, (121.490853, 31.103001650000007), 314.0, 661.0, 1890.9160000000002, 68]
[(121.49349574970962, 31.10070749051458), (121.49152119563693, 31.106421623718553), (121.4883393, 31.105322100000002), (121.4903138540727, 31.09960796679603), (121.49349574970962, 31.10070749051458), 73.1, (121.49091752485482, 31.10301479525729), 327.0, 663.0, 1916.384, 69]
[(121.49349588875282, 31.100707538885395), (121.49148065548472, 31.106538510765578), (121.48829869999997, 31.10543879999999), (121.49031393326807, 31.099607828119808), (121.49349588875282, 31.100707538885395), 73.1, (121.49089729437641, 31.103073169442695), 327.0, 676.0, 1939.717, 70]
[(121.48713221789201, 31.099077455384194), (121.48909017070665, 31.093424551212465), (121.49211720000001, 31.094473000000008), (121.49015924718537, 31.100125904171737), (121.48713221789201, 31.099077455384194), 253.4, (121.489624708946, 31.0967752276921), 311.0, 656.0, 1863.225, 71]
[(121.48684477702196, 31.098998228960344), (121.4888090178136, 31.093327170453556), (121.49211720000001, 31.094473000000008), (121.49015295920837, 31.100144058506796), (121.48684477702196, 31.098998228960344), 253.4, (121.489480988511, 31.096735614480178), 340.0, 658.0, 1917.594, 72]
[(121.49655171277348, 31.101502449874133), (121.49494341798183, 31.106178903828322), (121.49195370000001, 31.105150700000003), (121.49356199479166, 31.100474246045813), (121.49655171277348, 31.101502449874133), 253.4, (121.49425270638675, 31.103326574937068), 542.0, 307.0, 1635.9249999999997, 73]
[(121.4964132681897, 31.101905006497837), (121.49494341798183, 31.106178903828322), (121.49195370000001, 31.105150700000003), (121.49342355020788, 31.100876802669518), (121.4964132681897, 31.101905006497837), 253.4, (121.49418348409485, 31.10352785324892), 495.0, 307.0, 1540.7359999999999, 74]
[(121.53168399438995, 31.10438300468961), (121.52680325551414, 31.101596001645653), (121.5286424, 31.0983752), (121.53352313887581, 31.101162203043955), (121.53168399438995, 31.10438300468961), 156.89999999999998, (121.530163197195, 31.101379102344808), 559.0, 399.0, 1786.0189999999998, 75]
[(121.49090716165976, 31.108131335529038), (121.4925564022113, 31.10342408237028), (121.49551803213964, 31.10446172364678), (121.4938687915881, 31.109168976805535), (121.49090716165976, 31.108131335529038), 251.8, (121.49321259689972, 31.106296529587908), 305.0, 546.0, 1644.585, 76]
[(121.49641655009297, 31.10190620537566), (121.49387980753019, 31.109178884612064), (121.49077607332738, 31.10809628844634), (121.49331281589016, 31.100823609209936), (121.49641655009297, 31.10190620537566), 251.8, (121.49359631171018, 31.105001246911), 844.0, 319.0, 2266.375, 77]
[(121.49551651132428, 31.104461179540387), (121.49387526257576, 31.10917529260179), (121.4907784, 31.108097099999995), (121.49241964874852, 31.10338298693859), (121.49551651132428, 31.104461179540387), 251.8, (121.49314745566215, 31.10627913977019), 547.0, 318.0, 1672.692, 78]
[(121.49532057858416, 31.107255551355667), (121.48829870000003, 31.10543880000001), (121.48898926485495, 31.10276971567504), (121.49601114343908, 31.1045864670307), (121.49532057858416, 31.107255551355667), 163.4, (121.49215492171955, 31.10501263351535), 698.0, 304.0, 1954.917, 79]
[(121.49481993096754, 31.10712832815641), (121.48829870000003, 31.105438800000005), (121.4889901690325, 31.1027698718436), (121.49551140000001, 31.104459400000003), (121.49481993096754, 31.10712832815641), 163.4, (121.49190504999999, 31.104949100000002), 649.0, 304.0, 1858.612, 80]
[(121.48488946329702, 31.104572803288434), (121.48689858826157, 31.09872284940159), (121.49022680000004, 31.099865900000005), (121.4882176750355, 31.10571585388685), (121.48488946329702, 31.104572803288434), 252.8, (121.48755813164853, 31.10221935164422), 341.0, 678.0, 1964.627, 81]
[(121.48489203734823, 31.104573719000086), (121.48675021604927, 31.09914593180688), (121.4900798, 31.10028580000001), (121.48822162129896, 31.105713587193215), (121.48489203734823, 31.104573719000086), 252.8, (121.48748591867412, 31.102429759500048), 341.0, 629.0, 1867.8470000000002, 82]
[(121.49023910428859, 31.099870183147672), (121.48820799167456, 31.105705003163564), (121.48518756269638, 31.104653585745254), (121.48721867531042, 31.098818765729362), (121.49023910428859, 31.099870183147672), 252.8, (121.4877133334925, 31.102261884446463), 677.0, 310.0, 1908.7760000000003, 83]
[(121.4900928463344, 31.10029034145532), (121.48820799167456, 31.105705003163564), (121.48518756269638, 31.104653585745254), (121.48707241735623, 31.09923892403701), (121.4900928463344, 31.10029034145532), 252.8, (121.4876402045154, 31.10247196360029), 628.0, 310.0, 1812.9160000000002, 84]
[(121.49143313783195, 31.10623708677656), (121.48975233336698, 31.111077042721764), (121.48670753416671, 31.110019654566035), (121.48838833863168, 31.10517969862083), (121.49143313783195, 31.10623708677656), 73.4, (121.48907033599933, 31.108128370671295), 313.0, 561.0, 1690.691, 85]
[(121.48671399999999, 31.110021899999992), (121.48836311332454, 31.105177185260413), (121.49156179999999, 31.106265999999994), (121.48991268667544, 31.111110714739574), (121.48671399999999, 31.110021899999992), 73.4, (121.4891379, 31.10814395), 561.0, 328.0, 1726.9069999999997, 86]
[(121.48579620000002, 31.1124673), (121.48826594503187, 31.10515310614052), (121.49156180000001, 31.106266000000005), (121.48909205496817, 31.113580193859484), (121.48579620000002, 31.1124673), 73.4, (121.488679, 31.10936665), 847.0, 337.0, 2306.5809999999997, 87]
[(121.48576393268532, 31.08265162184889), (121.48728118568647, 31.07827777771147), (121.4903358947814, 31.079337432878944), (121.48881864178024, 31.083711277016363), (121.48576393268532, 31.08265162184889), 253.3, (121.48804991373336, 31.08099452736392), 314.0, 507.0, 1536.741, 88]
[(121.48949370729628, 31.083617700939822), (121.48513220729626, 31.082492600939815), (121.48701280000002, 31.0752024), (121.49137430000003, 31.076327500000005), (121.48949370729628, 31.083617700939822), 253.3, (121.48825325364814, 31.079410050469907), 830.0, 434.0, 2449.732, 89]
[(121.49648396441428, 31.083246926525774), (121.48645866565802, 31.080662394301044), (121.48781290124374, 31.075409367775265), (121.4978382, 31.077993899999996), (121.49648396441428, 31.083246926525774), 155.6, (121.49214843282903, 31.079328147150516), 997.0, 598.0, 3024.6499999999996, 90]
[(121.48781376309846, 31.07540787620111), (121.5011043, 31.0788354), (121.49974933797253, 31.08408938914283), (121.486458801071, 31.080661865343938), (121.48781376309846, 31.07540787620111), 155.6, (121.49378155053549, 31.07974863267197), 598.0, 1322.0, 3675.4129999999996, 91]
[(121.49961834315157, 31.084054682310768), (121.48645860370065, 31.08066263644736), (121.48781266054907, 31.075409454136587), (121.50097239999998, 31.078801499999994), (121.49961834315157, 31.084054682310768), 155.6, (121.49371550185032, 31.07973206822368), 1309.0, 598.0, 3648.5649999999996, 92]
[(121.48457810000001, 31.086028400000007), (121.4865264773166, 31.080401125993305), (121.48958990000003, 31.081461800000007), (121.48764152268342, 31.08708907400671), (121.48457810000001, 31.086028400000007), 73.3, (121.48708400000004, 31.08374510000001), 653.0, 315.0, 1872.8629999999998, 93]
[(121.47943865155429, 31.11064794057947), (121.48114378774, 31.105757386285998), (121.48414589999997, 31.106804099999994), (121.48244076381427, 31.111694654293466), (121.47943865155429, 31.11064794057947), 71.30000000000001, (121.48179227577714, 31.10872602028973), 568.0, 309.0, 1708.7040000000002, 94]
[(121.47944696758766, 31.11065084399575), (121.48113940435704, 31.10574277736451), (121.48443009999998, 31.106877499999996), (121.48273766323061, 31.111785566631234), (121.47944696758766, 31.11065084399575), 71.30000000000001, (121.48193853379382, 31.10876417199787), 569.0, 338.0, 1766.781, 95]
[(121.49512330000002, 31.107070400000005), (121.49341307310074, 31.1121337834888), (121.48996130000002, 31.1109679), (121.4916715268993, 31.105904516511202), (121.49512330000002, 31.107070400000005), 251.0, (121.49254230000003, 31.10901915), 586.0, 353.0, 1820.653, 96]
[(121.49601010000002, 31.1045905), (121.49334399515205, 31.11215943145896), (121.48977396427632, 31.110901912260008), (121.4924400691243, 31.10333298080105), (121.49601010000002, 31.1045905), 251.0, (121.49289203213819, 31.107746206130006), 879.0, 368.0, 2430.074, 97]
[(121.50259149771244, 31.084821891107204), (121.48958773943399, 31.08147018243438), (121.49094198272107, 31.07621607055459), (121.50394574099953, 31.079567779227414), (121.50259149771244, 31.084821891107204), 351.3, (121.49676674021676, 31.080518980830902), 598.0, 1293.0, 3697.4480000000003, 98]
[(121.4897739444777, 31.110901985611427), (121.49156266400065, 31.105817716641916), (121.49512329999999, 31.107070399999998), (121.49333458047704, 31.11215466896951), (121.4897739444777, 31.110901985611427), 251.0, (121.49244862223884, 31.108986192805713), 366.0, 590.0, 1849.273, 99]
[(121.52493541112479, 31.08527745236646), (121.5171376, 31.0831629), (121.51796168501599, 31.080123930898345), (121.52575949614078, 31.082238483264803), (121.52493541112479, 31.08527745236646), 340.5, (121.5214485480704, 31.082700691632407), 347.0, 779.0, 2150.688, 100]
[(121.489773904389, 31.110902134821515), (121.4915189683403, 31.10592963519539), (121.49508069999999, 31.10717959999999), (121.49333563604868, 31.112152099626115), (121.489773904389, 31.110902134821515), 251.0, (121.49242730219447, 31.10904086741075), 366.0, 577.0, 1825.864, 101]
[(121.50067047032611, 31.07872158712384), (121.50396231585933, 31.07957815520043), (121.5025721455332, 31.084920668076585), (121.49928029999998, 31.084064099999996), (121.50067047032611, 31.07872158712384), 253.3, (121.50162130792964, 31.081821127600207), 328.0, 609.0, 1789.129, 102]
[(121.48769547040959, 31.107212968800198), (121.48583347080817, 31.112647232740056), (121.48278470000001, 31.11160260000001), (121.48464669960143, 31.10616833606015), (121.48769547040959, 31.107212968800198), 251.4, (121.48524008520478, 31.109407784400105), 630.0, 313.0, 1835.9099999999999, 103]
[(121.50257291492193, 31.084917717700286), (121.4992792047726, 31.084068347099574), (121.5003669584174, 31.079850229334692), (121.50366066856672, 31.080699599935404), (121.50257291492193, 31.084917717700286), 253.3, (121.50146993666966, 31.08238397351749), 480.0, 328.0, 1550.234, 104]
[(121.5003395720408, 31.079948029332126), (121.50363369880355, 31.080795773858465), (121.50257308683916, 31.084917051139765), (121.49927896007641, 31.084069306613426), (121.5003395720408, 31.079948029332126), 253.3, (121.50145632943997, 31.082432540235946), 328.0, 469.0, 1528.04, 105]
[(121.48832404596395, 31.105447632892105), (121.48580744443659, 31.112669015294088), (121.48250190821966, 31.11151705891936), (121.48501850974702, 31.104295676517378), (121.48832404596395, 31.105447632892105), 251.4, (121.4854129770918, 31.10848234590573), 838.0, 340.0, 2288.035, 106]
[(121.5005176867263, 31.078684844281767), (121.5039462867263, 31.079564444281765), (121.50257310000002, 31.084917), (121.49914450000001, 31.084037400000003), (121.5005176867263, 31.078684844281767), 253.3, (121.50154539336316, 31.081800922140882), 341.0, 609.0, 1816.3760000000002, 107]
[(121.48836470761474, 31.105330954376967), (121.48580744443659, 31.112669015294088), (121.48250190821966, 31.11151705891936), (121.48505917139781, 31.10417899800224), (121.48836470761474, 31.105330954376967), 251.4, (121.48543330791722, 31.108424006648164), 852.0, 340.0, 2313.421, 108]
[(121.49648358555669, 31.083247076856416), (121.4856581855567, 31.08045557685642), (121.48701280000002, 31.075202400000002), (121.4978382, 31.0779939), (121.49648358555669, 31.083247076856416), 171.0, (121.49174819277833, 31.07922473842821), 1077.0, 598.0, 3270.361, 109]
[(121.54550217041975, 31.128891986863096), (121.53852225011546, 31.12781277359567), (121.53895297969572, 31.125026986732575), (121.54593290000001, 31.1261062), (121.54550217041975, 31.128891986863096), 348.2, (121.54222757505774, 31.126959486797833), 312.0, 675.0, 1927.9220000000003, 110]
[(121.49077195431832, 31.108520977984384), (121.49255231370564, 31.10342549634971), (121.4955173692446, 31.104461485651836), (121.49373700985727, 31.109556967286508), (121.49077195431832, 31.108520977984384), 252.2, (121.49314466178149, 31.106491231818115), 305.0, 591.0, 1736.3519999999999, 111]
[(121.49974972573796, 31.084089455384877), (121.48565822573798, 31.08045645538488), (121.4870128, 31.075202399999995), (121.50110429999998, 31.078835399999992), (121.49974972573796, 31.084089455384877), 171.0, (121.49338126286898, 31.079645927692432), 1401.0, 598.0, 3921.123999999999, 112]
[(121.49551672317075, 31.10446125492927), (121.49373869182776, 31.109563748385543), (121.49064209999997, 31.1084847), (121.49242013134297, 31.103382206543728), (121.49551672317075, 31.10446125492927), 252.2, (121.49307941158536, 31.10647297746463), 592.0, 318.0, 1764.2749999999999, 113]
[(121.50865084526521, 31.127456267992166), (121.50247712443196, 31.1256480317506), (121.50334067916675, 31.122699663758432), (121.5095144, 31.124507899999998), (121.50865084526521, 31.127456267992166), 340.4, (121.50599576221597, 31.1250779658753), 338.0, 621.0, 1760.49, 114]
[(121.49961792525339, 31.084055014954547), (121.48565832525338, 31.080455914954545), (121.4870128, 31.075202400000002), (121.50097240000001, 31.078801500000004), (121.49961792525339, 31.084055014954547), 171.0, (121.49331536262672, 31.079628707477283), 1388.0, 598.0, 3894.275999999999, 115]
[(121.5274566916998, 31.112361511155648), (121.52203399999999, 31.110233099999988), (121.52326535873233, 31.10709588717358), (121.52868805043215, 31.109224298329238), (121.5274566916998, 31.112361511155648), 159.8, (121.52536102521607, 31.10972869916461), 568.0, 368.0, 1796.8009999999997, 116]
[(121.50097240000001, 31.07880150000001), (121.49911007633034, 31.084181041126122), (121.49605380000001, 31.083123000000008), (121.49791612366968, 31.077743458873897), (121.50097240000001, 31.07880150000001), 253.0, (121.4985131, 31.08096225000001), 624.0, 314.0, 1814.1369999999997, 117]
[(121.48292576905375, 31.111423640840496), (121.4891425, 31.1134308), (121.48819840766515, 31.116354916907405), (121.4819816767189, 31.1143477577479), (121.48292576905375, 31.111423640840496), 164.2, (121.48556208835944, 31.11388927887395), 337.0, 633.0, 1897.638, 118]
[(121.48292280934167, 31.11143189032795), (121.4889056, 31.1133629), (121.4879643831058, 31.11627904471099), (121.48198159244748, 31.11434803503894), (121.48292280934167, 31.11143189032795), 164.2, (121.48544359622373, 31.113855467519475), 336.0, 609.0, 1850.923, 119]
[(121.48562130515845, 31.08306277975843), (121.48728118568647, 31.07827777771147), (121.4903358947814, 31.079337432878944), (121.48867601425337, 31.084122434925902), (121.48562130515845, 31.08306277975843), 253.5, (121.48797859996992, 31.08120010631868), 314.0, 555.0, 1631.153, 120]
[(121.50064002121157, 31.09672832765792), (121.4967096755603, 31.108066227424544), (121.49142964818935, 31.106235876738516), (121.49535999384062, 31.094897976971893), (121.50064002121157, 31.09672832765792), 252.9, (121.49603483470047, 31.10148210219822), 1315.0, 542.0, 3597.291, 121]
[(121.49019169999997, 31.079752999999993), (121.48869493882354, 31.084117005911402), (121.48562930930566, 31.083065560212923), (121.48712607048209, 31.078701554301514), (121.49019169999997, 31.079752999999993), 253.5, (121.48791050465282, 31.081409280106456), 506.0, 314.0, 1538.96, 122]
[(121.4997311, 31.099350299999998), (121.49668992577405, 31.10807041329322), (121.49142490271005, 31.106234215539487), (121.494466076936, 31.097514102246265), (121.4997311, 31.099350299999998), 252.9, (121.49557800135504, 31.102792257769742), 1012.0, 541.0, 2989.907, 123]
[(121.50064900101309, 31.096732096346123), (121.49667776459573, 31.108059576706104), (121.49154088383095, 31.106258667120173), (121.4955121202483, 31.094931186760192), (121.50064900101309, 31.096732096346123), 252.9, (121.49609494242202, 31.101495381733145), 1315.0, 528.0, 3568.897, 124]
[(121.49973109999999, 31.099350299999994), (121.4966668252609, 31.108061713226217), (121.49153593371884, 31.106256901431276), (121.49460020845792, 31.097545488205053), (121.49973109999999, 31.099350299999994), 252.9, (121.49563351685941, 31.10280360071563), 1012.0, 528.0, 2963.493, 125]
[(121.5295538000768, 31.102584498711334), (121.53103348000495, 31.099745888843433), (121.53590881004769, 31.102287248291578), (121.53442913011953, 31.10512585815948), (121.5295538000768, 31.102584498711334), 157.89999999999998, (121.53273130506224, 31.102435873501452), 543.0, 346.0, 1660.8980000000001, 126]
[(121.48696018038841, 31.09950856970842), (121.48005711941104, 31.097730235461853), (121.48088683902262, 31.09450946575343), (121.48778989999998, 31.096287799999995), (121.48696018038841, 31.09950856970842), 343.2, (121.48392350970553, 31.097009017730922), 367.0, 686.0, 2049.996, 127]
[(121.48707149016177, 31.09907649224359), (121.48017121097466, 31.097298874628805), (121.48088962081287, 31.09451018238521), (121.48778989999998, 31.096287799999995), (121.48707149016177, 31.09907649224359), 343.2, (121.48398055548732, 31.096793337314402), 318.0, 686.0, 1957.339, 128]
[(121.48707345193915, 31.0990750922538), (121.48065433909186, 31.097425117822375), (121.48137078715268, 31.094637825568572), (121.48778989999998, 31.096287799999995), (121.48707345193915, 31.0990750922538), 343.2, (121.48422211954592, 31.096856458911184), 317.0, 638.0, 1861.8069999999998, 129]
[(121.4857932, 31.101941400000005), (121.48786267718488, 31.096008451478568), (121.4911841, 31.097167), (121.48911462281512, 31.103099948521436), (121.4857932, 31.101941400000005), 70.6, (121.48848865, 31.0995542), 689.0, 341.0, 1991.234, 130]
[(121.48855210660052, 31.093326722953787), (121.49531842441151, 31.095068431128333), (121.49455315521334, 31.098041405982254), (121.48778683740235, 31.09629969780771), (121.48855210660052, 31.093326722953787), 163.2, (121.49155263090694, 31.09568406446802), 339.0, 673.0, 1964.74, 131]
[(121.48855296858883, 31.093325865734634), (121.49546081577168, 31.095105500503493), (121.4946946974316, 31.09807927271223), (121.48778685024875, 31.09629963794337), (121.48855296858883, 31.093325865734634), 163.2, (121.4916238330102, 31.095702569223434), 339.0, 687.0, 1991.999, 132]
[(121.4884976687949, 31.09354051793879), (121.49538620655497, 31.095315178115822), (121.49467538800882, 31.0980742981204), (121.48778685024875, 31.09629963794337), (121.4884976687949, 31.09354051793879), 163.2, (121.49158652840187, 31.095807408029593), 314.0, 685.0, 1935.977, 133]
[(121.48849692170528, 31.09354110935044), (121.49522493192104, 31.095272956821777), (121.49451484761812, 31.098031545279046), (121.48778683740235, 31.09629969780771), (121.48849692170528, 31.09354110935044), 163.2, (121.49150588466172, 31.095786327314745), 314.0, 669.0, 1905.9350000000002, 134]
[(121.4857962, 31.1124673), (121.4876267504807, 31.1070276446589), (121.49092389999998, 31.10813720000001), (121.4890933495193, 31.11357685534111), (121.4857962, 31.1124673), 71.5, (121.48836005, 31.110302250000007), 629.0, 337.0, 1884.983, 135]
[(121.4857962, 31.1124673), (121.4877372303834, 31.10701453039661), (121.49077988621326, 31.10809762904951), (121.48883885582985, 31.113550398652897), (121.4857962, 31.1124673), 71.5, (121.48828804310662, 31.11028246452475), 634.0, 314.0, 1846.1530000000002, 136]
[(121.48461358155751, 31.106313028448014), (121.48706420617492, 31.099240848078807), (121.49008926143554, 31.100289078540094), (121.48763863681813, 31.1073612589093), (121.48461358155751, 31.106313028448014), 251.2, (121.48735142149651, 31.103301053494054), 311.0, 820.0, 2210.967, 137]
[(121.48461358155751, 31.106313028448014), (121.48618484473938, 31.101778569538716), (121.4892099, 31.102826800000003), (121.48763863681813, 31.1073612589093), (121.48461358155751, 31.106313028448014), 251.2, (121.48691174077875, 31.104569914224008), 311.0, 526.0, 1622.413, 138]
[(121.48890560000001, 31.1133629), (121.49069098971152, 31.10825516952817), (121.49426175185434, 31.10950331721866), (121.49247636214282, 31.114611047690488), (121.48890560000001, 31.1133629), 252.0, (121.49158367592717, 31.11143310860933), 367.0, 593.0, 1864.0810000000001, 139]
[(121.48890559999998, 31.113362899999995), (121.4915545112475, 31.10581752579977), (121.4951233, 31.107070399999998), (121.49247438875248, 31.11461577420022), (121.48890559999998, 31.113362899999995), 252.0, (121.49201445, 31.110216649999998), 367.0, 876.0, 2418.661, 140]
[(121.4889056, 31.1133629), (121.49151114255773, 31.105928562634936), (121.4950807, 31.107179599999988), (121.49247515744227, 31.11461393736505), (121.4889056, 31.1133629), 252.0, (121.49199315000001, 31.11027124999999), 367.0, 863.0, 2395.252, 141]
[(121.48890560000001, 31.1133629), (121.49082770591659, 31.107864045101906), (121.49439846805939, 31.109112192792395), (121.49247636214282, 31.114611047690488), (121.48890560000001, 31.1133629), 252.0, (121.49165203402971, 31.1112375463962), 367.0, 638.0, 1954.38, 142]
[(121.49508070000003, 31.10717960000001), (121.49257740336454, 31.114590985505096), (121.48913076112264, 31.113426835033906), (121.49163405775813, 31.10601544952882), (121.49508070000003, 31.10717960000001), 252.0, (121.49210573056133, 31.110303217516964), 858.0, 353.0, 2359.984, 143]
[(121.49512330000002, 31.107070400000005), (121.49258253422336, 31.114592718522708), (121.48913076112264, 31.113426835033906), (121.4916715268993, 31.105904516511202), (121.49512330000002, 31.107070400000005), 252.0, (121.49212703056133, 31.110248617516955), 871.0, 353.0, 2383.017, 144]
[(121.49439620000001, 31.109111400000003), (121.49254652521641, 31.1145817862877), (121.48912996487165, 31.113426561558768), (121.49097963965525, 31.10795617527107), (121.49439620000001, 31.109111400000003), 252.0, (121.49176308243581, 31.11126898077938), 633.0, 350.0, 1916.54, 145]
[(121.49425970000001, 31.1095026), (121.49254273327382, 31.114580504136818), (121.48912996487165, 31.113426561558768), (121.49084693159784, 31.10834865742195), (121.49425970000001, 31.1095026), 252.0, (121.49169483243583, 31.111464580779383), 588.0, 349.0, 1826.087, 146]
[(121.48884386919816, 31.093401825146078), (121.49531842441151, 31.095068431128333), (121.49455315521334, 31.098041405982254), (121.4880786, 31.0963748), (121.48884386919816, 31.093401825146078), 163.8, (121.49169851220576, 31.09572161556417), 339.0, 644.0, 1909.654, 147]
[(121.48884471834008, 31.093401027791263), (121.49546081577168, 31.095105500503493), (121.4946946974316, 31.09807927271223), (121.4880786, 31.0963748), (121.48884471834008, 31.093401027791263), 163.8, (121.49176970788584, 31.09574015025175), 339.0, 658.0, 1936.913, 148]
[(121.48878941854615, 31.09361567999542), (121.49538620655497, 31.095315178115822), (121.49467538800882, 31.0980742981204), (121.4880786, 31.0963748), (121.48878941854615, 31.09361567999542), 163.8, (121.49173240327748, 31.095844989057912), 314.0, 656.0, 1881.682, 149]
[(121.48878868430292, 31.09361621154273), (121.49522493192104, 31.095272956821777), (121.49451484761812, 31.098031545279046), (121.4880786, 31.0963748), (121.48878868430292, 31.09361621154273), 163.8, (121.49165176596051, 31.095823878410886), 314.0, 640.0, 1851.64, 150]
[(121.48610280696279, 31.102031639687965), (121.48816676291314, 31.096114519898784), (121.4911841, 31.097167), (121.48912014404965, 31.10308411978918), (121.48610280696279, 31.102031639687965), 73.5, (121.4886434534814, 31.099599319843986), 687.0, 310.0, 1930.495, 151]
[(121.48736324049347, 31.09915165159797), (121.48017121097466, 31.097298874628805), (121.48088962081287, 31.09451018238521), (121.48808165033168, 31.096362959354376), (121.48736324049347, 31.09915165159797), 343.8, (121.48412643065316, 31.09683091699159), 318.0, 715.0, 2014.0430000000001, 152]
[(121.48736523629884, 31.09915009276312), (121.48065433909186, 31.097425117822375), (121.48137078715268, 31.094637825568572), (121.48808168435967, 31.09636280050932), (121.48736523629884, 31.09915009276312), 343.8, (121.48436801172576, 31.096893959165843), 317.0, 667.0, 1918.511, 153]
[(121.4872519307201, 31.0995837290628), (121.48005711941104, 31.097730235461853), (121.48088683902262, 31.09450946575343), (121.48808165033168, 31.096362959354376), (121.4872519307201, 31.0995837290628), 343.8, (121.48406938487138, 31.097046597408116), 367.0, 715.0, 2105.7799999999997, 154]
[(121.53809109689875, 31.10595251992332), (121.53210090000002, 31.103537900000006), (121.53353540310127, 31.099979180076687), (121.5395256, 31.1023938), (121.53809109689875, 31.10595251992332), 337.6, (121.53581325000002, 31.102965850000004), 419.0, 630.0, 1971.9280000000003, 155]
