[139, 7463, 31, 5834]
[145, 7463, 31, 5834]
[157, 7463, 31, 5834]
[161, 7463, 31, 5834]
[165, 7463, 31, 5834]
[170, 7463, 31, 898]
[174, 7463, 31, 898]
[179, 7463, 31, 898]
[183, 7463, 31, 898]
[187, 7463, 31, 5834]
[190, 7463, 31, 5834]
[194, 7463, 31, 6086]
[200, 7463, 31, 898]
[204, 7463, 31, 898]
[208, 7463, 31, 898]
[212, 7463, 31, 898]
[233, 7463, 31, 898]
[239, 7463, 31, 898]
[243, 7463, 31, 898]
[245, 7463, 31, 898]
[249, 7463, 31, 898]
[250, 7463, 31, 898]
[252, 7463, 31, 898]
[253, 7463, 31, 898]
[257, 7463, 31, 898]
[262, 7463, 31, 898]
[264, 7463, 31, 898]
[266, 7463, 31, 898]
[268, 7463, 31, 898]
[271, 7463, 31, 898]
[273, 7463, 31, 898]
[276, 7463, 31, 898]
[280, 7463, 31, 898]
[281, 7463, 31, 898]
[284, 7463, 31, 898]
[286, 7463, 31, 898]
[288, 7463, 31, 898]
[290, 7463, 31, 898]
[294, 7463, 31, 898]
[297, 7463, 31, 898]
[298, 7463, 31, 898]
[301, 7463, 31, 898]
[303, 7463, 31, 898]
[305, 7463, 31, 898]
[310, 7463, 31, 898]
[311, 7463, 31, 898]
[313, 474, 1313, 904]
[314, 7463, 31, 898]
[316, 7463, 31, 898]
[317, 474, 1313, 904]
[318, 7463, 31, 898]
[321, 7463, 31, 898]
[322, 474, 1313, 904]
[323, 7463, 31, 898]
[325, 474, 1313, 7097]
[327, 7463, 31, 898]
[328, 474, 1313, 904]
[330, 7463, 31, 898]
[331, 7463, 31, 898]
[335, 7463, 31, 898]
[337, 7463, 31, 898]
[338, 7463, 31, 898]
[344, 7463, 31, 898]
[346, 7463, 31, 898]
[349, 7463, 31, 898]
[351, 7463, 31, 898]
[353, 7463, 31, 898]
[357, 7463, 31, 898]
[358, 7463, 31, 898]
[361, 7463, 31, 898]
[362, 7463, 31, 898]
[366, 7463, 31, 898]
[373, 7463, 31, 898]
[375, 7463, 31, 898]
[376, 7463, 31, 898]
[379, 7463, 31, 898]
[380, 7463, 31, 898]
[383, 7463, 31, 898]
[385, 7463, 31, 898]
[388, 7463, 31, 898]
[394, 7463, 31, 898]
[398, 7463, 31, 898]
[400, 7463, 31, 898]
[403, 7463, 31, 898]
[405, 7463, 31, 898]
[407, 7463, 31, 898]
[410, 7463, 31, 898]
[413, 7463, 31, 898]
[415, 7463, 31, 898]
[417, 7463, 31, 898]
[420, 7463, 31, 898]
[421, 7463, 31, 898]
[424, 7463, 31, 898]
[426, 7463, 31, 898]
[429, 7463, 31, 898]
[432, 7463, 31, 898]
[433, 7463, 31, 898]
[436, 7463, 31, 898]
[439, 7463, 31, 898]
[441, 4493, 1488, 2075]
[442, 4499, 1488, 5087]
[443, 7463, 31, 898]
[444, 5283, 1888, 7259]
[448, 5283, 1888, 7224]
[449, 4493, 1488, 2075]
[450, 4499, 1488, 5087]
[452, 5283, 1888, 7224]
[454, 4493, 1488, 2075]
[456, 5283, 1888, 7224]
[458, 4493, 1488, 2075]
[459, 4499, 1488, 5087]
[461, 7463, 31, 898]
[462, 4493, 1488, 2075]
[463, 4493, 1488, 2075]
[464, 3989, 1888, 5795]
[465, 4493, 1488, 2075]
[466, 4493, 1488, 2075]
[467, 5283, 1888, 7224]
[468, 4493, 1488, 2075]
[469, 5283, 1888, 7224]
[470, 4493, 1488, 2075]
[472, 4493, 1488, 2075]
[473, 5283, 1888, 7224]
[474, 5283, 1888, 7224]
[475, 4493, 1488, 2075]
[477, 5283, 1888, 7224]
[478, 4493, 1488, 2075]
[479, 4493, 1488, 2075]
[482, 4493, 1488, 2075]
[483, 4493, 1488, 2075]
[486, 4493, 1488, 2075]
[487, 4493, 1488, 2075]
[491, 4493, 1488, 2075]
[493, 4493, 1488, 2075]
[496, 4493, 1488, 2075]
[499, 4493, 1488, 2075]
[500, 7463, 31, 898]
[501, 4493, 1488, 2075]
[503, 4493, 1488, 2075]
[504, 7463, 31, 898]
[505, 4993, 50, 1979]
[506, 4493, 1488, 2075]
[508, 7463, 31, 898]
[509, 4493, 1488, 2075]
[510, 5696, 50, 4793]
[511, 4493, 1488, 2075]
[512, 5696, 50, 4793]
[513, 7463, 31, 898]
[515, 4493, 1488, 7024]
[516, 1726, 50, 1963]
[517, 7463, 31, 898]
[519, 1726, 50, 1963]
[520, 7463, 31, 5834]
[521, 4493, 1488, 2075]
[522, 4493, 1488, 2075]
[523, 1726, 50, 1963]
[524, 7463, 31, 5834]
[526, 1726, 50, 1963]
[527, 4493, 1488, 2075]
[528, 7463, 31, 898]
[529, 4493, 1488, 2075]
[532, 7463, 31, 898]
[533, 4493, 1488, 2075]
[534, 4493, 1488, 2075]
[537, 7463, 31, 898]
[538, 4493, 1488, 2075]
[539, 4493, 1488, 2075]
[540, 7463, 31, 898]
[543, 4493, 1488, 2075]
[544, 4493, 1488, 2075]
[547, 4493, 1488, 2075]
[548, 4493, 1488, 2075]
[551, 4493, 1488, 2075]
[552, 4493, 1488, 2075]
[555, 1726, 50, 1963]
[557, 4499, 1488, 5087]
[558, 4493, 1488, 2075]
[561, 4499, 1488, 5087]
[562, 4493, 1488, 2075]
[563, 3652, 1888, 6861]
[564, 4499, 1488, 5087]
[566, 4499, 1488, 5087]
[567, 4493, 1488, 2075]
[568, 3989, 1888, 5795]
[569, 4499, 1488, 5087]
[571, 3989, 1888, 1131]
[572, 4493, 1488, 2075]
[573, 4499, 1488, 5087]
[574, 5272, 1888, 4476]
[575, 4499, 1488, 5087]
[577, 4493, 1488, 2075]
[578, 5272, 1888, 4476]
[579, 4499, 1488, 5087]
[580, 5272, 1888, 4476]
[581, 4499, 1488, 6567]
[583, 4493, 1488, 2075]
[584, 4499, 1488, 5087]
[585, 5272, 1888, 4476]
[586, 4499, 1488, 5087]
[587, 5272, 1888, 4476]
[588, 4499, 1488, 5087]
[590, 5272, 1888, 4476]
[591, 4499, 1488, 5087]
[592, 4499, 1488, 5087]
[593, 5272, 1888, 4476]
[594, 4499, 1488, 5087]
[596, 4499, 1488, 5087]
[597, 5272, 1888, 4476]
[598, 4499, 1488, 6567]
[599, 4499, 1488, 5087]
[600, 5272, 1888, 4476]
[602, 4499, 1488, 5087]
[603, 4493, 1488, 2075]
[604, 5272, 1888, 4476]
[606, 4499, 1488, 5087]
[607, 5272, 1888, 4476]
[608, 4493, 1488, 2075]
[610, 4499, 1488, 5087]
[611, 5272, 1888, 4476]
[612, 4493, 1488, 2075]
[613, 2706, 1888, 4319]
[614, 4499, 1488, 5087]
[617, 3973, 1888, 4319]
[619, 4499, 1488, 5087]
[620, 4493, 1488, 2075]
[621, 2706, 1888, 4319]
[623, 4499, 1488, 5087]
[625, 4493, 1488, 2075]
[626, 4499, 1488, 5087]
[628, 4499, 1488, 5087]
[629, 4493, 1488, 2075]
[631, 4499, 1488, 5087]
[632, 4499, 1488, 5087]
[634, 4493, 1488, 2075]
[635, 4499, 1488, 5087]
[637, 4499, 1488, 5087]
[638, 4493, 1488, 2075]
[639, 4499, 1488, 5087]
[641, 4493, 1488, 2075]
[642, 4493, 1488, 2075]
[644, 4493, 1488, 2075]
[645, 4493, 1488, 2075]
[648, 4493, 1488, 2075]
[650, 4493, 1488, 2075]
[654, 4493, 1488, 2075]
[659, 4493, 1488, 2075]
[664, 4493, 1488, 2075]
[669, 4493, 1488, 2075]
[674, 4493, 1488, 2075]
[679, 4493, 1488, 2075]
[856, 4493, 1488, 2075]
[859, 4493, 1488, 2075]
[864, 4493, 1488, 2075]
[866, 4493, 1488, 2075]
[871, 4493, 1488, 7024]
[875, 4493, 1488, 2075]
[879, 4493, 1488, 2075]
[884, 4493, 1488, 2075]
[885, 4493, 1488, 2075]
[895, 4493, 1488, 2075]
[896, 4493, 1488, 2075]
[903, 4493, 1488, 7024]
[904, 4493, 1488, 2075]
[914, 4493, 1488, 2075]
[919, 4493, 1488, 2075]
[923, 4493, 1488, 2075]
[927, 4493, 1488, 2075]
[931, 4493, 1488, 2075]
[936, 4493, 1488, 2075]
[942, 4493, 1488, 2075]
[948, 4493, 1488, 2075]
[952, 4493, 1488, 2075]
[957, 4493, 1488, 2075]
[961, 4493, 1488, 2075]
[968, 4493, 1488, 2075]
[971, 4493, 1488, 2075]
[979, 4493, 1488, 2075]
[980, 3973, 1888, 4319]
[981, 4493, 1488, 2075]
[986, 3138, 826, 2969]
[989, 4493, 1488, 2075]
[990, 3138, 826, 2969]
[991, 4493, 1488, 2075]
[996, 3138, 826, 2969]
[998, 4493, 1488, 2075]
[1001, 4493, 1488, 2075]
[1002, 1307, 1888, 2163]
[1006, 1307, 1888, 7002]
[1009, 4493, 1488, 2075]
[1010, 4493, 1488, 2075]
[1012, 1307, 1888, 2163]
[1016, 1307, 1888, 7002]
[1017, 4493, 1488, 2075]
[1020, 4493, 1488, 2075]
[1027, 4493, 1488, 2075]
[1034, 4493, 1488, 2075]
[1037, 4493, 1488, 2075]
[1040, 4493, 1488, 2075]
[1044, 4493, 1488, 2075]
[1045, 4493, 1488, 2075]
[1050, 4493, 1488, 2075]
[1053, 4493, 1488, 2075]
[1054, 4493, 1488, 2075]
[1061, 4493, 1488, 2075]
[1064, 4493, 1488, 2075]
[1066, 4493, 1488, 2075]
[1072, 4493, 1488, 2075]
[1074, 4493, 1488, 2075]
[1076, 4493, 1488, 2075]
[1080, 4499, 1488, 5087]
[1085, 4493, 1488, 2075]
[1086, 4493, 1488, 2075]
[1088, 4493, 1488, 2075]
[1092, 4499, 1488, 5087]
[1096, 4493, 1488, 2075]
[1099, 4493, 1488, 2075]
[1100, 4493, 1488, 2075]
[1102, 4499, 1488, 5087]
[1104, 4993, 50, 1979]
[1107, 4993, 50, 1979]
[1109, 4493, 1488, 2075]
[1110, 4499, 1488, 5087]
[1112, 4493, 1488, 2075]
[1113, 4493, 1488, 2075]
[1115, 4993, 50, 1979]
[1118, 4493, 1488, 2075]
[1120, 4993, 50, 1979]
[1121, 4499, 1488, 5087]
[1125, 4493, 1488, 2075]
[1126, 4493, 1488, 2075]
[1127, 4993, 50, 1979]
[1131, 4499, 1488, 5087]
[1132, 4493, 1488, 2075]
[1133, 4993, 50, 1979]
[1136, 4493, 1488, 2075]
[1139, 4493, 1488, 2075]
[1141, 4993, 50, 4793]
[1142, 4499, 1488, 5087]
[1143, 4493, 1488, 2075]
[1147, 4493, 1488, 2075]
[1150, 4499, 1488, 5087]
[1152, 4493, 1488, 2075]
[1153, 4493, 1488, 2075]
[1156, 4993, 50, 4793]
[1159, 4493, 1488, 2075]
[1160, 4499, 1488, 5087]
[1161, 4993, 50, 4793]
[1162, 4493, 1488, 2075]
[1165, 4493, 1488, 2075]
[1167, 4499, 1488, 5087]
[1168, 4493, 1488, 2075]
[1171, 5696, 50, 4793]
[1173, 4493, 1488, 2075]
[1174, 4499, 1488, 5087]
[1175, 4493, 1488, 2075]
[1178, 4993, 50, 1979]
[1179, 4493, 1488, 2075]
[1181, 4493, 1488, 2075]
[1182, 4499, 1488, 5087]
[1183, 4993, 50, 1979]
[1185, 4993, 50, 1979]
[1187, 4499, 1488, 5087]
[1188, 4493, 1488, 2075]
[1189, 4993, 50, 1979]
[1193, 5696, 50, 4793]
[1194, 4493, 1488, 2075]
[1195, 4493, 1488, 2075]
[1196, 4499, 1488, 5087]
[1199, 5696, 50, 4793]
[1200, 4493, 1488, 2075]
[1202, 4493, 1488, 2075]
[1204, 4499, 1488, 5087]
[1205, 4993, 50, 1979]
[1206, 4493, 1488, 2075]
[1208, 4493, 1488, 2075]
[1210, 4993, 50, 1979]
[1211, 4499, 1488, 5087]
[1212, 4493, 1488, 2075]
[1214, 4493, 1488, 2075]
[1215, 4993, 50, 1979]
[1217, 4493, 1488, 2075]
[1218, 4493, 1488, 2075]
[1221, 1726, 50, 1963]
[1222, 4499, 1488, 5087]
[1223, 4493, 1488, 2075]
[1225, 1726, 50, 1963]
[1226, 4493, 1488, 2075]
[1227, 4493, 1488, 2075]
[1229, 1726, 50, 1695]
[1231, 4493, 1488, 2075]
[1232, 1726, 50, 1963]
[1234, 4499, 1488, 5087]
[1235, 4493, 1488, 2075]
[1237, 4493, 1488, 2075]
[1239, 4493, 1488, 2075]
[1241, 4499, 1488, 5087]
[1243, 4493, 1488, 2075]
[1244, 4493, 1488, 2075]
[1247, 4499, 1488, 5087]
[1248, 4493, 1488, 2075]
[1251, 4493, 1488, 2075]
[1253, 4493, 1488, 2075]
[1255, 4499, 1488, 5087]
[1256, 4493, 1488, 2075]
[1258, 4493, 1488, 2075]
[1260, 4493, 1488, 2075]
[1262, 4493, 1488, 2075]
[1263, 4499, 1488, 5087]
[1264, 4493, 1488, 2075]
[1265, 4493, 1488, 2075]
[1267, 4493, 1488, 2075]
[1270, 4499, 1488, 5087]
[1272, 4493, 1488, 2075]
[1273, 4493, 1488, 7024]
[1274, 4493, 1488, 2075]
[1278, 4493, 1488, 2075]
[1279, 4499, 1488, 5087]
[1281, 4493, 1488, 2075]
[1284, 4493, 1488, 2075]
[1285, 4493, 1488, 2075]
[1287, 4493, 1488, 2075]
[1290, 4493, 1488, 2075]
[1293, 4493, 1488, 2075]
[1294, 4493, 1488, 2075]
[1298, 4493, 1488, 2075]
[1301, 4493, 1488, 2075]
[1303, 4493, 1488, 2075]
[1305, 4493, 1488, 2075]
[1309, 4493, 1488, 2075]
[1312, 4493, 1488, 2075]
[1314, 4493, 1488, 2075]
[1317, 4493, 1488, 2075]
[1319, 4493, 1488, 2075]
[1321, 4493, 1488, 2075]
[1322, 1883, 1888, 3249]
[1325, 4493, 1488, 2075]
[1326, 4493, 1488, 2075]
[1327, 4493, 1488, 2075]
[1329, 4493, 1488, 2075]
[1331, 1883, 1888, 6861]
[1332, 4493, 1488, 2075]
[1335, 4493, 1488, 2075]
[1336, 4493, 1488, 2075]
[1337, 4493, 1488, 2075]
[1338, 1883, 1888, 6861]
[1340, 4493, 1488, 2075]
[1341, 4493, 1488, 2075]
[1342, 4493, 1488, 2075]
[1343, 4493, 1488, 2075]
[1346, 1883, 1888, 6861]
[1348, 4493, 1488, 2075]
[1350, 4493, 1488, 2075]
[1351, 4493, 1488, 2075]
[1352, 4493, 1488, 2075]
[1354, 1883, 1888, 6861]
[1356, 4493, 1488, 2075]
[1357, 4493, 1488, 2075]
[1358, 4493, 1488, 2075]
[1360, 1883, 1888, 6861]
[1362, 4493, 1488, 2075]
[1363, 4493, 1488, 2075]
[1365, 4493, 1488, 2075]
[1366, 4493, 1488, 2075]
[1367, 7463, 31, 898]
[1368, 1883, 1888, 3249]
[1369, 4493, 1488, 2075]
[1371, 7463, 31, 898]
[1372, 1870, 1888, 6861]
[1374, 4493, 1488, 2075]
[1375, 4493, 1488, 2075]
[1376, 4493, 1488, 2075]
[1377, 7463, 31, 898]
[1379, 1883, 1888, 6574]
[1380, 4493, 1488, 2075]
[1381, 1870, 1888, 6861]
[1385, 4493, 1488, 2075]
[1386, 4493, 1488, 2075]
[1387, 4493, 1488, 2075]
[1389, 1883, 1888, 6574]
[1390, 4493, 1488, 2075]
[1392, 1870, 1888, 6861]
[1395, 4493, 1488, 2075]
[1396, 4493, 1488, 2075]
[1398, 4493, 1488, 2075]
[1400, 1883, 1888, 6574]
[1401, 4493, 1488, 2075]
[1403, 1870, 1888, 6861]
[1405, 4493, 1488, 2075]
[1406, 7463, 31, 898]
[1408, 4493, 1488, 2075]
[1409, 1883, 1888, 6574]
[1410, 1870, 1888, 6861]
[1411, 7463, 31, 898]
[1414, 4493, 1488, 2075]
[1415, 4493, 1488, 2075]
[1416, 7463, 31, 898]
[1417, 1883, 1888, 6574]
[1419, 1870, 1888, 6861]
[1421, 4493, 1488, 2075]
[1422, 4493, 1488, 2075]
[1425, 1870, 1888, 6861]
[1426, 4493, 1488, 2075]
[1429, 4493, 1488, 2075]
[1431, 1870, 1888, 6861]
[1432, 1883, 1888, 6602]
[1433, 4493, 1488, 2075]
[1434, 4493, 1488, 2075]
[1436, 4493, 1488, 2075]
[1437, 7463, 31, 898]
[1438, 4493, 1488, 2075]
[1439, 1870, 1888, 6861]
[1441, 1883, 1888, 6861]
[1442, 4493, 1488, 2075]
[1443, 7463, 31, 898]
[1444, 4493, 1488, 2075]
[1445, 4493, 1488, 2075]
[1446, 4493, 1488, 2075]
[1448, 7463, 31, 898]
[1449, 1883, 1888, 6567]
[1450, 4493, 1488, 2075]
[1451, 4493, 1488, 2075]
[1453, 4493, 1488, 2075]
[1455, 4493, 1488, 2075]
[1456, 1870, 1888, 6861]
[1458, 1883, 1888, 6567]
[1459, 4493, 1488, 2075]
[1461, 4493, 1488, 2075]
[1463, 4493, 1488, 2075]
[1464, 1870, 1888, 6861]
[1465, 4493, 1488, 2075]
[1466, 1883, 1888, 6567]
[1469, 4493, 1488, 2075]
[1470, 4493, 1488, 2075]
[1471, 1870, 1888, 6861]
[1472, 7463, 31, 898]
[1474, 4493, 1488, 2075]
[1475, 4493, 1488, 2075]
[1476, 1883, 1888, 3249]
[1477, 4493, 1488, 2075]
[1478, 7463, 31, 898]
[1480, 4493, 1488, 2075]
[1481, 1870, 1888, 6861]
[1482, 1883, 1888, 6602]
[1483, 7463, 31, 898]
[1484, 4493, 1488, 2075]
[1485, 4493, 1488, 2075]
[1487, 4493, 1488, 2075]
[1488, 1870, 1888, 6574]
[1489, 7463, 31, 898]
[1491, 1883, 1888, 6567]
[1492, 4493, 1488, 2075]
[1493, 4493, 1488, 2075]
[1494, 7463, 31, 898]
[1495, 1870, 1888, 6574]
[1496, 4493, 1488, 2075]
[1497, 4493, 1488, 7024]
[1499, 7463, 31, 898]
[1500, 1883, 1888, 6567]
[1501, 1870, 1888, 6861]
[1503, 4493, 1488, 2075]
[1504, 7463, 31, 898]
[1505, 4493, 1488, 2075]
[1506, 4493, 1488, 2075]
[1507, 4493, 1488, 2075]
[1508, 1883, 1888, 6861]
[1510, 1870, 1888, 6567]
[1511, 7463, 31, 898]
[1512, 4493, 1488, 2075]
[1514, 4493, 1488, 2075]
[1515, 7463, 31, 898]
[1516, 1883, 1888, 6861]
[1517, 4493, 1488, 2075]
[1518, 1870, 1888, 6861]
[1519, 4493, 1488, 2075]
[1520, 7463, 31, 898]
[1522, 4493, 1488, 2075]
[1523, 4493, 1488, 2075]
[1524, 4493, 1488, 2075]
[1525, 7463, 31, 898]
[1526, 5627, 1888, 6861]
[1527, 1870, 1888, 6861]
[1529, 4493, 1488, 7024]
[1530, 7463, 31, 898]
[1531, 4493, 1488, 2075]
[1533, 4493, 1488, 2075]
[1534, 5627, 1888, 6574]
[1535, 1870, 1888, 6567]
[1536, 4493, 1488, 2075]
[1537, 7463, 31, 898]
[1539, 4498, 1488, 6602]
[1540, 1870, 1888, 6567]
[1541, 5627, 1888, 5774]
[1542, 4493, 1488, 2075]
[1544, 7463, 31, 898]
[1545, 4493, 1488, 2075]
[1546, 4498, 1488, 6602]
[1549, 4493, 1488, 2075]
[1550, 7463, 31, 898]
[1552, 5627, 1888, 5774]
[1553, 4498, 1488, 6602]
[1554, 4493, 1488, 2075]
[1555, 4493, 1488, 2075]
[1557, 6820, 826, 5511]
[1558, 5627, 1888, 6861]
[1559, 4493, 1488, 2075]
[1560, 4498, 1488, 6602]
[1562, 4493, 1488, 2075]
[1563, 4493, 1488, 2075]
[1564, 6820, 826, 5511]
[1565, 5627, 1888, 6861]
[1566, 4498, 1488, 6602]
[1567, 4493, 1488, 2075]
[1569, 4498, 1488, 6602]
[1571, 4493, 1488, 2075]
[1572, 6820, 826, 311]
[1573, 4493, 1488, 2075]
[1574, 4493, 1488, 2075]
[1575, 4988, 50, 2084]
[1577, 4499, 1488, 6567]
[1580, 6820, 826, 311]
[1581, 4988, 50, 5087]
[1582, 4493, 1488, 2075]
[1583, 4493, 1488, 2075]
[1584, 4493, 1488, 2075]
[1588, 6820, 826, 188]
[1589, 4988, 50, 5087]
[1590, 4498, 1488, 6602]
[1592, 4493, 1488, 2075]
[1593, 4493, 1488, 2075]
[1596, 4493, 1488, 2075]
[1597, 6820, 826, 188]
[1598, 4988, 50, 5087]
[1600, 4498, 1488, 6602]
[1603, 4493, 1488, 2075]
[1604, 6820, 826, 7088]
[1605, 4493, 1488, 2075]
[1607, 4498, 1488, 5087]
[1608, 4988, 50, 2084]
[1611, 6820, 826, 4070]
[1613, 4498, 1488, 6602]
[1614, 4493, 1488, 2075]
[1615, 4493, 1488, 2075]
[1619, 6820, 826, 311]
[1620, 4498, 1488, 5087]
[1621, 4988, 50, 1970]
[1625, 4493, 1488, 2075]
[1626, 4493, 1488, 2075]
[1627, 4498, 1488, 6567]
[1628, 6820, 826, 183]
[1630, 4988, 50, 1970]
[1635, 4499, 1488, 6567]
[1636, 4493, 1488, 2075]
[1638, 6820, 826, 188]
[1639, 4493, 1488, 2075]
[1640, 4988, 50, 2084]
[1644, 4499, 1488, 6567]
[1645, 4651, 50, 5356]
[1648, 6820, 826, 7088]
[1650, 4651, 50, 4793]
[1651, 4493, 1488, 2075]
[1653, 4493, 1488, 2075]
[1655, 4493, 1488, 2075]
[1657, 2884, 50, 6784]
[1659, 4493, 1488, 2075]
[1660, 4988, 50, 1975]
[1661, 6840, 826, 7088]
[1663, 4493, 1488, 2075]
[1665, 4498, 1488, 6567]
[1666, 4493, 1488, 2075]
[1668, 4988, 50, 1975]
[1669, 6840, 826, 7088]
[1671, 4498, 1488, 6567]
[1673, 4493, 1488, 2075]
[1676, 6840, 826, 7088]
[1679, 4493, 1488, 2075]
[1680, 4493, 1488, 7024]
[1683, 6820, 826, 7088]
[1686, 4493, 1488, 7020]
[1689, 7463, 31, 898]
[1692, 4498, 1488, 6567]
[1693, 6820, 826, 7088]
[1696, 7463, 31, 898]
[1699, 4498, 1488, 6567]
[1702, 6820, 826, 4070]
[1704, 7365, 1313, 508]
[1707, 3980, 1888, 1131]
[1712, 7463, 31, 898]
[1713, 3656, 1888, 5683]
[1714, 6840, 826, 7088]
[1719, 7463, 31, 898]
[1722, 3656, 1888, 5683]
[1724, 6840, 826, 7088]
[1726, 7365, 1313, 508]
[1730, 3980, 1888, 1131]
[1733, 6840, 826, 1381]
[1737, 4412, 1475, 5795]
[1742, 4412, 1475, 5795]
[1744, 6840, 826, 7088]
[1745, 1870, 1888, 6861]
[1750, 5283, 1888, 7259]
[1753, 6840, 826, 7088]
[1755, 5283, 1888, 7294]
[1756, 1870, 1888, 6861]
[1761, 5283, 1888, 7259]
[1762, 6840, 826, 7088]
[1769, 6820, 826, 7088]
[1776, 4493, 1488, 2075]
[1777, 6820, 826, 315]
[1782, 7463, 31, 898]
[1788, 6820, 826, 7088]
[1789, 4493, 1488, 2075]
[1790, 7463, 31, 5834]
[1796, 6840, 826, 7088]
[1797, 7463, 31, 5834]
[1799, 4493, 1488, 2075]
[1804, 7463, 31, 5834]
[1805, 6840, 826, 4083]
[1810, 7463, 31, 898]
[1812, 4493, 1488, 2075]
[1815, 6840, 826, 1381]
[1816, 7463, 31, 898]
[1823, 4493, 1488, 2075]
[1824, 7463, 31, 898]
[1833, 7463, 31, 898]
[1836, 4493, 1488, 2075]
[1848, 4493, 1488, 2075]
[1849, 5509, 1771, 4276]
[1858, 5509, 1771, 4276]
[1859, 7463, 31, 898]
[1860, 4493, 1488, 2075]
[1866, 5509, 1771, 3132]
[1867, 7463, 31, 898]
[1871, 4493, 1488, 2075]
[1874, 7463, 31, 898]
[1875, 5509, 1771, 3132]
[1878, 4862, 380, 3060]
[1881, 7463, 31, 898]
[1883, 5509, 1771, 3642]
[1884, 4493, 1488, 2075]
[1886, 4862, 380, 3060]
[1891, 4862, 380, 3060]
[1894, 4493, 1488, 2075]
[1897, 4862, 380, 3060]
[1898, 5509, 1771, 3126]
[1903, 4862, 380, 3060]
[1904, 4493, 1488, 2075]
[1905, 5509, 1771, 3126]
[1907, 7463, 31, 898]
[1908, 4862, 380, 3060]
[1911, 7463, 31, 898]
[1912, 5509, 1771, 3126]
[1913, 7463, 31, 898]
[1914, 4862, 380, 3060]
[1916, 4493, 1488, 2075]
[1918, 7463, 31, 898]
[1920, 5509, 1771, 3126]
[1921, 4862, 380, 3060]
[1922, 7463, 31, 898]
[1927, 4493, 1488, 2075]
[1928, 4862, 380, 3060]
[1929, 7463, 31, 898]
[1933, 4862, 380, 3060]
[1935, 7463, 31, 898]
[1936, 4493, 1488, 2075]
[1939, 4862, 380, 3060]
[1940, 7463, 31, 898]
[1943, 4862, 380, 3060]
[1947, 7463, 31, 898]
[1948, 4851, 420, 3060]
[1954, 7463, 31, 898]
[1955, 4851, 420, 3060]
[1956, 4493, 1488, 2075]
[1957, 7463, 31, 898]
[1960, 4851, 420, 3060]
[1961, 7463, 31, 898]
[1962, 7463, 31, 898]
[1965, 4493, 1488, 2075]
[1967, 7463, 31, 898]
[1968, 474, 1313, 6810]
[1969, 4851, 420, 3060]
[1970, 7463, 31, 898]
[1972, 7463, 31, 898]
[1974, 474, 1313, 938]
[1975, 4851, 420, 3060]
[1976, 4493, 1488, 2075]
[1977, 7463, 31, 898]
[1978, 474, 1313, 7097]
[1980, 7463, 31, 898]
[1981, 4851, 420, 3060]
[1983, 7463, 31, 898]
[1984, 474, 1313, 938]
[1986, 4493, 1488, 2075]
[1987, 7463, 31, 898]
[1988, 4851, 420, 3060]
[1990, 474, 1313, 904]
[1992, 7463, 31, 898]
[1993, 4851, 420, 3060]
[1994, 7463, 31, 898]
[1996, 657, 1313, 2329]
[1998, 4493, 1488, 2075]
[2001, 7463, 31, 898]
[2002, 4851, 420, 3060]
[2003, 7463, 31, 898]
[2007, 4851, 420, 3060]
[2009, 7463, 31, 898]
[2010, 4493, 1488, 2075]
[2012, 7463, 31, 898]
[2013, 4851, 420, 3060]
[2017, 7463, 31, 898]
[2018, 7463, 31, 898]
[2019, 4851, 420, 3060]
[2020, 4493, 1488, 2075]
[2022, 7463, 31, 898]
[2024, 7463, 31, 898]
[2026, 4851, 420, 3060]
[2028, 4493, 1488, 2075]
[2029, 7463, 31, 5834]
[2031, 4851, 420, 3060]
[2032, 7463, 31, 898]
[2036, 4851, 420, 3060]
[2037, 7463, 31, 5834]
[2039, 7463, 31, 898]
[2040, 4493, 1488, 2075]
[2042, 7463, 31, 5834]
[2045, 7463, 31, 898]
[2047, 4499, 1488, 5087]
[2049, 7463, 31, 898]
[2051, 7463, 31, 898]
[2055, 7463, 31, 898]
[2057, 4499, 1488, 5087]
[2058, 7463, 31, 898]
[2062, 7463, 31, 898]
[2065, 7463, 31, 898]
[2066, 4499, 1488, 5087]
[2070, 7463, 31, 898]
[2071, 7463, 31, 898]
[2074, 7463, 31, 5834]
[2077, 4499, 1488, 5087]
[2079, 7463, 31, 898]
[2080, 7463, 31, 5834]
[2086, 4499, 1488, 5087]
[2087, 7463, 31, 898]
[2088, 7463, 31, 5834]
[2094, 7463, 31, 898]
[2095, 7463, 31, 898]
[2096, 4499, 1488, 5087]
[2100, 7463, 31, 898]
[2102, 7463, 31, 898]
[2104, 4499, 1488, 5087]
[2107, 7463, 31, 898]
[2108, 7463, 31, 898]
[2112, 4499, 1488, 5087]
[2114, 7463, 31, 898]
[2115, 7463, 31, 898]
[2117, 7463, 31, 898]
[2118, 7463, 31, 5834]
[2122, 4499, 1488, 5087]
[2124, 7463, 31, 898]
[2125, 7463, 31, 5834]
[2129, 4499, 1488, 5087]
[2130, 7463, 31, 898]
[2134, 7463, 31, 898]
[2137, 7463, 31, 898]
[2138, 7463, 31, 898]
[2143, 7463, 31, 898]
[2144, 4499, 1488, 6638]
[2146, 7463, 31, 898]
[2149, 7463, 31, 898]
[2151, 4499, 1488, 5087]
[2153, 7463, 31, 898]
[2155, 7463, 31, 898]
[2161, 7463, 31, 898]
[2165, 7463, 31, 898]
[2170, 7463, 31, 898]
[2177, 7463, 31, 898]
[2183, 7463, 31, 898]
[2189, 7463, 31, 898]
[2195, 7463, 31, 898]
[2199, 7463, 31, 898]
[2202, 7463, 31, 898]
[2208, 7463, 31, 898]
[2213, 7463, 31, 898]
[2216, 7463, 31, 898]
[2220, 7463, 31, 898]
[2225, 7463, 31, 898]
[2229, 7463, 31, 5834]
[2234, 7463, 31, 5834]
[2237, 7463, 31, 5834]
[2242, 7463, 31, 898]
[2245, 7463, 31, 898]
[2249, 7463, 31, 898]
