[[1236299482,1236299386,8909590508,1236299288,5178935405,1236299409,5179092376]]
[[1236299482,1236299386,8909590508,1236299288,5178935405,1236299409]]
[[1236299482,1236299386,8909590508,1236299288,5178935405]]
[[1236299482,1236299386,8909590508,1236299288]]
[[1236299482,1236299386,8909590508]]
[[1236299482,1236299386]]
[[1236299482,1236299575,2958627113,1236299556,1236299517,1236299488,1236299500,1236299338]]
[[1236299482,1236299575,2958627113,1236299556,1236299517,1236299488,1236299500]]
[[1236299482,1236299575,2958627113,1236299556,1236299517,1236299488]]
[[1236299482,1236299575,2958627113,1236299556,1236299517]]
[[1236299482,1236299575,2958627113,1236299556]]
[[1236299482,1236299575,2958627113]]
[[1236299482,1236299575]]
[[1236299482,2958642335,1236299353]]
[[1236299482,2958642335]]
