[[5178935594,8349563593,8349563598],[1570579960,8349563592],[5177210666,1570579960],[5178935594,5177210666],[1570579960,5178935594]]
[[5178935594,8349563593],[1570579960,8349563592],[5177210666,1570579960],[5178935594,5177210666],[1570579960,5178935594]]
[[5177210328,5177210327,8349563525,6407911305],[5177210329,5177209896,8349563523],[4811672230,8349563522,5177210329],[5177210328,8349563524,4811672230],[5177210329,5177210328]]
[[5177210328,5177210327,8349563525],[5177210329,5177209896,8349563523],[4811672230,8349563522,5177210329],[5177210328,8349563524,4811672230],[5177210329,5177210328]]
[[8526861078,5179129478],[8526861079,8526860983],[8526860982,8526861079],[8526861078,8526860982],[8526861079,8526861078]]
[[8349563524,5177210328,5177210327],[8349563522,5177210329,5177209896],[4811672230,8349563522],[8349563524,4811672230],[8349563522,8349563524]]
[[9657438690,9657459739,9657459738],[9657438691,9657459740,9657459741],[9657438688,9657438691],[9657438690,9657438688],[9657438691,9657438690]]
[[9657438690,9657459739],[9657438691,9657459740,9657459741],[9657438688,9657438691],[9657438690,9657438688],[9657438691,9657438690]]
[[9657438690,9657459739,9657459738],[9657438691,9657459740],[9657438688,9657438691],[9657438690,9657438688],[9657438691,9657438690]]
[[9657438690,9657459739],[9657438691,9657459740],[9657438688,9657438691],[9657438690,9657438688],[9657438691,9657438690]]
