[[5141660008,5141660014,8349556548],[5141660012,6522251119,5141660011,8349556524,5141660008],[6647339726,5141660012],[8349556565,6647339726],[8349556564,8349556565],[8349556548,8349556549,8349556564]]
[[5141660011,6647339725,8349556549],[5141660012,6522251119,5141660011],[6647339726,5141660012],[8349556565,6647339726],[8349556564,8349556565],[8349556549,8349556564]]
[[2184499119,9629031484,2704579470,7264926350,2704579517,9629031523,2184499120,9629031526,4526092254,2704611119,9629031619,2184499121,2402273641],[2184499029,8349563304,2184499037,7501209744,7501209743,2184499043,8349563124,2297455707,2402275847,2184499046,8312143633,9629025405,2184499051,2184499060,9629025406,9629025370,9629031482,2184499119],[2184499034,8349563345,2428805618,2184499033,2402275856,2184499032,8349563142,8349563141,8349563306,2184499029],[2184499062,2184499054,9629031507,2184499044,2402273654,8349563687,2184499034],[7782982564,7782982563,9629031598,2184499073,2184499072,6444510065,2184499069,6444510066,2184499065,7782982570,6444510058,2184499064,6444510059,9629031510,2184499062],[2402273641,9629031618,7782982548,7782982549,5178935608,7782982551,7782982552,2402273697,9629031600,7782982564]]
[[8349563473,8349563467,4810239923],[8349563474,2297481839,8349563473],[8349563470,8349563474],[8349563469,8349563470],[8349563475,8349563469],[4810239923,8349563475]]
[[1236299291,5184276702,1236299517,1236299328],[2397987761,5184276307,2958627126,1236299390,8461535661,1236299291],[1236299353,1236299516,2397987761],[1236299575,1236299482,2958642335,1236299353],[1236299346,1236299575],[1236299328,1236299567,2958627173,1236299346]]
[[8349563520,5177210329,5177210328],[8349563517,8349563521,8349563516,8349563520],[8349563523,8349563517],[5177209896,8349563523],[5177210327,5177209896],[5177210328,5177210327]]
[[8349563523,5177209896,5177210329],[8349563518,8349563525,8349563523],[8349563527,8349563518],[5177210327,8349563527],[5177210328,5177210327],[5177210329,5177210328]]
[[1236299391,1236299551,1236299328,1236299567,2958627173,1236299346],[1236299580,1236299500,2958642240,1236299391],[1236299291,1236299368,1236299580],[1236299517,5184276702,1236299291],[1236299575,2958627113,1236299556,1236299517],[1236299346,1236299575]]
[[1236299391,1236299551,1236299328,1236299567,2958627173,1236299346,1236299514,1236299386],[1236299580,1236299500,2958642240,1236299391],[2958627126,1236299390,8461535661,1236299291,1236299368,1236299580],[2958627113,2958627126],[1236299482,1236299575,2958627113],[1236299386,1236299482]]
[[1236299551,1236299328,1236299567,2958627173,1236299346,1236299514,1236299386],[1236299368,1236299488,2958642291,1236299551],[2958627126,1236299390,8461535661,1236299291,1236299368],[2958627113,2958627126],[1236299482,1236299575,2958627113],[1236299386,1236299482]]
[[1236299391,1236299551,1236299328,1236299567,2958627173,1236299346,1236299514,1236299386],[1236299580,1236299500,2958642240,1236299391],[1236299291,1236299368,1236299580],[1236299517,5184276702,1236299291],[1236299482,1236299575,2958627113,1236299556,1236299517],[1236299386,1236299482]]
[[1236299391,1236299551,1236299328,1236299567,2958627173,1236299346,1236299514,1236299386],[1236299580,1236299500,2958642240,1236299391],[1236299390,8461535661,1236299291,1236299368,1236299580],[1236299556,5184276703,1236299390],[1236299482,1236299575,2958627113,1236299556],[1236299386,1236299482]]
[[1236299551,1236299328,1236299567,2958627173,1236299346,1236299514,1236299386],[1236299368,1236299488,2958642291,1236299551],[1236299390,8461535661,1236299291,1236299368],[1236299556,5184276703,1236299390],[1236299482,1236299575,2958627113,1236299556],[1236299386,1236299482]]
[[1236299567,1236299556,5184276703,1236299390],[1236299510,1236299391,1236299551,1236299328,1236299567],[1236299338,1236299510],[1236299488,1236299500,1236299338],[1236299368,1236299488],[1236299390,8461535661,1236299291,1236299368]]
[[1236299580,1236299500,2958642240,1236299391],[2958627126,1236299390,8461535661,1236299291,1236299368,1236299580],[2958627113,2958627126],[1236299517,1236299556,2958627113],[1236299328,1236299517],[1236299391,1236299551,1236299328]]
[[1236299580,1236299500,2958642240,1236299391],[1236299390,8461535661,1236299291,1236299368,1236299580],[1236299556,5184276703,1236299390],[1236299517,1236299556],[1236299328,1236299517],[1236299391,1236299551,1236299328]]
[[1236299580,1236299500,2958642240,1236299391],[2397987761,5184276307,2958627126,1236299390,8461535661,1236299291,1236299368,1236299580],[1236299353,1236299516,2397987761],[2958627113,1236299575,1236299482,2958642335,1236299353],[2958627173,2958627113],[1236299391,1236299551,1236299328,1236299567,2958627173]]
[[1236299580,1236299500,2958642240,1236299391],[2397987761,5184276307,2958627126,1236299390,8461535661,1236299291,1236299368,1236299580],[1236299353,1236299516,2397987761],[1236299556,2958627113,1236299575,1236299482,2958642335,1236299353],[1236299567,1236299556],[1236299391,1236299551,1236299328,1236299567]]
[[9657680465,9657680436,9657680429,2958627202,9657680425,9657680440,9657680506,9657680508,9657680441,8312048097,9657680432,8312048094],[1673430711,2184512070,2407737643,2184512071,1673429674,5460780786,2184512072,2958627107,4898987120,2184512073,2958627143,9657680437,9657680465],[9657680479,9657680489,1673430709,1673430711],[1673427808,9657680449,9657680500,9657680494,9657680493,9657680450,9657680451,9657680452,9657680453,9657680455,9657680483,9657680479],[2427779715,9657680501,1673427808],[8312048094,2958627103,2958627093,2958627095,8312143684,2427779715]]
[[9657680465,9657680436,9657680429,2958627202,9657680425,9657680440,9657680506,9657680508,9657680441,8312048097,9657680432,8312048094],[1673430711,2184512070,2407737643,2184512071,1673429674,5460780786,2184512072,2958627107,4898987120,2184512073,2958627143,9657680437,9657680465],[9657680480,9657680479,9657680489,1673430709,1673430711],[9657680501,9657680475,9657680499,9657680495,9657680492,9657680476,9657680477,8312143677,9657680454,9657680484,9657680482,9657680480],[2427779715,9657680501],[8312048094,2958627103,2958627093,2958627095,8312143684,2427779715]]
[[1673430711,2184512070,2407737643,2184512071,1673429674,5460780786,2184512072,2958627107,4898987120,2184512073,2958627143,9657680437,9657680465,1673424649],[1673430710,2407737650,9651916806,9657680481,9657680490,9657680480,9657680479,9657680489,1673430709,1673430711],[2427779715,1673428500,2701105284,1673430710],[9657680501,2427779715],[9657680507,9657680508,9657680503,9657680474,9657680457,9657680501],[1673424649,9657680435,9657680428,9657680423,9657680439,9657680505,9657680507]]
[[1673430711,2184512070,2407737643,2184512071,1673429674,5460780786,2184512072,2958627107,4898987120,2184512073,2958627143,9657680437,9657680465,1673424649],[1673430710,2407737650,9651916806,9657680481,9657680490,9657680480,9657680479,9657680489,1673430709,1673430711],[2427779715,1673428500,2701105284,1673430710],[1673427808,9657680501,2427779715],[9657680505,9657680506,9657680504,9657680444,9657680502,1673427808],[1673424649,9657680435,9657680428,9657680423,9657680439,9657680505]]
[[2184499128,1236299315,1236299446,5999844246,1236299420,1236299330,278660437],[1937711039,6647335575,8349563238,2184499021,8349563231,2184499023,8349563230,8349563305,2184499029,8349563304,2184499037,7501209744,7501209743,2184499043,8349563124,2297455707,2402275847,2184499046,8312143633,9629025405,2184499051,2184499060,9629025406,9629025370,9629031482,2184499119,9629031483,2184499126,2184499127,9629031547,2184499128],[2184499017,8349563265,1937711036,1937713783,1937711039],[2184499062,2184499054,9629031507,2184499044,2402273654,8349563687,2184499034,8349563688,8349563374,2184499026,8349563381,2184499020,8349563244,2184499018,6647335574,2184499017],[7782982563,9629031598,2184499073,2184499072,6444510065,2184499069,6444510066,2184499065,7782982570,6444510058,2184499064,6444510059,9629031510,2184499062],[278660437,9629031615,2184499121,9629031617,278660436,7782982547,7782982546,7782982567,7782982545,4526092224,278660435,9629031599,7782982544,7782982563]]
[[2184499128,1236299315,1236299446,5999844246,1236299420,1236299330,278660437],[6647335575,8349563238,2184499021,8349563231,2184499023,8349563230,8349563305,2184499029,8349563304,2184499037,7501209744,7501209743,2184499043,8349563124,2297455707,2402275847,2184499046,8312143633,9629025405,2184499051,2184499060,9629025406,9629025370,9629031482,2184499119,9629031483,2184499126,2184499127,9629031547,2184499128],[6647335574,8349563367,6647339694,6647339861,6647339862,8349563234,6647335575],[2184499062,2184499054,9629031507,2184499044,2402273654,8349563687,2184499034,8349563688,8349563374,2184499026,8349563381,2184499020,8349563244,2184499018,6647335574],[7782982563,9629031598,2184499073,2184499072,6444510065,2184499069,6444510066,2184499065,7782982570,6444510058,2184499064,6444510059,9629031510,2184499062],[278660437,9629031615,2184499121,9629031617,278660436,7782982547,7782982546,7782982567,7782982545,4526092224,278660435,9629031599,7782982544,7782982563]]
[[4807503680,6407911325,6407911326],[4807503681,6407911327,4807503680],[6407911330,4807503681],[1944028276,6407911330],[4807503675,1944028276],[6407911326,4807503675]]
[[9629025404,2184499060,9629025408],[9629025397,9629025403,9629025404],[9629025405,9629025397],[2184499051,9629025405],[9629025407,2184499051],[9629025408,9629025407]]
[[1673430711,2184512070,2407737643,2184512071,1673429674,5460780786,2184512072,2958627107],[1673430710,2407737650,9651916806,9657680481,9657680490,9657680480,9657680479,9657680489,1673430709,1673430711],[1673428500,2701105284,1673430710],[9657680495,9657680497,9657680498,9657680491,1673428500],[9657680457,9657680501,9657680475,9657680499,9657680495],[2958627107,9657680502,9657680457]]
[[1673430711,2184512070,2407737643,2184512071,1673429674,5460780786,2184512072,2958627107],[1673430710,2407737650,9651916806,9657680481,9657680490,9657680480,9657680479,9657680489,1673430709,1673430711],[1673428500,2701105284,1673430710],[9657680494,9657680495,9657680497,9657680498,9657680491,1673428500],[9657680502,1673427808,9657680449,9657680500,9657680494],[2958627107,9657680502]]
[[1236299353,2958642335,1236299482,1236299575,2958627113],[5178935406,1236299542,5999844828,2397987729,2397989540,1236299353],[5178935405,5178935406],[1236299386,8909590508,1236299288,5178935405],[2958627173,1236299346,1236299514,1236299386],[2958627113,2958627173]]
[[1236299353,2958642335,1236299482,1236299575,2958627113],[1236299542,5999844828,2397987729,2397989540,1236299353],[1236299288,5179696310,1236299542],[1236299386,8909590508,1236299288],[2958627173,1236299346,1236299514,1236299386],[2958627113,2958627173]]
[[2958627126,2958627113,2958627173],[2397987761,5184276307,2958627126],[1236299353,1236299516,2397987761],[1236299482,2958642335,1236299353],[1236299386,1236299482],[2958627173,1236299346,1236299514,1236299386]]
[[278660437,9629031615,2184499121,9629031617,278660436,7782982547,7782982546,7782982567,7782982545,4526092224,278660435,9629031599,7782982544,7782982563],[2184499128,1236299315,1236299446,5999844246,1236299420,1236299330,278660437],[2184499119,9629031483,2184499126,2184499127,9629031547,2184499128],[2184499120,9629031523,2704579517,7264926350,2704579470,9629031484,2184499119],[2184499062,9629031508,4526092210,2704586014,9629031524,2184499120],[7782982563,9629031598,2184499073,2184499072,6444510065,2184499069,6444510066,2184499065,7782982570,6444510058,2184499064,6444510059,9629031510,2184499062]]
[[2184499060,9629025408,9629025377,6647460205,9629031506,2184499062,9629031510,6444510059,2184499064,6444510058,7782982570,2184499065,6444510066,2184499069,6444510065,2184499072,2184499073,9629031598,7782982563],[1937711039,6647335575,8349563238,2184499021,8349563231,2184499023,8349563230,8349563305,2184499029,8349563304,2184499037,7501209744,7501209743,2184499043,8349563124,2297455707,2402275847,2184499046,8312143633,9629025405,2184499051,2184499060],[2184499017,8349563265,1937711036,1937713783,1937711039],[2184499026,8349563381,2184499020,8349563244,2184499018,6647335574,2184499017],[278376591,8349563400,2397991660,2402273633,6444510073,8349563695,278660706,2184499026],[7782982563,7782982565,7782982559,7782982554,7782982561,5141661810,7782982562,8349563401,278376591]]
[[2184499060,9629025408,9629025377,6647460205,9629031506,2184499062,9629031510,6444510059,2184499064,6444510058,7782982570,2184499065,6444510066,2184499069,6444510065,2184499072,2184499073,9629031598,7782982563],[6647335575,8349563238,2184499021,8349563231,2184499023,8349563230,8349563305,2184499029,8349563304,2184499037,7501209744,7501209743,2184499043,8349563124,2297455707,2402275847,2184499046,8312143633,9629025405,2184499051,2184499060],[6647335574,8349563367,6647339694,6647339861,6647339862,8349563234,6647335575],[2184499026,8349563381,2184499020,8349563244,2184499018,6647335574],[278376591,8349563400,2397991660,2402273633,6444510073,8349563695,278660706,2184499026],[7782982563,7782982565,7782982559,7782982554,7782982561,5141661810,7782982562,8349563401,278376591]]
[[278660437,9629031615,2184499121,9629031617,278660436,7782982547,7782982546,7782982567,7782982545,4526092224,278660435,9629031599,7782982544,7782982563,7782982565],[2184499128,1236299315,1236299446,5999844246,1236299420,1236299330,278660437],[2184499119,9629031483,2184499126,2184499127,9629031547,2184499128],[2184499120,9629031523,2704579517,7264926350,2704579470,9629031484,2184499119],[2184499054,2184499062,9629031508,4526092210,2704586014,9629031524,2184499120],[7782982565,9629031597,6444510062,2184499071,2184499068,6444510063,6444510064,2184499066,2184499063,6444510061,2184499055,6444510060,9629031509,2184499054]]
[[2184499051,9629025407,8312143634,9629031505,2184499054,9629031509,6444510060,2184499055,6444510061,2184499063,2184499066,6444510064,6444510063,2184499068,2184499071,6444510062,9629031597,7782982565],[1937711039,6647335575,8349563238,2184499021,8349563231,2184499023,8349563230,8349563305,2184499029,8349563304,2184499037,7501209744,7501209743,2184499043,8349563124,2297455707,2402275847,2184499046,8312143633,9629025405,2184499051],[2184499017,8349563265,1937711036,1937713783,1937711039],[2184499026,8349563381,2184499020,8349563244,2184499018,6647335574,2184499017],[278376591,8349563400,2397991660,2402273633,6444510073,8349563695,278660706,2184499026],[7782982565,7782982559,7782982554,7782982561,5141661810,7782982562,8349563401,278376591]]
[[2184499051,9629025407,8312143634,9629031505,2184499054,9629031509,6444510060,2184499055,6444510061,2184499063,2184499066,6444510064,6444510063,2184499068,2184499071,6444510062,9629031597,7782982565],[6647335575,8349563238,2184499021,8349563231,2184499023,8349563230,8349563305,2184499029,8349563304,2184499037,7501209744,7501209743,2184499043,8349563124,2297455707,2402275847,2184499046,8312143633,9629025405,2184499051],[6647335574,8349563367,6647339694,6647339861,6647339862,8349563234,6647335575],[2184499026,8349563381,2184499020,8349563244,2184499018,6647335574],[278376591,8349563400,2397991660,2402273633,6444510073,8349563695,278660706,2184499026],[7782982565,7782982559,7782982554,7782982561,5141661810,7782982562,8349563401,278376591]]
[[2958627173,2958627113,2958627126],[1236299510,1236299391,1236299551,1236299328,1236299567,2958627173],[1236299338,1236299510],[1236299488,1236299500,1236299338],[1236299368,1236299488],[2958627126,1236299390,8461535661,1236299291,1236299368]]
[[9204756113,9204756101,9204756094,5345110215,2508090891],[9144224473,9263331624,8526860847,8526860884,5179129459,8526860852,9204756113],[9263331632,9144224472,9144224473],[9263331633,9263331626,9263331631,9263331632],[2508090900,9263331627,9263331633],[2508090891,2508090900]]
[[4810239923,8349563475,8349563665],[8349563473,8349563467,4810239923],[2297481839,8349563473],[8349563469,2297481839],[8349563470,8349563469],[8349563665,8349563470]]
[[8349563464,8349563472,8349563463],[8349563470,8349563474,8349563464],[8349563469,8349563470],[2297481839,8349563469],[8349563473,2297481839],[8349563463,8349563471,8349563473]]
[[8349563474,2297481839,8349563473],[8349563665,8349563470,8349563474],[8349563475,8349563665],[8349563469,8349563475],[8349563467,8349563469],[8349563473,8349563467]]
[[8349563665,8349563470,8349563474],[4810239923,8349563475,8349563665],[8349563467,4810239923],[8349563469,8349563467],[2297481839,8349563469],[8349563474,2297481839]]
[[8349563467,8349563469,8349563470],[8349563463,8349563471,8349563473,8349563467],[8349563472,8349563463],[2297481839,8349563472],[8349563474,2297481839],[8349563470,8349563474]]
[[8349563470,8349563474,8349563464],[8349563467,8349563469,8349563470],[8349563473,8349563467],[2297481839,8349563473],[8349563472,2297481839],[8349563464,8349563472]]
[[8349563463,8349563471,8349563473,8349563467],[8349563464,8349563472,8349563463],[8349563474,8349563464],[2297481839,8349563474],[8349563469,2297481839],[8349563467,8349563469]]
[[8349563525,8349563523,8349563517],[5177210328,5177210327,8349563525],[5177210329,5177210328],[5177209896,5177210329],[8349563521,5177209896],[8349563517,8349563521]]
[[8349563526,8349563527,8349563518],[5177210329,5177210328,8349563526],[5177209896,5177210329],[5177210327,5177209896],[8349563525,5177210327],[8349563518,8349563525]]
[[8349563515,8349563522,8349563524,8349563519],[8349563517,8349563521,8349563516,8349563520,8349563515],[8349563525,8349563523,8349563517],[5177210327,8349563525],[8349563527,5177210327],[8349563519,8349563526,8349563527]]
[[8349563518,8349563525,8349563523],[8349563526,8349563527,8349563518],[5177210328,8349563526],[5177210327,5177210328],[5177209896,5177210327],[8349563523,5177209896]]
[[5177210328,5177210327,8349563525],[8349563520,5177210329,5177210328],[8349563521,8349563516,8349563520],[5177209896,8349563521],[8349563523,5177209896],[8349563525,8349563523]]
[[5177210329,5177210328,8349563526],[8349563523,5177209896,5177210329],[8349563525,8349563523],[5177210327,8349563525],[8349563527,5177210327],[8349563526,8349563527]]
[[5141660012,6522251119,5141660011],[8349556550,6647339726,5141660012],[8349556564,8349556550],[8349556565,8349556564],[6647339725,6647339730,6647339729,8349556565],[5141660011,6647339725]]
[[8312048094,2958627103,2958627093,2958627095,8312143684,2427779715,1673428500],[9657680465,9657680436,9657680429,2958627202,9657680425,9657680440,9657680506,9657680508,9657680441,8312048097,9657680432,8312048094],[2958627107,4898987120,2184512073,2958627143,9657680437,9657680465],[9657680502,2958627107],[9657680494,9657680500,9657680449,1673427808,9657680502],[1673428500,9657680491,9657680498,9657680497,9657680495,9657680494]]
[[8312048094,2958627103,2958627093,2958627095,8312143684,2427779715,1673428500],[9657680465,9657680436,9657680429,2958627202,9657680425,9657680440,9657680506,9657680508,9657680441,8312048097,9657680432,8312048094],[2958627107,4898987120,2184512073,2958627143,9657680437,9657680465],[9657680457,9657680502,2958627107],[9657680495,9657680499,9657680475,9657680501,9657680457],[1673428500,9657680491,9657680498,9657680497,9657680495]]
[[2184499121,9629031617,278660436,7782982547,7782982546,7782982567,7782982545,4526092224,278660435,9629031599,7782982544,7782982563,7782982565,7782982559,7782982554,7782982561,5141661810,7782982562,8349563401,278376591],[2184499119,9629031484,2704579470,7264926350,2704579517,9629031523,2184499120,9629031526,4526092254,2704611119,9629031619,2184499121],[2184499060,9629025406,9629025370,9629031482,2184499119],[2184499062,9629031506,6647460205,9629025377,9629025408,2184499060],[2184499026,8349563374,8349563688,2184499034,8349563687,2402273654,2184499044,9629031507,2184499054,2184499062],[278376591,8349563400,2397991660,2402273633,6444510073,8349563695,278660706,2184499026]]
[[2184499121,9629031617,278660436,7782982547,7782982546,7782982567,7782982545,4526092224,278660435,9629031599,7782982544,7782982563,7782982565,7782982559,7782982554,7782982561,5141661810,7782982562,8349563401,278376591],[2184499119,9629031484,2704579470,7264926350,2704579517,9629031523,2184499120,9629031526,4526092254,2704611119,9629031619,2184499121],[2184499051,2184499060,9629025406,9629025370,9629031482,2184499119],[2184499054,9629031505,8312143634,9629025407,2184499051],[2184499026,8349563374,8349563688,2184499034,8349563687,2402273654,2184499044,9629031507,2184499054],[278376591,8349563400,2397991660,2402273633,6444510073,8349563695,278660706,2184499026]]
[[279077745,7256331036,2407737680,5999843992,5999843991,5999843977,1673429672],[2407737679,2407737657,2407737681,2407737704,2184512062,6302207461,2184512063,5999844128,5179677500,279077745],[2407737650,2407737679],[1673430711,1673430709,9657680489,9657680479,9657680480,9657680490,9657680481,9651916806,2407737650],[1673429674,2184512071,2407737643,2184512070,1673430711],[1673429672,4898987825,1673429678,1673429674]]
[[1673428500,9657680491,9657680498,9657680497,9657680495,9657680494,9657680496,1673429677,1673429674],[8312048094,2958627103,2958627093,2958627095,8312143684,2427779715,1673428500],[9657680506,9657680508,9657680441,8312048097,9657680432,8312048094],[9657680502,9657680444,9657680504,9657680506],[2958627107,9657680502],[1673429674,5460780786,2184512072,2958627107]]
[[6407911325,6407911326,4807503683],[6407911330,1944028276,6407911325],[6407911329,6407911330],[4807503675,6407911329],[6407911328,4807503675],[4807503683,6407911328]]
[[4807503680,6407911325,6407911326,4807503683],[4807503681,6407911327,4807503680],[6407911330,4807503681],[1944028276,6407911330],[6407911328,4807503675,1944028276],[4807503683,6407911328]]
[[4807503683,6407911328,4807503682],[4807503680,6407911325,6407911326,4807503683],[6407911327,4807503680],[1944028276,6407911327],[6407911330,1944028276],[4807503682,6407911329,6407911330]]
[[4807503682,6407911329,6407911330,4807503681],[4807503683,6407911328,4807503682],[6407911325,6407911326,4807503683],[1944028276,6407911325],[6407911327,1944028276],[4807503681,6407911327]]
[[6407911329,6407911330,4807503681],[6407911326,4807503675,6407911329],[6407911325,6407911326],[1944028276,6407911325],[6407911327,1944028276],[4807503681,6407911327]]
[[4807503681,6407911327,4807503680],[6407911329,6407911330,4807503681],[4807503675,6407911329],[1944028276,4807503675],[6407911325,1944028276],[4807503680,6407911325]]
[[1236299461,9663375801,1236299462,1236299456,1236299525],[9663375804,9663375820,9663375822,1236299380,5249953046,9663375803,2698123231,5179092316,9663375827,9663375826,1236299461],[2698123243,9663375823,9663375808,9663375804],[2698123239,2698123243],[2698123264,2698123239],[1236299525,2698123264]]
[[9663375801,1236299462,1236299456,1236299525],[9663375808,9663375819,9663375821,9663375795,9663375796,9663375797,9663375810,9663375798,9663375802,9663375799,9663375825,9663375801],[2698123243,9663375823,9663375808],[2698123239,2698123243],[2698123264,2698123239],[1236299525,2698123264]]
[[1236299353,2958642335,1236299482,1236299575,2958627113,1236299556,1236299517],[1236299542,5999844828,2397987729,2397989540,1236299353],[1236299539,1236299288,5179696310,1236299542],[1236299514,1236299539],[1236299328,1236299567,2958627173,1236299346,1236299514],[1236299517,1236299328]]
[[1236299353,2958642335,1236299482,1236299575,2958627113,1236299556,1236299517],[5178935406,1236299542,5999844828,2397987729,2397989540,1236299353],[5178935405,5178935406],[1236299386,8909590508,1236299288,5178935405],[1236299328,1236299567,2958627173,1236299346,1236299514,1236299386],[1236299517,1236299328]]
[[1236299353,2958642335,1236299482,1236299575,2958627113,1236299556,1236299517],[1236299542,5999844828,2397987729,2397989540,1236299353],[1236299288,5179696310,1236299542],[1236299386,8909590508,1236299288],[1236299328,1236299567,2958627173,1236299346,1236299514,1236299386],[1236299517,1236299328]]
[[1236299328,1236299517],[1236299391,1236299551,1236299328],[2958642240,1236299391],[2958642291,2958642310,2958642294,2958642240],[1236299488,2958642291],[1236299517,1236299488]]
[[1236299338,1236299510],[1236299488,1236299500,1236299338],[2958642291,1236299488],[2958642240,2958642294,2958642310,2958642291],[1236299391,2958642240],[1236299510,1236299391]]
[[1236299517,1236299488,1236299500],[1236299328,1236299517],[1236299551,1236299328],[2958642291,1236299551],[2958642240,2958642294,2958642310,2958642291],[1236299500,2958642240]]
[[1236299390,5184276703,1236299556,1236299567],[2397987761,5184276307,2958627126,1236299390],[1236299353,1236299516,2397987761],[1236299482,2958642335,1236299353],[1236299386,1236299482],[1236299567,2958627173,1236299346,1236299514,1236299386]]
[[1236299353,2958642335,1236299482,1236299575,2958627113,1236299556],[1236299542,5999844828,2397987729,2397989540,1236299353],[1236299539,1236299288,5179696310,1236299542],[1236299514,1236299539],[1236299567,2958627173,1236299346,1236299514],[1236299556,1236299567]]
[[1236299353,2958642335,1236299482,1236299575,2958627113,1236299556],[5178935406,1236299542,5999844828,2397987729,2397989540,1236299353],[5178935405,5178935406],[1236299386,8909590508,1236299288,5178935405],[1236299567,2958627173,1236299346,1236299514,1236299386],[1236299556,1236299567]]
[[1236299353,2958642335,1236299482,1236299575,2958627113,1236299556],[1236299542,5999844828,2397987729,2397989540,1236299353],[1236299288,5179696310,1236299542],[1236299386,8909590508,1236299288],[1236299567,2958627173,1236299346,1236299514,1236299386],[1236299556,1236299567]]
[[1236299510,1236299391,1236299551],[1236299338,1236299510],[1236299500,1236299338],[2958642240,1236299500],[2958642291,2958642310,2958642294,2958642240],[1236299551,2958642291]]
[[1236299368,1236299488,2958642291,1236299551],[2397987761,5184276307,2958627126,1236299390,8461535661,1236299291,1236299368],[1236299353,1236299516,2397987761],[1236299575,1236299482,2958642335,1236299353],[1236299346,1236299575],[1236299551,1236299328,1236299567,2958627173,1236299346]]
[[8349563640,5815685483,5815685481],[8349563600,8349563639,8349563640],[8349563647,8349563600],[4811663096,8349563647],[5815685479,4811663096],[5815685481,5815685479]]
[[1673430711,2184512070,2407737643,2184512071,1673429674,5460780786,2184512072,2958627107,4898987120,2184512073,2958627143,9657680437,9657680465],[1673430710,2407737650,9651916806,9657680481,9657680490,9657680480,9657680479,9657680489,1673430709,1673430711],[2427779715,1673428500,2701105284,1673430710],[9657680501,2427779715],[9657680508,9657680503,9657680474,9657680457,9657680501],[9657680465,9657680436,9657680429,2958627202,9657680425,9657680440,9657680506,9657680508]]
[[1673430711,2184512070,2407737643,2184512071,1673429674,5460780786,2184512072,2958627107,4898987120,2184512073,2958627143,9657680437,9657680465],[1673430710,2407737650,9651916806,9657680481,9657680490,9657680480,9657680479,9657680489,1673430709,1673430711],[1673428500,2701105284,1673430710],[9657680495,9657680497,9657680498,9657680491,1673428500],[9657680508,9657680503,9657680474,9657680457,9657680501,9657680475,9657680499,9657680495],[9657680465,9657680436,9657680429,2958627202,9657680425,9657680440,9657680506,9657680508]]
[[1673430711,2184512070,2407737643,2184512071,1673429674,5460780786,2184512072,2958627107,4898987120,2184512073,2958627143,9657680437,9657680465],[1673430710,2407737650,9651916806,9657680481,9657680490,9657680480,9657680479,9657680489,1673430709,1673430711],[2427779715,1673428500,2701105284,1673430710],[1673427808,9657680501,2427779715],[9657680506,9657680504,9657680444,9657680502,1673427808],[9657680465,9657680436,9657680429,2958627202,9657680425,9657680440,9657680506]]
[[9629031478,9629031483,9629031479],[9629031477,9629031481,9629031478],[9629031482,9629031477],[2184499119,9629031482],[9629031484,2184499119],[9629031479,9629031484]]
[[9629031477,9629031481,9629031478],[9629031480,9629031482,9629031477],[9629031484,9629031480],[2184499119,9629031484],[9629031483,2184499119],[9629031478,9629031483]]
[[9629031480,9629031482,9629031477],[9629031479,9629031484,9629031480],[9629031483,9629031479],[2184499119,9629031483],[9629031481,2184499119],[9629031477,9629031481]]
[[2184499120,9629031524,2704586014,4526092210,9629031508,2184499062,2184499054,9629031507,2184499044,2402273654,8349563687,2184499034],[2184499118,9629031475,9629031518,9629031653,9629031481,2184499119,9629031484,2704579470,7264926350,2704579517,9629031523,2184499120],[2184499056,9629031445,2297443549,2297443522,9629031442,9629031446,9629031444,9629031443,2184499118],[2184499060,9629025404,9629025375,8312048108,6444510057,8312143632,2184499056],[2184499029,8349563304,2184499037,7501209744,7501209743,2184499043,8349563124,2297455707,2402275847,2184499046,8312143633,9629025405,2184499051,2184499060],[2184499034,8349563345,2428805618,2184499033,2402275856,2184499032,8349563142,8349563141,8349563306,2184499029]]
[[9629031479,9629031484,9629031480],[9629031478,9629031483,9629031479],[9629031481,9629031478],[2184499119,9629031481],[9629031482,2184499119],[9629031480,9629031482]]
[[9629031504,9629031510,9629031509],[9629031501,9629031508,9629031504],[9629031506,9629031501],[2184499062,9629031506],[2184499054,2184499062],[9629031509,2184499054]]
[[9629031509,2184499054,9629031505],[9629031504,9629031510,9629031509],[9629031508,9629031504],[2184499062,9629031508],[9629031506,2184499062],[9629031505,9629031506]]
[[9629031510,9629031509,9629031591,9629031503],[9629031506,2184499062,9629031510],[9629031505,9629031506],[2184499054,9629031505],[9629031507,2184499054],[9629031503,9629031507]]
[[9629031506,2184499062,9629031510],[9629031502,9629031505,9629031506],[9629031507,9629031502],[2184499054,9629031507],[9629031509,2184499054],[9629031510,9629031509]]
[[2184499119,9629031484,2704579470,7264926350,2704579517,9629031523,2184499120,9629031526,4526092254,2704611119,9629031619,2184499121],[2184499029,8349563304,2184499037,7501209744,7501209743,2184499043,8349563124,2297455707,2402275847,2184499046,8312143633,9629025405,2184499051,2184499060,9629025406,9629025370,9629031482,2184499119],[2184499034,8349563345,2428805618,2184499033,2402275856,2184499032,8349563142,8349563141,8349563306,2184499029],[2184499062,2184499054,9629031507,2184499044,2402273654,8349563687,2184499034],[7782982563,9629031598,2184499073,2184499072,6444510065,2184499069,6444510066,2184499065,7782982570,6444510058,2184499064,6444510059,9629031510,2184499062],[2184499121,9629031617,278660436,7782982547,7782982546,7782982567,7782982545,4526092224,278660435,9629031599,7782982544,7782982563]]
[[2184499119,9629031484,2704579470,7264926350,2704579517,9629031523,2184499120,9629031526,4526092254,2704611119,9629031619,2184499121],[2184499029,8349563304,2184499037,7501209744,7501209743,2184499043,8349563124,2297455707,2402275847,2184499046,8312143633,9629025405,2184499051,2184499060,9629025406,9629025370,9629031482,2184499119],[2184499034,8349563345,2428805618,2184499033,2402275856,2184499032,8349563142,8349563141,8349563306,2184499029],[2184499054,9629031507,2184499044,2402273654,8349563687,2184499034],[7782982565,9629031597,6444510062,2184499071,2184499068,6444510063,6444510064,2184499066,2184499063,6444510061,2184499055,6444510060,9629031509,2184499054],[2184499121,9629031617,278660436,7782982547,7782982546,7782982567,7782982545,4526092224,278660435,9629031599,7782982544,7782982563,7782982565]]
