[0, 2698, 9973, 878]
[2, 3886, 5442, 2061]
[3, 3211, 1621, 1995]
[6, 5567, 8565, 878]
[7, 3211, 1621, 1995]
[8, 3961, 3977, 651]
[9, 3211, 1621, 671]
[13, 2698, 9973, 878]
[15, 3211, 1621, 1995]
[17, 5567, 8565, 878]
[18, 828, 8399, 1261]
[19, 4903, 10116, 592]
[22, 9802, 274, 517]
[23, 3997, 5097, 506]
[24, 7549, 1967, 1709]
[25, 9802, 274, 517]
[26, 8870, 10940, 481]
[27, 3997, 5097, 506]
[28, 7543, 1967, 1709]
[32, 2489, 10940, 533]
[34, 10624, 2935, 1900]
[38, 8870, 10940, 481]
[39, 10563, 2935, 1900]
[42, 1393, 10940, 481]
[43, 4162, 10087, 1900]
[44, 7979, 4297, 339]
[45, 2489, 10940, 510]
[47, 10624, 2935, 1900]
[49, 2489, 10940, 1448]
[51, 3567, 4108, 1201]
[53, 1393, 10940, 481]
[56, 5493, 4132, 1201]
[58, 3954, 900, 1156]
[61, 5493, 4132, 1201]
[65, 5481, 4132, 1208]
[66, 3954, 900, 1156]
[69, 3516, 4132, 1255]
[70, 2529, 10940, 1398]
[71, 3954, 5269, 2148]
[73, 5567, 8565, 878]
[74, 2529, 10940, 1398]
[76, 5567, 8565, 878]
[77, 2529, 10940, 1398]
[78, 3954, 5269, 2148]
[79, 5567, 8565, 878]
[81, 2529, 10940, 1398]
[82, 7423, 4984, 1807]
[83, 5567, 8565, 878]
[88, 4845, 3109, 1709]
[93, 4845, 3109, 1709]
[96, 4845, 3109, 1709]
[99, 4845, 3109, 1709]
[100, 4845, 3109, 1709]
[102, 3161, 8565, 1221]
[103, 4845, 3109, 1709]
[105, 10624, 2935, 917]
[107, 10563, 2935, 917]
[109, 8340, 2935, 923]
[111, 3127, 8265, 1221]
[112, 10624, 2935, 917]
[114, 3100, 8265, 1221]
[115, 10563, 2935, 917]
[116, 3103, 8565, 1221]
[117, 1813, 4132, 1255]
[120, 1813, 4132, 1255]
[123, 1805, 4132, 1263]
[126, 3516, 4132, 1201]
[138, 9596, 2861, 239]
[140, 9619, 2861, 214]
[142, 9596, 2861, 239]
[143, 7376, 4183, 260]
[144, 4608, 4185, 1240]
[145, 7380, 4183, 260]
[146, 9952, 4185, 1240]
[147, 759, 10940, 260]
[148, 1297, 4108, 1208]
[149, 7367, 2852, 260]
[150, 1282, 4108, 1208]
[151, 2137, 12388, 1735]
[152, 2150, 2852, 260]
[153, 3516, 12097, 251]
[154, 7979, 4297, 1195]
[155, 3330, 4185, 251]
[156, 2137, 12388, 502]
[157, 2137, 12388, 502]
[158, 3367, 4185, 254]
[160, 3367, 4185, 254]
[162, 3330, 4185, 251]
[163, 3367, 4185, 254]
[164, 2489, 10940, 533]
[166, 4903, 10116, 592]
[167, 4024, 5131, 506]
[168, 3997, 5097, 506]
[169, 787, 10940, 260]
[170, 734, 10940, 260]
[171, 787, 10940, 260]
[186, 3083, 8565, 1221]
[188, 3100, 8265, 1221]
[189, 3127, 8265, 1221]
[190, 3211, 1621, 671]
[191, 1615, 4132, 671]
[192, 1842, 4132, 671]
[193, 3211, 1621, 671]
[194, 3211, 1621, 1995]
[195, 1842, 4132, 1995]
[196, 3211, 1621, 671]
[197, 9469, 1707, 254]
[198, 1615, 4132, 1995]
[200, 3516, 4132, 1201]
[202, 807, 12117, 1377]
[204, 5350, 7712, 2085]
[205, 9469, 1707, 254]
[206, 807, 12117, 1389]
[207, 5350, 7712, 2085]
[208, 5493, 4132, 1201]
[209, 807, 12117, 1377]
[211, 5350, 7712, 1920]
[212, 807, 12117, 1389]
[213, 5493, 4132, 1201]
[215, 4976, 324, 575]
[216, 3567, 4108, 1201]
[217, 4976, 324, 1909]
[219, 9469, 1707, 254]
[220, 4976, 324, 1920]
[221, 9469, 1707, 254]
[224, 9469, 1707, 251]
[230, 3150, 9108, 1771]
[231, 2497, 10940, 2071]
[233, 3150, 9108, 1771]
[234, 2497, 10940, 2071]
[236, 9520, 2118, 1261]
[237, 522, 10940, 988]
[238, 544, 1571, 1709]
[240, 490, 10940, 988]
[241, 6052, 6514, 1900]
[244, 6052, 6514, 1900]
[246, 6043, 11267, 1823]
[250, 4845, 3109, 1709]
[252, 4845, 3109, 1709]
[254, 4845, 3109, 1709]
[256, 8870, 10940, 526]
[261, 5350, 7712, 2085]
[263, 4845, 3109, 1709]
[264, 5350, 7712, 1920]
[266, 4845, 3109, 1709]
[268, 5350, 7712, 1920]
[269, 4845, 3109, 1709]
[271, 5350, 7712, 1920]
[273, 5567, 8565, 878]
[274, 5567, 8565, 878]
[276, 5567, 8565, 878]
[277, 4976, 324, 1895]
[279, 4976, 324, 575]
[280, 1434, 10940, 481]
[281, 2494, 892, 1173]
[282, 4976, 324, 1909]
[283, 2489, 10940, 533]
[284, 2494, 892, 1173]
[285, 1407, 10940, 481]
[286, 2417, 10940, 771]
[287, 7367, 2852, 260]
[288, 2417, 10940, 771]
[289, 7380, 4183, 260]
[290, 10291, 10940, 771]
[291, 2417, 10940, 771]
[292, 759, 10940, 260]
[294, 7367, 2852, 260]
[295, 2529, 10940, 1398]
[296, 2529, 10940, 1398]
[298, 2529, 10940, 1398]
[300, 2529, 10940, 1398]
[301, 6987, 900, 1143]
[302, 1813, 4132, 1255]
[303, 7088, 900, 1005]
[304, 1813, 4132, 1255]
[305, 3516, 4132, 1201]
[307, 3516, 4132, 1201]
[308, 6191, 900, 1143]
[309, 1805, 4132, 1255]
[310, 2489, 10940, 533]
[311, 1805, 4132, 1267]
[312, 2489, 10940, 533]
[313, 3516, 4132, 1201]
[314, 3516, 4132, 1201]
[316, 5407, 3299, 2064]
[320, 9077, 2743, 2025]
[321, 9071, 2743, 2047]
[324, 807, 12117, 1377]
[326, 807, 12117, 1389]
[328, 807, 12117, 1377]
[330, 3211, 2861, 261]
[331, 807, 12117, 1389]
[332, 3211, 2861, 261]
[337, 7979, 4297, 339]
[338, 7979, 4297, 339]
[339, 7186, 8565, 1925]
[340, 7186, 8565, 1925]
[341, 7186, 8565, 1925]
[342, 7186, 8565, 1925]
[343, 3140, 1231, 1474]
[346, 3954, 900, 1156]
[347, 3954, 900, 1156]
[349, 3211, 1621, 671]
[350, 3211, 1621, 671]
[351, 3211, 1621, 671]
[352, 3211, 1621, 1988]
[353, 1813, 4132, 1255]
[354, 1813, 4132, 1255]
[355, 3516, 4132, 1201]
[356, 3516, 4132, 1201]
[357, 10563, 2935, 917]
[358, 10563, 2935, 917]
[359, 10563, 2935, 917]
[360, 10563, 2935, 917]
[361, 2072, 8465, 2120]
[362, 2072, 8465, 2120]
[363, 2072, 8465, 2120]
[364, 2072, 8465, 2120]
[365, 2072, 8465, 2120]
[366, 2072, 8465, 2120]
[367, 2072, 8465, 2120]
[370, 5097, 10940, 2071]
[371, 611, 10940, 2071]
[372, 2497, 10940, 2071]
[373, 2497, 10940, 2071]
[374, 3961, 3977, 651]
[375, 3886, 5442, 2061]
[376, 8227, 10940, 771]
[377, 2529, 10940, 1554]
[378, 8227, 10940, 771]
[379, 9077, 2743, 2025]
[380, 9071, 2743, 2025]
[385, 5493, 1707, 251]
[386, 3509, 1707, 254]
[387, 3516, 1707, 1201]
[388, 1282, 4108, 254]
[389, 1282, 4108, 254]
[390, 3516, 1707, 1201]
[391, 5493, 1707, 251]
[392, 3567, 4108, 254]
[393, 1282, 4108, 254]
[394, 7411, 4108, 1352]
[395, 7411, 4108, 1339]
